7.761415365452499771e+00 1.420133087520406880e-02
-3.923108669571536478e+00 6.238396210018719756e+01
5.344385539464317603e+00 2.338546005869266906e-02
6.547946060530512646e+00 1.456103393875445365e-02
7.761415365452499771e+00 1.420133087520406880e-02
6.650939819333969716e+00 1.426098273936681968e-02
3.981984752481651402e+00 4.199520909402985197e-02
4.372955395442556181e+00 3.317081699478424683e-02
4.546557275378019014e+00 3.269034302140131493e-02
4.875039988415778680e+00 3.268846790968060745e-02
5.170942354322318302e+00 2.386593403207560096e-02
4.875039988415778680e+00 3.268846790968060745e-02
-3.833145097201125395e+00 5.012455051605049761e+01
-3.822443445230236048e+00 4.821810438095788243e+01
-3.839907455340906939e+00 5.133512833479835535e+01
3.371738496749858260e+00 5.178053248367084360e-02
3.534988078524264665e+00 5.139926559288097302e-02
-2.898296837443766538e+00 2.497045627468975582e+01
3.723920940912501809e+00 5.133385491718337607e-02
-3.814281937397248079e+00 4.731052304080936466e+01
3.173972580347110384e+00 6.067221386839677377e-02
-2.458404492910143180e+00 1.278275839774148714e+01
-3.814217827286046525e+00 4.645596214236581289e+01
-2.803829821181994753e+00 2.165977818815508016e+01
2.878560159286282172e+00 6.994534624825013425e-02
-3.532324263084001714e+00 3.937668489284806128e+01
-3.820738717133529860e+00 4.749328444758823764e+01
-3.825466073054291982e+00 4.891001766251175553e+01
-3.805565033987801993e+00 4.564777039671395897e+01
-3.532967517350300568e+00 4.011940879573683816e+01
-3.849361525602647660e+00 5.339034615887227631e+01
-2.900818414595561112e+00 2.565189511168208725e+01
-3.678409799008489856e+00 4.258957727274403027e+01
3.017350306692314632e+00 6.108536547072559997e-02
-3.902196119949678632e+00 6.015398519402472033e+01
-3.895451863854692220e+00 5.940679127662495063e+01
2.616890932057934105e+00 7.928183143243289210e-02
-1.177266923802349208e+00 1.359963881008248610e+00
-2.808851962932929158e+00 2.240080824763975187e+01
1.102480573892812732e+00 1.712415852083981616e-01
-2.721897996763742444e+00 1.917382411888123173e+01
-3.830536140907755183e+00 4.994305274105621351e+01
-2.633873150525419149e+00 1.699579901287221517e+01
-3.004912992703859143e+00 2.791208816483678845e+01
-2.453143266574068004e+00 1.224899907757613171e+01
1.886132199371084894e+00 1.075637422750705674e-01
-2.949126969909354301e+00 2.667446148527427141e+01
6.312091220636387168e-02 3.547545769157748885e-01
-3.438761451971009020e+00 3.873674036336723248e+01
-3.368509477408275998e+00 3.688444697221817137e+01
-3.863738384365311695e+00 5.548894359525910147e+01
-3.058201371273888025e+00 2.943424229253274405e+01
-3.808096565258538568e+00 4.621563908963184275e+01
-3.506011079029928812e+00 3.929389518505232104e+01
3.858417502790394860e+00 4.232393674191803346e-02
-2.678939089344946289e+00 1.808483352566916125e+01
3.932433167819414876e+00 4.217145397993263961e-02
-2.513277690245103724e-01 4.751328169505689702e-01
-3.848813901554811956e+00 5.273496233687706081e+01
-3.692907021122009414e+00 4.299808723721221071e+01
-3.225791397723716258e-01 4.857172471125980606e-01
-1.120173425226300257e+00 1.285358485891366920e+00
-2.568994800610730600e+00 1.515977942718128091e+01
-2.556516931475907750e+00 1.479590768991980454e+01
1.037029065908652514e+00 1.712751561514162524e-01
-3.797689059038762416e+00 4.536447055064532918e+01
-3.763088211481594225e+00 4.444748333462141687e+01
-3.950008823968482324e-02 3.802840323577159620e-01
-3.873002794839366825e+00 5.737723545261852820e+01
-3.872198528123936612e+00 5.702694494691804294e+01
-3.869086686888851379e+00 5.642287770864431451e+01
-2.890920102809270809e+00 2.459349265967914988e+01
3.421971926762734206e+00 5.162878615817609318e-02
-3.760459398614218074e+00 4.385227750220037279e+01
-3.724692159170211347e+00 4.326000179464104889e+01
3.486470775913054432e+00 5.147630339619068546e-02
-3.860117219189566296e+00 5.501734476445167132e+01
-3.890036384607801878e+00 5.914536307026938289e+01
-3.621935492342901242e+00 4.079856343686756759e+01
-3.121228303219605760e+00 3.113877702766920663e+01
-3.358609095928404731e+00 3.655040345667873680e+01
1.324277036466611657e+00 1.493396715530301289e-01
-3.674399264613124050e+00 4.202239288397253603e+01
-2.981417219110877870e+00 2.732317840931896669e+01
1.513018418881336424e-01 3.395781265120036418e-01
-2.962793723361119014e+00 2.692898675395604258e+01
1.982213993022304832e+00 1.073865248576094666e-01
2.763535255550718731e-02 3.620311492140453336e-01
-3.429079906100620967e+00 3.801398539309020919e+01
-1.862185303430949457e+00 4.180395135811886043e+00
-3.830091640743731318e+00 4.941801045942580828e+01
-2.594647327343034160e+00 1.553796641688587776e+01
-3.433831671582684653e+00 3.843345782237381769e+01
-2.307172536782735595e+00 9.552258667895006994e+00
-1.432091984129256312e+00 2.085731850899345208e+00
-1.271574418566375320e+00 1.638980803612573700e+00
-2.698132721506626641e+00 1.892621791927826891e+01
-2.072172339279707565e+00 6.269503197895978985e+00
-2.093708568568904305e+00 6.543306186098850397e+00
-3.868202210277636777e+00 5.613171073731744798e+01
-2.662316815956083271e+00 1.783720703752371506e+01
-3.162770785957766062e+00 3.230948784692456144e+01
-3.623801887263198296e+00 4.128046429405822693e+01
-2.637803746063165367e+00 1.723498976717271347e+01
2.718861496243862863e+00 7.039018224946748392e-02
-6.661347521693317120e-01 7.028557606393566193e-01
-3.226203028725447730e+00 3.361942244617148390e+01
-3.172538046281709434e+00 3.252774592503066486e+01
1.784605623457846457e+00 1.166858912155962352e-01
1.177308499726889890e+00 1.649648972552837933e-01
-2.165301763014564340e+00 7.191626128504490012e+00
-2.174969340919226113e+00 7.572302210826633129e+00
-3.726844758414407099e+00 4.342390808474953445e+01
-2.627265455644848036e+00 1.657065498751460808e+01
-3.143039467620732275e+00 3.158566532528232429e+01
-1.531542274587021080e+00 2.533475009077282625e+00
4.409048637443514274e+00 3.309034108125574747e-02
-3.036664100156910795e+00 2.907341767174033009e+01
-2.299565666881995707e+00 9.232520997038399457e+00
-3.288406526542036801e+00 3.504392097099321290e+01
-3.093489950787319032e+00 3.042200770513169061e+01
-1.625801719540657775e+00 2.797004868911124209e+00
-2.393809311555967767e+00 1.114110106658066712e+01
-2.762052600292535409e+00 2.064544660157562816e+01
-3.919960866060622884e+00 6.206445061952068443e+01
-3.844858025063775830e+00 5.221768696298736501e+01
-2.318194688813376647e+00 9.699956993141128692e+00
-2.736597211128229290e+00 1.984473536576996011e+01
1.697702612669334421e+00 1.169109387816530260e-01
-2.743551219252426954e+00 2.002624009920515036e+01
-3.217953972121219142e+00 3.338900589751136749e+01
-2.601429584760470259e+00 1.591961542316760969e+01
-2.853804654058660351e+00 2.322633683777142011e+01
-3.081660207992272138e+00 2.983042772745495341e+01
3.373889941268210513e-01 2.792908348993459744e-01
6.080182244119991530e-01 2.297317619465313321e-01
-3.023310958967496020e+00 2.871031503704654142e+01
-2.542986328141702668e+00 1.444661590193949507e+01
-2.637930223532772622e+00 1.752743203156870422e+01
-4.839458385418165531e-01 6.015744237421384311e-01
3.770745657345022650e-01 2.668567038956016768e-01
1.615135327773822738e+00 1.274837681782180765e-01
-3.403977060666318888e+00 3.698770661531758464e+01
-3.907984860216070278e+00 6.079301034311114904e+01
-5.303964172278402556e-01 6.229262875357343132e-01
-3.908686268661503149e+00 6.109078601315997759e+01
-2.320440546859090514e+00 1.001313075247686513e+01
-3.905089092839240550e+00 6.060490845951564154e+01
-2.438674218170483687e+00 1.195078114858955942e+01
-1.230232399456536285e+00 1.467810549490226268e+00
-2.350373302219806781e+00 1.050093650948540613e+01
-3.855779208832399885e+00 5.373151130823387689e+01
-2.973114883684653265e+00 2.712608551637653065e+01
-6.994480586766845809e-01 7.633275418053673267e-01
-3.542062229215722446e+00 4.022768803104136026e+01
-3.862237839622837843e+00 5.522032663340492320e+01
-2.477245500312782678e+00 1.317271613073358338e+01
-6.162820931146294479e-01 6.541930588032541793e-01
-3.828313891991491857e+00 4.909849020521139806e+01
-2.934118051175654607e+00 2.638346711988644344e+01
-3.255818741662461768e+00 3.419584577047807983e+01
-3.679210620502939122e+00 4.284474518831688528e+01
-1.731502569789971746e+00 3.442090732285118637e+00
-3.316788103651267861e+00 3.552450874978944029e+01
-2.879037273804582853e+00 2.445446380232469252e+01
-1.905017601327649857e+00 4.611069883344164566e+00
-3.770186748655297571e+00 4.507104426672866282e+01
-8.981782630057949524e-01 9.914003116960499185e-01
2.247357694862814337e-01 3.127654560403204664e-01
-3.184453512069201242e+00 3.274549761900766498e+01
-3.628963134158318393e+00 4.159553592839076686e+01
-2.829768835775653635e+00 2.289093191767033630e+01
-2.777540100061686168e+00 2.093376225540203350e+01
-3.505246950263839256e+00 3.885602354324009866e+01
-1.666979421363295133e+00 2.940314201207070877e+00
-3.410282237570785746e+00 3.732145594871481364e+01
-2.871257800056992160e+00 2.394340145279731047e+01
-3.012219126034197281e+00 2.832162677639996318e+01
-2.344148606041531746e+00 1.032066454699832825e+01
-2.878072159984581102e+00 2.417765328402003178e+01
-3.903626452859523699e+00 6.031374156366771189e+01
-3.228940169678045091e+00 3.388342210061637871e+01
-3.912447620802166792e+00 6.127227862920926071e+01
-3.295161079467799681e+00 3.534786004462263520e+01
-2.270841388815533879e+00 8.804060651947830607e+00
-3.544202718900535398e+00 4.055072667257526575e+01
-3.417999982008687265e+00 3.759814934589788749e+01
6.915588098265529338e-01 2.173757140377673980e-01
-2.525820024959467780e+00 1.423618353449103680e+01
-1.690335364365413318e+00 3.062275487305224253e+00
-3.240504922387431819e+00 3.400855910087878442e+01
1.465119395619342235e+00 1.387371376738996964e-01
-4.158644509473381490e-01 5.508084280060672189e-01
-3.100176048962347775e+00 3.059419500974694017e+01
1.685346685708547732e+00 1.169491933101424047e-01
-2.157741397613544443e+00 7.116501915759037011e+00
-2.684400335689380412e+00 1.838172350517931619e+01
-2.232481533671153429e+00 8.279527080381569704e+00
-2.403441416507305917e+00 1.138351156831047106e+01
2.842627213711728662e-01 2.927922049690396267e-01
-2.989266158736099577e+00 2.762649283184800098e+01
8.352372021551814907e-01 1.924363248516086089e-01
9.186467286761897943e-01 1.920860682251437634e-01
-1.318507624688140201e+00 1.671924857813502197e+00
-3.336078337809187389e+00 3.646543636256066634e+01
-3.332308719549239129e+00 3.604227632577210727e+01
-3.884282667919110033e+00 5.842651521298492412e+01
-3.505246950263839256e+00 3.885602354324009866e+01
-3.884667683632295088e+00 5.857776326902253317e+01
-1.998071346720144081e+00 5.412947380923112561e+00
-3.778901261185451776e+00 4.515793544578521335e+01
1.203028999078214145e+00 1.599144012526721170e-01
-2.654836446081524581e+00 1.765570133865047708e+01
-3.152984873056499104e+00 3.181531749119623953e+01
-1.963429638443901837e+00 5.032815796685849108e+00
-1.363925516914572533e+00 1.773620030625091770e+00
-2.728340093406748323e+00 1.949478032296349284e+01
-8.559722569362260280e-01 8.910384153385175754e-01
-2.326781714463353357e+00 1.015718959479932160e+01
4.519468886171538746e-01 2.545074580688411192e-01
-3.873481937101007411e+00 5.768207786956108407e+01
-2.684600590640796813e+00 1.850551506694493042e+01
-1.834033811971217176e+00 3.928881630441238393e+00
-3.266834523636357179e+00 3.435405503861804277e+01
-1.682228515457073748e-01 4.470796484490519029e-01
-3.016984414858828512e+00 2.866154385752224343e+01
-1.296094298073023343e-01 4.297491518218212181e-01
-3.882721264966750407e+00 5.814499748465993889e+01
-2.869126180129812465e+00 2.356748496618880750e+01
-2.551322970955274716e+00 1.461440955188682622e+01
2.134346653571315144e+00 9.807174582144574659e-02
-1.765039916615929849e+00 3.504062998640538495e+00
2.324572039012956726e+00 8.877091384267379870e-02
-1.390085066776140632e+00 2.004621148660433505e+00
1.396320130189538489e+00 1.489233632773752647e-01
3.067625919285340341e+00 6.093361914523084955e-02
-2.239607801281339405e+00 8.459579427977688582e+00
-2.000974329324622936e+00 5.547549620412958404e+00
-1.463379321321684801e+00 2.179437498735845580e+00
1.536090255378356861e+00 1.383486005003445596e-01
-4.415125762293453660e-01 5.719582169018218032e-01
-1.935161515391870868e+00 4.854526358179051648e+00
-2.502365448596083120e+00 1.402522656486408437e+01
5.208249212703051967e+00 2.375180495099900313e-02
2.069037582433790767e+00 9.825874989055595476e-02
-2.221775570030649405e+00 8.103971184110854153e+00
4.283137657261104070e-01 2.545566860519397623e-01
2.057220334184383770e+00 9.875806043190946126e-02
-1.525391106217169890e+00 2.390918898791358771e+00
-3.108594262875407743e+00 3.084880410966150777e+01
-2.500762560942465296e+00 1.367020675412874731e+01
1.993584059924212504e+00 1.073823469695169425e-01
-1.780986116606846581e+00 3.599259373459773759e+00
-3.843932666678136378e+00 5.193616703710009119e+01
-2.744639252256280582e+00 2.042250125665951543e+01
-7.899954729422427047e-01 8.155406993596273635e-01
-2.126579560627425813e+00 6.734026930127419597e+00
7.540965337104171828e-01 2.156364860698021801e-01
-2.277026529278900036e+00 9.055612959260779249e+00
-2.744382092287712460e+00 2.033255974835778801e+01
-1.853721135996238445e+00 3.986793525052917175e+00
-3.864057514160530893e+00 5.588851989500210493e+01
-2.412635720362296343e+00 1.148848009648556356e+01
1.592621936248068248e+00 1.282051214923538296e-01
-1.581982162238876555e+00 2.633158896579853359e+00
-3.670308849908368032e+00 4.185241211984057230e+01
-2.362849167417182095e+00 1.072000274139231912e+01
-1.239577752740297356e+00 1.528022380635138289e+00
-3.882087249108976401e+00 5.801473945794219134e+01
-1.714828265638372207e+00 3.286199961773432321e+00
-3.858150080014501881e+00 5.463925182955340176e+01
-2.869126180129812465e+00 2.356748496618880750e+01
-2.607869331140064251e+00 1.599141848559081325e+01
-1.806212049659985386e+00 3.812864672262612942e+00
3.738387804916944113e+00 5.129821694501778689e-02
3.808227244335588235e+00 4.247568306741278388e-02
-3.881981305289395667e+00 5.775763302705229307e+01
4.532102920902418397e+00 3.272598099356690410e-02
5.329944808938834377e+00 2.342109803085825823e-02
-2.445245416118454695e+00 1.214043128966293317e+01
-3.854760919912109340e+00 5.357175276108610262e+01
-2.379428676573958512e+00 1.097725207903170563e+01
-3.199746763984625986e+00 3.297250270347230838e+01
2.833760072245175010e+00 7.008595316198731884e-02
-3.915334663858978548e+00 6.158518298946893310e+01
8.331065067762608578e-01 1.955996178721003398e-01
7.656105834628423867e-01 2.068374124673517112e-01
-3.747816602129701025e+00 4.368342517529026026e+01
-9.864548337392123889e-01 1.076731410901133446e+00
-2.768801226435432916e+00 2.082695093232122119e+01
5.274030804933626193e+00 2.356588283268796699e-02
-3.054756505395788579e+00 2.929875189592963380e+01
-1.375675737438521118e+00 1.966204613028714521e+00
9.734636168389685373e-01 1.824053418980743912e-01
-2.990812897034777595e+00 2.771911961996908857e+01
-1.581982162238876555e+00 2.633158896579853359e+00
-3.408485405893241005e+00 3.717673049362546323e+01
5.523732684307053331e-01 2.421349281052716518e-01
-2.109618254043543306e+00 6.630848617238863874e+00
-3.013532089248248447e+00 2.833716286642786031e+01
-2.209938807729366239e+00 7.987763366415896016e+00
-2.501726819115078104e+00 1.379649954540052725e+01
-2.838200455502945196e+00 2.301660408226132049e+01
-2.577091812715744279e+00 1.532757274714327345e+01
-1.644354038246269134e+00 2.834745701954521468e+00
1.285994975057956680e+00 1.500478185005457987e-01
-2.017189571294521588e+00 5.727130206709544424e+00
4.473982129233131211e+00 3.290333701214555318e-02
1.800626592730905084e+00 1.166449642226622396e-01
2.245833760596871898e+00 8.903003804912744401e-02
3.118599863828201979e+00 6.081788548808691325e-02
-2.020150024426119462e+00 5.803814934657557600e+00
2.270670378583914850e+00 8.895374002369148270e-02
-1.697282527071083402e+00 3.235547900901176721e+00
-3.872944126094784778e+00 5.705771834793626596e+01
-1.075845492508071821e+00 1.257449349491215340e+00
-2.612903095384566665e+00 1.624283848866965840e+01
5.260511225319921103e+00 2.360263193752943842e-02
9.857807471604055349e-01 1.811150625957971827e-01
-3.768623271645735073e+00 4.473047160259133648e+01
-1.796225855801925286e+00 3.746468866321964963e+00
-3.424342077779400917e+00 3.770552247285181835e+01
-2.735774701835008038e+00 1.953683348454618240e+01
-1.340994280540434458e+00 1.713836850187165917e+00
-2.482814790454803244e+00 1.346036293032797104e+01
-3.626189098311344949e+00 4.133004718794533972e+01
1.450764956893844992e+00 1.387792451993825338e-01
-2.819355014316399899e+00 2.264122090751139282e+01
-2.920544498608699246e+00 2.612268561599492500e+01
2.589556043203102287e-01 3.069956016760827522e-01
-1.015541650704622878e+00 1.091030307912676856e+00
6.598001567771757614e+00 1.440928761325970496e-02
-3.842976222338734704e+00 5.165464575271421666e+01
-3.840854671507516471e+00 5.149488768135050520e+01
-2.142050835950735976e+00 6.864495294441526951e+00
6.915588098265529338e-01 2.173757140377673980e-01
-3.559435797951147951e+00 4.059856844673412013e+01
-3.429033179293870415e+00 3.788704705609210777e+01
-2.923112193827926752e+00 2.632667346216394932e+01
-1.879126264024796988e+00 4.422226927306436295e+00
-2.250330624404910385e+00 8.603436159323862853e+00
-2.621901154500408282e+00 1.651490198078428406e+01
-3.275281718436894973e+00 3.491503652140905700e+01
-3.857833953414385952e+00 5.405102823240799381e+01
-3.437334814524473980e+00 3.853726403687055324e+01
-1.949348998527354659e+00 4.944442867437214950e+00
-3.912549183364758321e+00 6.153509836816353840e+01
-3.130138116369883594e+00 3.139275098256848651e+01
-3.081660207992272138e+00 2.983042772745495341e+01
-3.092838595188076134e+00 3.009875423010467088e+01
-3.615781207817144516e+00 4.072865234877202312e+01
-1.879126264024796988e+00 4.422226927306436295e+00
-3.092838595188076134e+00 3.009875423010467088e+01
-2.420296096554834353e+00 1.169421749127740462e+01
-3.048151668119186031e+00 2.911721275556179478e+01
-2.784490841319677390e+00 2.121737415726695275e+01
-2.791327959359198640e+00 2.150098474380587277e+01
-2.784490841319677390e+00 2.121737415726695275e+01
-2.617888561212954546e+00 1.628941756582819522e+01
1.745966260609141396e-01 3.374516119911640799e-01
-8.221099211203214407e-01 8.322831922735159926e-01
2.349529604547949013e+00 8.872998684973980310e-02
2.408959099203822340e+00 8.855374196383704322e-02
-2.477245500312782678e+00 1.317271613073358338e+01
-3.328269127772706337e+00 3.578047884276487878e+01
-7.433483220974332895e-01 7.840305011619886910e-01
-6.162820931146294479e-01 6.541930588032541793e-01
2.147957463999001781e+00 9.803499671660427517e-02
-3.764357782823321674e+00 4.446222490450347919e+01
1.540881702683020160e+00 1.289252682726517163e-01
-3.275190854557012088e+00 3.478362736360214313e+01
4.476136978381115128e+00 3.287076579539661286e-02
-2.264250481308170748e+00 8.660001809625375913e+00
5.962741918967970900e-01 2.297809899296299752e-01
-3.197657808585389283e+00 3.287241649265762078e+01
-3.857879474589831048e+00 5.433254987993553442e+01
-3.858150080014501881e+00 5.463925182955340176e+01
-3.885923538968837132e+00 5.885927302727440491e+01
-3.917129857266956172e+00 6.188295700423411461e+01
-2.029444985490372222e+00 6.017078923086997655e+00
-2.059316217816509198e+00 6.164408166246552412e+00
-2.920016403515262038e+00 2.600498499131393260e+01
-1.482480392422224069e+00 2.231169820398446468e+00
-2.484896829694018372e+00 1.347595199159304613e+01
5.069234441433125848e-01 2.434592209362528847e-01
-2.585899120382979088e+00 1.543276993946862241e+01
-2.692608417471384019e+00 1.876586302327904576e+01
9.186467286761897943e-01 1.920860682251437634e-01
-3.128279134233559855e+00 3.133642055892464384e+01
1.401193559777584863e+00 1.395000310496824214e-01
-2.916242362990391079e+00 2.583897242069592792e+01
-3.107283261696034415e+00 3.080275800992020407e+01
1.258783754566310753e+00 1.599125009495951932e-01
-3.676441335435922664e-01 5.109389081974091695e-01
-2.293067433881474937e+00 9.088462154715942987e+00
-2.816459167374998351e+00 2.262057629769470779e+01
-3.869086686888851379e+00 5.642287770864431451e+01
3.173972580347110384e+00 6.067221386839677377e-02
-9.215877496085324028e-01 1.023040889449249313e+00
-3.272236955084278254e+00 3.453557974290556842e+01
-3.846640270755337987e+00 5.245344255637677122e+01
-3.848813901554811956e+00 5.273496233687706081e+01
-2.839118710557334335e+00 2.320455772370232239e+01
-3.295660005725926212e+00 3.546961948223940908e+01
2.192904636102961824e+00 9.789438980286707670e-02
-3.768623271645735073e+00 4.473047160259133648e+01
-1.991437517390187262e+00 5.157525963176289530e+00
-3.895451863854692220e+00 5.940679127662495063e+01
-1.039021723061240188e+00 1.133057107707381883e+00
-3.885923538968837132e+00 5.885927302727440491e+01
-2.198499519901157218e+00 7.864050916191080987e+00
2.780544134535808620e+00 7.023425803588020933e-02
-3.843929690366000518e+00 5.181440498445109455e+01
-3.162469408991225084e+00 3.202495140821735475e+01
-3.829089867034954686e+00 4.938001241406001895e+01
2.808817829322765913e+00 7.012688015492131444e-02
-3.328269127772706337e+00 3.578047884276487878e+01
-3.332308719549239129e+00 3.604227632577210727e+01
6.610964344749365118e+00 1.437188550991084883e-02
-3.857833953414385952e+00 5.405102823240799381e+01
-3.857879474589831048e+00 5.433254987993553442e+01
2.408959099203822340e+00 8.855374196383704322e-02
2.460036353023192568e+00 7.969498303476170442e-02
-3.638726552856589969e+00 4.181712436511634223e+01
-9.333160721191202658e-02 4.225206960771384912e-01
-2.431131999825656198e+00 1.171373483752518752e+01
2.523434778001614642e+00 7.950583460591809093e-02
2.575015056103142186e+00 7.939075394728155322e-02
-1.991437517390187262e+00 5.157525963176289530e+00
-3.636354648053159888e+00 4.175406143746829457e+01
-3.809760593654165639e+00 4.629664981580936001e+01
3.107232556556183578e+00 6.082206337617943742e-02
1.849903933574047921e+00 1.076442181885990529e-01
-2.874226126473687248e+00 2.401164071340202710e+01
-2.906033615926125968e+00 2.577899081399147718e+01
-5.290561691087202201e-01 6.157932480308545564e-01
-2.036318385445244628e-01 4.607577462675984115e-01
3.028720420262258184e+00 6.108118758263307579e-02
3.808227244335588235e+00 4.247568306741278388e-02
6.547946060530512646e+00 1.456103393875445365e-02
