0.000000000000000000e+00 2.351773257654759706e-04 2.110139522177564885e-04 3.266769621116914508e-03 1.025066793005254343e-02 2.377020460513788378e-04
0.000000000000000000e+00 2.948291899282263367e-04 3.804406862462880401e+00 5.852948218011207615e+01 2.715031796724094032e-02 2.262791045507099585e-02
0.000000000000000000e+00 2.948291899282263367e-04 2.110139522177564885e-04 3.086346847121619174e-03 1.955367578104047488e-02 2.395942883845946436e-04
0.000000000000000000e+00 2.948291899282263367e-04 2.110139522177564885e-04 3.566820820504548045e-03 1.025066793005254343e-02 2.377020460513788378e-04
0.000000000000000000e+00 2.351773257654759706e-04 2.110139522177564885e-04 3.266769621116914508e-03 1.025066793005254343e-02 2.377020460513788378e-04
0.000000000000000000e+00 2.948291899282263367e-04 2.110139522177564885e-04 3.266769621116914508e-03 1.025066793005254343e-02 2.377020460513788378e-04
0.000000000000000000e+00 2.948291899282263367e-04 2.110139522177564885e-04 3.086346847121619174e-03 3.815969148301633085e-02 2.433276217459231887e-04
0.000000000000000000e+00 2.948291899282263367e-04 2.110139522177564885e-04 3.566820820504548045e-03 2.885668363202840980e-02 2.414694001053035045e-04
0.000000000000000000e+00 2.948291899282263367e-04 2.110139522177564885e-04 3.086346847121619174e-03 2.885668363202840980e-02 2.414694001053035045e-04
0.000000000000000000e+00 2.948291899282263367e-04 2.110139522177564885e-04 3.086346847121619174e-03 1.955367578104047488e-02 9.542602139372528131e-03
0.000000000000000000e+00 2.948291899282263367e-04 2.110139522177564885e-04 3.566820820504548045e-03 1.955367578104047488e-02 2.395942883845946436e-04
0.000000000000000000e+00 2.948291899282263367e-04 2.110139522177564885e-04 3.086346847121619174e-03 1.955367578104047488e-02 9.542602139372528131e-03
0.000000000000000000e+00 2.948291899282263367e-04 4.956780067738387530e+00 4.346543145224671889e+01 1.679416256420389164e+00 2.262791045507099585e-02
0.000000000000000000e+00 2.948291899282263367e-04 4.897078057245345839e+00 4.128741577916346728e+01 2.032222913672616649e+00 1.092801686515678522e-03
0.000000000000000000e+00 2.948291899282263367e-04 5.135886099217513490e+00 4.473602455935216682e+01 1.440293718829587677e+00 2.262912820916009732e-02
0.000000000000000000e+00 2.948291899282263367e-04 2.110139522177564885e-04 3.566820820504548045e-03 4.746269933400427271e-02 2.451691870160407796e-04
0.000000000000000000e+00 2.948291899282263367e-04 2.110139522177564885e-04 3.193932705242744866e-03 4.745432055847620401e-02 2.451691870160407796e-04
0.000000000000000000e+00 2.948291899282263367e-04 3.654282973340505780e+00 1.044123824873678963e+01 1.020316771332416117e+01 6.714725100983721662e-01
0.000000000000000000e+00 2.948291899282263367e-04 2.110139522177564885e-04 3.121984819287207478e-03 3.815969148301633085e-02 9.546335472733855076e-03
0.000000000000000000e+00 2.948291899282263367e-04 6.827553202165692170e+00 3.838381694327254934e+01 2.054489934168436616e+00 4.436813201275403157e-02
0.000000000000000000e+00 2.948291899282263367e-04 2.110139522177564885e-04 3.157847106268249493e-03 5.676152929689967652e-02 2.469943230828653660e-04
0.000000000000000000e+00 2.948291899282263367e-04 2.213805532514265373e+00 5.829759908161005200e+00 4.731762268630622437e+00 7.135859245665948994e-03
0.000000000000000000e+00 2.948291899282263367e-04 5.135886099217513490e+00 3.910958228032973949e+01 2.165832012235664461e+00 4.436692139296911919e-02
0.000000000000000000e+00 2.948291899282263367e-04 2.934495625066413815e+00 1.087328730568954072e+01 7.843691918895389747e+00 8.008509313808729463e-03
0.000000000000000000e+00 2.948291899282263367e-04 2.110139522177564885e-04 3.121984819287207478e-03 6.606871503598013562e-02 2.488032508368130950e-04
0.000000000000000000e+00 2.948291899282263367e-04 5.135886099217513490e+00 2.785669772228487062e+01 5.952010420771969734e+00 4.317958213837813086e-01
0.000000000000000000e+00 2.948291899282263367e-04 6.827553202165692170e+00 3.856531508130553476e+01 2.099028533240561600e+00 1.092801686515678522e-03
0.000000000000000000e+00 2.948291899282263367e-04 6.900167167497385456e+00 4.019882122702068017e+01 1.809844321532501743e+00 8.901172712619649869e-04
0.000000000000000000e+00 2.948291899282263367e-04 6.900167167497385456e+00 3.566136777619612985e+01 3.085050506559253503e+00 8.901172712619649869e-04
0.000000000000000000e+00 2.948291899282263367e-04 3.804406862462880401e+00 3.239375030336272232e+01 3.318699360883631932e+00 6.022574398376739913e-01
0.000000000000000000e+00 2.948291899282263367e-04 6.682325271502305597e+00 4.546219492199963952e+01 1.244641018909139696e+00 8.901172712619649869e-04
0.000000000000000000e+00 2.948291899282263367e-04 3.854448158837006311e+00 1.400667382536144778e+01 7.119014051549820365e+00 6.714642467438883822e-01
0.000000000000000000e+00 2.948291899282263367e-04 5.076184088724470911e+00 3.330160778838337876e+01 3.763839202256161531e+00 4.476513641900849994e-01
0.000000000000000000e+00 2.948291899282263367e-04 2.110139522177564885e-04 3.566820820504548045e-03 5.676570718499220070e-02 2.469943230828653660e-04
0.000000000000000000e+00 2.948291899282263367e-04 3.854448158837006311e+00 5.598855450816184032e+01 3.097975805646859260e-01 8.901172712619649869e-04
0.000000000000000000e+00 2.948291899282263367e-04 5.016482078231429220e+00 5.399236014808283102e+01 3.967641038494997829e-01 8.901172712619649869e-04
0.000000000000000000e+00 2.948291899282263367e-04 2.110139522177564885e-04 3.157847106268249493e-03 7.536754499887554637e-02 2.505961851431170485e-04
0.000000000000000000e+00 2.948291899282263367e-04 4.421926099508440844e-01 4.189782799894466447e-01 4.970206816366450897e-01 1.477480241384617572e-03
0.000000000000000000e+00 2.948291899282263367e-04 5.076184088724470911e+00 8.568881410497011686e+00 8.025097524051798104e+00 7.303503951765450974e-01
0.000000000000000000e+00 2.948291899282263367e-04 1.118763805900228198e-01 1.519905326141175739e-02 4.351802659661931083e-02 3.532955704160820423e-04
0.000000000000000000e+00 2.948291899282263367e-04 2.934495625066413815e+00 7.481357437212140304e+00 8.749729160154251062e+00 7.947067258497223993e-03
0.000000000000000000e+00 2.948291899282263367e-04 4.956780067738387530e+00 4.328393331421374768e+01 1.701154412642885472e+00 8.901172712619649869e-04
0.000000000000000000e+00 2.948291899282263367e-04 2.934495625066413815e+00 7.481357437212140304e+00 6.571751503758467727e+00 7.899617645265194846e-03
0.000000000000000000e+00 2.948291899282263367e-04 5.135886099217513490e+00 2.223025544326245040e+01 3.721840538791884589e-01 1.734677392877097823e-01
0.000000000000000000e+00 2.948291899282263367e-04 2.850683239981569805e+00 5.304508378018916837e+00 3.918601521686641664e+00 1.749111086990766950e-01
0.000000000000000000e+00 2.948291899282263367e-04 2.110139522177564885e-04 3.490522795068585430e-03 1.032765685518392262e-01 2.908077860167684056e-04
0.000000000000000000e+00 2.948291899282263367e-04 4.956780067738387530e+00 2.150415675025595874e+01 2.058036084903772378e-01 7.426229599621183772e-03
0.000000000000000000e+00 2.948291899282263367e-04 1.025688787863209689e-01 7.862511905874292051e-02 1.727511922413945966e-01 5.145576393881573420e-04
0.000000000000000000e+00 2.948291899282263367e-04 5.016482078231429220e+00 2.713063571920156392e+01 6.046595118011907743e+00 5.427326187323990858e-01
0.000000000000000000e+00 2.948291899282263367e-04 4.956780067738387530e+00 2.676760275321243299e+01 3.762774645778100613e+00 1.396994676299318172e+00
0.000000000000000000e+00 2.948291899282263367e-04 6.682325271502305597e+00 4.782167071642840739e+01 9.620248676833919044e-01 2.262791045507099585e-02
0.000000000000000000e+00 2.948291899282263367e-04 3.854448158837006311e+00 2.513387104255495430e+01 3.040362988351314466e-01 1.415919631157229741e-01
0.000000000000000000e+00 2.948291899282263367e-04 6.827553202165692170e+00 3.638733742490974521e+01 2.999563516095216986e+00 8.901172712619649869e-04
0.000000000000000000e+00 2.948291899282263367e-04 5.076184088724470911e+00 2.894565247559181742e+01 4.669503870109292798e+00 6.022599214368096199e-01
0.000000000000000000e+00 2.948291899282263367e-04 2.110139522177564885e-04 3.415074495009799357e-03 3.815969148301633085e-02 2.433276217459231887e-04
0.000000000000000000e+00 2.948291899282263367e-04 2.934495625066413815e+00 7.481357437212140304e+00 7.660740331956359839e+00 7.945302244318526788e-03
0.000000000000000000e+00 2.948291899282263367e-04 2.110139522177564885e-04 3.266769621116914508e-03 3.815551359492382055e-02 2.433276217459231887e-04
0.000000000000000000e+00 2.948291899282263367e-04 2.011517356371158582e-01 1.204198440637744977e-01 1.526224288642576976e-01 6.439791954926972614e-04
0.000000000000000000e+00 2.948291899282263367e-04 5.076184088724470911e+00 4.636947372675807344e+01 1.288119574933322742e+00 8.901172712619649869e-04
0.000000000000000000e+00 9.632457581951780687e-03 6.900182072904978092e+00 2.840146397357499097e+01 7.556417421023451375e+00 1.303913121268399644e-01
0.000000000000000000e+00 2.948291899282263367e-04 1.905789062405507939e-01 1.916699768998207931e-01 1.025390036841995478e-01 6.345310980986808985e-04
0.000000000000000000e+00 2.948291899282263367e-04 3.994347358804187231e-01 5.629144536141478250e-01 3.214847101467745438e-01 1.229757060097665285e-03
0.000000000000000000e+00 2.948291899282263367e-04 2.178679893718105554e+00 5.724634087961200102e+00 7.248329157261692579e+00 7.841459050354899346e-03
0.000000000000000000e+00 2.948291899282263367e-04 2.934495625066413815e+00 5.094401417591938319e+00 6.577393817511757668e+00 1.893220005597656408e-01
0.000000000000000000e+00 2.948291899282263367e-04 1.118718866373088899e-01 4.675451847945363837e-03 5.407969290581769728e-02 3.532955704160820423e-04
0.000000000000000000e+00 2.948291899282263367e-04 6.754939236833998883e+00 3.547982263575750039e+01 3.085044513378134567e+00 4.436933548576437597e-02
0.000000000000000000e+00 2.948291899282263367e-04 6.682325271502305597e+00 3.366481594985584280e+01 3.620899535943603365e+00 4.791477481297397034e-01
0.000000000000000000e+00 2.948291899282263367e-04 2.011517356371158582e-01 5.546413822141509423e-03 1.727738485249017131e-01 5.172051836286385186e-04
0.000000000000000000e+00 2.948291899282263367e-04 6.900167167497385456e+00 4.981822254276870154e+01 6.141827811497584388e-01 4.436813201275403157e-02
0.000000000000000000e+00 2.948291899282263367e-04 3.654282973340505780e+00 5.253989624415629578e+01 8.098429897762435825e-01 2.262791045507099585e-02
0.000000000000000000e+00 2.948291899282263367e-04 3.754365566088755379e+00 5.181400338903983283e+01 8.533238070545360321e-01 8.901172712619649869e-04
0.000000000000000000e+00 2.948291899282263367e-04 3.754365566088755379e+00 9.721023168716627083e+00 1.111037895021015132e+01 7.430145473689043698e-03
0.000000000000000000e+00 2.948291899282263367e-04 2.110139522177564885e-04 3.415074495009799357e-03 4.746269933400427271e-02 2.451691870160407796e-04
0.000000000000000000e+00 2.948291899282263367e-04 6.972781132829076967e+00 3.275741928636654876e+01 3.620895662085239497e+00 5.008865917295795001e-01
0.000000000000000000e+00 2.948291899282263367e-04 6.682325271502305597e+00 3.130534015542708204e+01 4.725756329704816849e+00 5.462852088169176668e-01
0.000000000000000000e+00 2.948291899282263367e-04 2.110139522177564885e-04 3.266769621116914508e-03 4.745852144591174854e-02 2.451691870160407796e-04
0.000000000000000000e+00 2.948291899282263367e-04 4.897078057245345839e+00 4.909183571458167705e+01 1.005507035225556400e+00 2.262912820916009732e-02
0.000000000000000000e+00 2.948291899282263367e-04 3.804406862462880401e+00 5.489951941945244585e+01 4.402506241387760810e-01 8.913350253510659085e-04
0.000000000000000000e+00 2.948291899282263367e-04 5.135886099217513490e+00 3.039767165474660970e+01 4.939000881074305127e+00 3.257099726392088113e-01
0.000000000000000000e+00 2.948291899282263367e-04 3.804406862462880401e+00 2.404483595384557404e+01 3.284545030479001593e+00 4.694351691822226495e-03
0.000000000000000000e+00 2.948291899282263367e-04 5.016482078231429220e+00 2.840112268543241569e+01 2.986040027125647089e+00 1.464638366993213370e-01
0.000000000000000000e+00 2.948291899282263367e-04 3.744782382940554238e-02 7.836998293715703723e-02 3.292846019544238417e-02 2.985754010969273527e-04
0.000000000000000000e+00 2.948291899282263367e-04 5.135886099217513490e+00 3.239415117310942094e+01 4.244784710461296129e+00 2.472760719943762064e-01
0.000000000000000000e+00 2.948291899282263367e-04 5.076184088724470911e+00 2.186722509230554934e+01 3.720294456496426871e-01 7.444953449375089904e-03
0.000000000000000000e+00 2.948291899282263367e-04 1.118718866373088899e-01 2.577188265797681135e-02 2.012053733368933950e-01 4.341546898963248189e-04
0.000000000000000000e+00 2.948291899282263367e-04 5.076184088724470911e+00 2.114123254017362186e+01 5.378287497263762873e-01 1.734465461416439536e-01
0.000000000000000000e+00 2.948291899282263367e-04 2.110139522177564885e-04 3.303518725958386366e-03 1.032807464399317504e-01 2.964165495733596151e-04
0.000000000000000000e+00 2.948291899282263367e-04 1.800060768439857295e-01 7.964731432070787376e-02 1.015683712200353139e-01 5.145576393881573420e-04
0.000000000000000000e+00 9.632457581951780687e-03 6.900182072904978092e+00 2.368251238471748366e+01 6.565453235511441221e+00 8.562052423743570229e-01
0.000000000000000000e+00 2.948291899282263367e-04 8.568011167787075166e-01 1.025294473261193939e+00 2.117841677841121761e+00 1.801630387409354495e-01
0.000000000000000000e+00 2.948291899282263367e-04 5.135886099217513490e+00 4.255804690295639858e+01 1.722892510790710929e+00 8.901172712619649869e-04
0.000000000000000000e+00 2.948291899282263367e-04 2.178679893718105554e+00 5.934807412003034521e+00 7.416317248821361119e+00 7.867033153448976454e-03
0.000000000000000000e+00 2.948291899282263367e-04 5.076184088724470911e+00 2.676767481919605984e+01 6.046570991335534551e+00 5.427330939278228739e-01
0.000000000000000000e+00 2.948291899282263367e-04 1.658404675250230165e+00 4.194932276485814349e+00 3.116415243674842017e+00 5.822116432941915054e-01
0.000000000000000000e+00 2.948291899282263367e-04 8.966288555366171975e-01 5.784328669409036783e-01 6.085466533372425602e-01 1.828645894653435806e-03
0.000000000000000000e+00 2.948291899282263367e-04 4.421926099508440844e-01 7.693312705409596219e-01 3.837582561035025042e-01 4.340383782733937823e-02
0.000000000000000000e+00 2.948291899282263367e-04 2.934495625066413815e+00 7.233950267292474479e+00 8.205030234642848086e+00 5.524469630866050140e-01
0.000000000000000000e+00 2.948291899282263367e-04 1.200522349213489104e+00 1.998235155972400978e+00 3.066221985660097182e+00 4.228877860063129900e-03
0.000000000000000000e+00 2.948291899282263367e-04 8.169733780207976137e-01 2.654664947052904012e+00 3.066375545957078064e+00 4.997485878142786213e-03
0.000000000000000000e+00 2.948291899282263367e-04 3.804406862462880401e+00 5.145105479682580096e+01 8.750641315675748988e-01 8.901172712619649869e-04
0.000000000000000000e+00 2.948291899282263367e-04 2.934495625066413815e+00 7.233950267292474479e+00 7.660535820543906027e+00 7.930495430994112874e-03
0.000000000000000000e+00 2.948291899282263367e-04 3.804406862462880401e+00 2.331884340171365011e+01 5.181241510030437425e+00 4.701243527660214049e-03
0.000000000000000000e+00 2.948291899282263367e-04 5.016482078231429220e+00 3.112359475592714020e+01 4.814382658070517351e+00 3.257099726392088113e-01
0.000000000000000000e+00 2.948291899282263367e-04 2.934495625066413815e+00 7.357653852252306059e+00 6.753147704985824618e+00 1.893977556782428795e-01
0.000000000000000000e+00 2.948291899282263367e-04 2.110139522177564885e-04 3.566820820504548045e-03 6.606871503598013562e-02 2.488032508368130950e-04
0.000000000000000000e+00 2.948291899282263367e-04 1.905789062405507939e-01 3.250958478990488842e-01 1.620953280781328998e-01 2.479084923169587451e-02
0.000000000000000000e+00 2.948291899282263367e-04 6.972781132829076967e+00 2.404550866078344740e+01 2.517043969135878800e+00 8.379385423315022230e-02
0.000000000000000000e+00 2.948291899282263367e-04 5.016482078231429220e+00 2.313767668247595921e+01 4.368590667614669520e+00 4.701667518679243304e-03
0.000000000000000000e+00 2.948291899282263367e-04 2.110139522177564885e-04 3.303518725958386366e-03 1.125837542909196853e-01 2.927750565721865526e-04
0.000000000000000000e+00 2.948291899282263367e-04 4.675083168039347037e-02 3.186580813115331284e-02 8.575295254963490044e-02 3.004757041738715826e-04
0.000000000000000000e+00 2.948291899282263367e-04 1.200522349213489104e+00 3.301767785616092521e+00 2.436598739227552546e+00 2.524424252574274941e-01
0.000000000000000000e+00 2.948291899282263367e-04 1.200522349213489104e+00 3.374381750947785807e+00 2.992049678825808634e+00 5.053602649620704372e-03
0.000000000000000000e+00 2.948291899282263367e-04 6.682325271502305597e+00 3.148683829346006036e+01 4.725763061640992468e+00 5.286866289562495158e-01
0.000000000000000000e+00 2.948291899282263367e-04 2.934495625066413815e+00 7.357653852252306059e+00 5.907330864588009156e+00 3.708798164179499257e-01
0.000000000000000000e+00 2.948291899282263367e-04 5.135886099217513490e+00 2.495272751375717490e+01 1.388254933546838821e+00 1.085019495708700321e-01
0.000000000000000000e+00 2.948291899282263367e-04 8.568011167787075166e-01 1.067200665803615944e+00 6.069640843141788089e-01 2.214312990852456905e-03
0.000000000000000000e+00 2.948291899282263367e-04 2.110139522177564885e-04 3.490522795068585430e-03 2.885250574393587869e-02 2.414694001053035045e-04
0.000000000000000000e+00 2.948291899282263367e-04 3.804406862462880401e+00 2.422633409187856302e+01 1.036284858964093614e+00 6.097029244863289704e-03
0.000000000000000000e+00 2.948291899282263367e-04 1.629322788043653825e+00 4.459986128747957856e+00 2.992872511293117377e+00 1.500447397637436064e-01
0.000000000000000000e+00 2.948291899282263367e-04 6.972781132829076967e+00 2.368251238471748366e+01 4.385512751976023083e+00 2.819872280697389554e-03
0.000000000000000000e+00 2.948291899282263367e-04 3.804406862462880401e+00 2.495232664401047984e+01 1.658862320589586492e+00 6.117048878813876635e-03
0.000000000000000000e+00 2.948291899282263367e-04 8.568011167787075166e-01 1.151013050888460176e+00 7.861646032427677122e-01 2.731268811260671725e-03
0.000000000000000000e+00 2.948291899282263367e-04 1.571159013630500034e+00 4.636635549420834224e+00 4.925934052743565772e+00 7.077621595838734340e-03
0.000000000000000000e+00 2.948291899282263367e-04 2.934495625066413815e+00 1.058516962104462600e+01 7.117513683213751108e+00 7.972843060909774043e-03
0.000000000000000000e+00 2.948291899282263367e-04 3.804406862462880401e+00 5.816648590404611241e+01 7.063511336669231477e-02 2.262791045507099585e-02
0.000000000000000000e+00 2.948291899282263367e-04 5.016482078231429220e+00 4.582494393659865750e+01 1.375076001696084793e+00 8.901172712619649869e-04
0.000000000000000000e+00 2.948291899282263367e-04 1.629322788043653825e+00 4.371622208934863529e+00 3.116495900241566641e+00 5.822212667311156276e-01
0.000000000000000000e+00 2.948291899282263367e-04 2.934495625066413815e+00 1.087328730568954072e+01 6.028710538565579036e+00 7.947067258497223993e-03
0.000000000000000000e+00 2.948291899282263367e-04 2.110139522177564885e-04 3.528566292015173668e-03 1.125837542909196853e-01 2.927750565721865526e-04
0.000000000000000000e+00 2.948291899282263367e-04 2.934495625066413815e+00 1.087328730568954072e+01 6.210208676598556465e+00 7.953662660712571691e-03
0.000000000000000000e+00 9.632457581951780687e-03 5.076196343705953851e+00 2.567872006588910594e+01 2.620824997135155598e+00 3.632033199192757997e-03
0.000000000000000000e+00 2.948291899282263367e-04 1.658404675250230165e+00 6.460030324758109010e+00 7.248532562559444337e+00 5.523530314098976657e-01
0.000000000000000000e+00 2.948291899282263367e-04 3.854448158837006311e+00 9.721097734309335436e+00 9.477082628315653068e+00 1.734134871194953353e-01
0.000000000000000000e+00 2.948291899282263367e-04 5.076184088724470911e+00 2.241171950640449140e+01 2.336112254257246335e+00 6.117048878813876635e-03
0.000000000000000000e+00 2.948291899282263367e-04 1.118718866373088899e-01 4.675451847945363837e-03 1.620215142151886500e-01 4.271530089748412098e-04
0.000000000000000000e+00 2.948291899282263367e-04 1.118718866373088899e-01 7.863602964080208813e-02 3.856499089166262606e-02 3.640255868294906254e-04
0.000000000000000000e+00 2.948291899282263367e-04 3.804406862462880401e+00 2.386333781581259572e+01 1.036183307501749695e+00 6.092222079389997616e-03
0.000000000000000000e+00 2.948291899282263367e-04 2.934495625066413815e+00 5.094401417591938319e+00 6.409609131249832004e+00 7.814898841383347353e-03
0.000000000000000000e+00 2.948291899282263367e-04 2.683058469811881785e+00 5.724711456298368972e+00 8.929961642142639988e+00 1.894056341258860132e-01
0.000000000000000000e+00 2.948291899282263367e-04 1.588604180508556285e-01 2.200682646582557966e-01 2.217046186952575937e-01 6.462931478411279443e-04
0.000000000000000000e+00 2.948291899282263367e-04 1.118718866373088899e-01 7.863602964080208813e-02 7.562680541858764205e-02 4.271530089748412098e-04
0.000000000000000000e+00 2.948291899282263367e-04 2.110139522177564885e-04 3.528566292015173668e-03 1.125837542909196853e-01 1.086560445313724220e-02
0.000000000000000000e+00 2.948291899282263367e-04 6.972781132829076967e+00 2.604198817914623021e+01 2.986023042515474568e+00 9.866194316368726014e-01
0.000000000000000000e+00 2.948291899282263367e-04 3.854448158837006311e+00 5.671454706029376069e+01 2.228301775191955103e-01 8.901172712619649869e-04
0.000000000000000000e+00 2.948291899282263367e-04 1.118718866373088899e-01 2.485973281131247103e-01 2.615130697787930725e-01 6.491738165793811124e-04
0.000000000000000000e+00 2.948291899282263367e-04 3.854448158837006311e+00 5.707754333635973154e+01 1.576083537479611163e-01 8.913350253510659085e-04
0.000000000000000000e+00 2.948291899282263367e-04 1.629322788043653825e+00 4.459986128747957856e+00 3.773463314163907789e+00 1.500636923314181692e-01
0.000000000000000000e+00 2.948291899282263367e-04 3.804406862462880401e+00 5.653300266174928623e+01 2.663139888422812462e-01 8.901172712619649869e-04
0.000000000000000000e+00 2.948291899282263367e-04 2.808777047439147800e+00 3.488354585167478206e+00 5.646228264355853455e+00 7.126422437151037903e-03
0.000000000000000000e+00 2.948291899282263367e-04 4.421926099508440844e-01 4.429765618478200828e-01 4.970515794099713558e-01 8.529496909166266183e-02
0.000000000000000000e+00 2.948291899282263367e-04 1.629322788043653825e+00 4.371622208934863529e+00 4.349605291297294229e+00 1.500913920196659812e-01
0.000000000000000000e+00 2.948291899282263367e-04 5.135886099217513490e+00 4.745849662984689132e+01 1.135943632708282802e+00 8.901172712619649869e-04
0.000000000000000000e+00 2.948291899282263367e-04 5.076184088724470911e+00 2.150422881623958560e+01 5.379364029811394277e-01 7.441379241405285221e-03
0.000000000000000000e+00 2.948291899282263367e-04 4.421926099508440844e-01 1.246801398623862689e-01 1.953640358157150425e-01 7.959269864937089552e-04
0.000000000000000000e+00 2.948291899282263367e-04 3.754365566088755379e+00 3.239370261951078334e+01 3.630287182678039404e+00 4.490378335738567928e-01
0.000000000000000000e+00 2.948291899282263367e-04 6.754939236833998883e+00 4.745869974593428964e+01 9.837649109916350998e-01 2.262791045507099585e-02
0.000000000000000000e+00 2.948291899282263367e-04 2.683058469811881785e+00 5.724711456298368972e+00 3.918601521686641664e+00 8.460498537467635582e-01
0.000000000000000000e+00 2.948291899282263367e-04 1.800060768439857295e-01 1.916567457895889670e-01 2.814462268321222815e-01 7.891801476289732852e-04
0.000000000000000000e+00 2.948291899282263367e-04 5.135886099217513490e+00 4.219505062689043484e+01 1.766368532642261124e+00 8.901172712619649869e-04
0.000000000000000000e+00 2.948291899282263367e-04 5.076184088724470911e+00 2.059588597029535251e+01 7.036760020770715940e-01 7.426229599621183772e-03
0.000000000000000000e+00 9.632457581951780687e-03 5.016494333212913048e+00 2.513419157689921946e+01 3.658786160790611586e+00 3.767412419933828804e-01
0.000000000000000000e+00 2.948291899282263367e-04 5.016482078231429220e+00 3.366456868838888994e+01 3.715748228316549273e+00 4.476513641900849994e-01
0.000000000000000000e+00 2.948291899282263367e-04 8.767149861576623016e-01 1.025318199236843197e+00 1.536987869254125227e+00 2.774848446559634654e-03
0.000000000000000000e+00 2.948291899282263367e-04 5.076184088724470911e+00 2.803816178542691162e+01 2.344728474243799710e+00 6.513957220433079509e-02
0.000000000000000000e+00 2.948291899282263367e-04 2.850683239981569805e+00 1.072913748830569780e+01 1.020288826004523663e+01 6.714599848022595463e-01
0.000000000000000000e+00 2.948291899282263367e-04 8.966288555366171975e-01 1.574676502484227747e+00 2.136002659553780436e+00 3.467036579611369046e-03
0.000000000000000000e+00 2.948291899282263367e-04 6.682325271502305597e+00 3.439080850198777028e+01 3.474992329551301662e+00 5.226233344973577610e-01
0.000000000000000000e+00 2.948291899282263367e-04 3.851821111902768990e-01 2.074720994260600276e-02 5.551098801122779092e-01 3.006628126096084347e-02
0.000000000000000000e+00 2.948291899282263367e-04 1.118718866373088899e-01 1.413564027934417489e-01 5.881049714960996655e-02 4.318402700316267915e-04
0.000000000000000000e+00 2.948291899282263367e-04 5.135886099217513490e+00 2.295624799539438143e+01 4.233140268918513804e+00 4.199284262873309026e-01
0.000000000000000000e+00 2.948291899282263367e-04 5.076184088724470911e+00 3.130512827002057819e+01 4.939042520402011860e+00 2.748862200537817158e-01
0.000000000000000000e+00 2.948291899282263367e-04 2.143554254921945734e+00 1.216936804209647072e+01 8.569684471027317230e+00 8.030320434674787997e-03
0.000000000000000000e+00 2.948291899282263367e-04 2.934495625066413815e+00 1.087328730568954072e+01 7.117699366763470259e+00 7.985128692681796661e-03
0.000000000000000000e+00 2.948291899282263367e-04 5.135886099217513490e+00 2.785584593122359820e+01 5.150392210432375606e+00 7.136044731766902904e-01
0.000000000000000000e+00 2.948291899282263367e-04 6.356361432386563592e-01 8.591271123124796238e-01 1.442502777335422204e+00 2.753339130584667692e-03
0.000000000000000000e+00 2.948291899282263367e-04 6.972781132829076967e+00 2.640498445521219040e+01 3.066218598756607960e+00 8.771769327270110272e-01
0.000000000000000000e+00 2.948291899282263367e-04 3.654282973340505780e+00 1.044123824873678963e+01 9.840171437258195652e+00 7.413964271890437566e-03
0.000000000000000000e+00 2.948291899282263367e-04 5.016482078231429220e+00 2.259318226837701715e+01 5.381966244971840840e-01 1.734709761044036791e-01
0.000000000000000000e+00 2.948291899282263367e-04 2.178679893718105554e+00 3.930017433261806303e+00 4.205639841131279866e+00 6.032549697208685648e-03
0.000000000000000000e+00 2.948291899282263367e-04 3.754365566088755379e+00 9.865082011039078225e+00 1.038448016780741590e+01 1.734307098948519033e-01
0.000000000000000000e+00 2.948291899282263367e-04 3.854448158837006311e+00 5.617005264619482574e+01 2.880558121746882305e-01 8.901172712619649869e-04
0.000000000000000000e+00 2.948291899282263367e-04 6.900167167497385456e+00 2.386314068030084812e+01 3.036025785977908065e+00 8.379363765030967137e-02
0.000000000000000000e+00 2.948291899282263367e-04 3.854448158837006311e+00 5.725904147439270275e+01 1.576040495183619605e-01 8.901172712619649869e-04
0.000000000000000000e+00 2.948291899282263367e-04 5.016482078231429220e+00 2.658614130510261830e+01 3.555161266393779496e+00 1.897805657048772243e-01
0.000000000000000000e+00 2.948291899282263367e-04 1.152525785496742117e+00 3.519536284566251449e+00 3.981678358504488369e+00 1.500253941904195476e-01
0.000000000000000000e+00 2.948291899282263367e-04 5.135886099217513490e+00 3.184965675901046467e+01 3.007170611454368814e+00 5.577183737029903776e-01
0.000000000000000000e+00 2.948291899282263367e-04 6.827553202165692170e+00 2.658643797112873131e+01 3.306687311261484741e+00 8.771760321520523096e-01
0.000000000000000000e+00 2.948291899282263367e-04 1.118718866373088899e-01 7.863602964080208813e-02 2.621105271602095291e-02 3.619158537072368273e-04
0.000000000000000000e+00 2.948291899282263367e-04 2.892589432523991810e+00 5.094368679383413756e+00 6.241723045434057759e+00 7.207547959644282354e-03
0.000000000000000000e+00 2.948291899282263367e-04 8.767149861576623016e-01 1.025318199236843197e+00 1.084580168258513222e+00 7.536730446227765667e-02
0.000000000000000000e+00 2.948291899282263367e-04 6.972781132829076967e+00 2.422700679881642571e+01 2.724682702393041112e+00 8.379363765030967137e-02
0.000000000000000000e+00 2.948291899282263367e-04 2.110139522177564885e-04 1.155790050744989889e-01 2.235563079887732327e-02 2.966586583774235338e-04
0.000000000000000000e+00 2.948291899282263367e-04 1.905789062405507939e-01 1.774173522096789690e-01 1.818768799373478018e-01 6.404604285614940492e-04
0.000000000000000000e+00 2.948291899282263367e-04 5.016482078231429220e+00 2.458966178673981773e+01 8.461488701038387683e-01 1.416074454819245265e-01
0.000000000000000000e+00 2.948291899282263367e-04 2.110139522177564885e-04 3.566820820504548045e-03 1.125837542909196853e-01 2.927750565721865526e-04
0.000000000000000000e+00 2.948291899282263367e-04 1.176524067355115610e+00 3.374345439688848369e+00 2.436598739227552546e+00 1.287388402975925272e-01
0.000000000000000000e+00 2.948291899282263367e-04 2.934495625066413815e+00 7.233950267292474479e+00 8.205030234642848086e+00 7.952548987654827969e-03
0.000000000000000000e+00 2.948291899282263367e-04 1.600240900837076818e+00 2.938868230404775961e+00 3.734186331250139101e+00 5.936788699649452224e-03
0.000000000000000000e+00 2.948291899282263367e-04 1.542077126423923028e+00 3.156644237716747625e+00 6.509623089855224087e+00 1.748722851246485854e-01
0.000000000000000000e+00 2.948291899282263367e-04 1.118718866373088899e-01 7.868525762390074507e-02 1.015107250741927869e-01 4.295064437089658000e-04
0.000000000000000000e+00 2.948291899282263367e-04 5.016482078231429220e+00 2.223018599231105341e+01 3.720814892020100073e-01 7.448442913582971857e-03
0.000000000000000000e+00 2.948291899282263367e-04 1.118718866373088899e-01 1.524828124451041780e-02 6.466368538974942570e-02 3.576423901116470086e-04
0.000000000000000000e+00 2.948291899282263367e-04 1.118718866373088899e-01 4.336358308847204114e-03 7.522535169894778440e-02 3.576423901116470086e-04
0.000000000000000000e+00 2.948291899282263367e-04 4.421926099508440844e-01 4.669748437061935209e-01 7.606624522236711261e-01 1.800122742865291770e-03
0.000000000000000000e+00 2.948291899282263367e-04 4.956780067738387530e+00 2.858258413354222682e+01 1.302641785412503195e+00 1.623135546677618724e+00
0.000000000000000000e+00 2.948291899282263367e-04 4.956780067738387530e+00 2.567861392501454176e+01 3.658813057916611378e+00 1.747774445912640306e+00
0.000000000000000000e+00 2.948291899282263367e-04 5.016482078231429220e+00 5.290337131988494690e+01 4.837366468496728800e-01 2.263033882894498888e-02
0.000000000000000000e+00 2.948291899282263367e-04 5.135886099217513490e+00 2.785584593122359820e+01 5.150392210432375606e+00 7.136044731766902904e-01
0.000000000000000000e+00 2.948291899282263367e-04 4.717972025766220767e+00 5.326617074644666161e+01 5.924355503484642904e-01 8.901172712619649869e-04
0.000000000000000000e+00 2.948291899282263367e-04 8.368872473997525097e-01 2.594998124408392393e+00 1.871503043942010835e+00 1.092641359830290454e-01
0.000000000000000000e+00 2.948291899282263367e-04 6.972781132829076967e+00 3.529839321882829495e+01 2.885566606096309439e+00 8.996588416053593077e-04
0.000000000000000000e+00 2.948291899282263367e-04 3.744782382940554238e-02 7.836998293715703723e-02 4.350128959200743467e-02 3.004757041738715826e-04
0.000000000000000000e+00 2.948291899282263367e-04 2.934495625066413815e+00 7.233950267292474479e+00 7.479037682510919716e+00 7.922934590742678265e-03
0.000000000000000000e+00 2.948291899282263367e-04 5.076184088724470911e+00 2.223022136837151308e+01 4.503916952945986374e+00 4.700251964338894237e-03
0.000000000000000000e+00 2.948291899282263367e-04 1.152525785496742117e+00 1.474673853509005150e+00 2.401161629474805714e+00 4.159699015367984871e-03
0.000000000000000000e+00 2.948291899282263367e-04 4.421926099508440844e-01 4.429765618478200828e-01 8.863443551564696987e-01 1.811674480029838025e-03
0.000000000000000000e+00 2.948291899282263367e-04 2.892589432523991810e+00 7.481318899174278059e+00 9.112623499414585382e+00 7.953662660712571691e-03
0.000000000000000000e+00 2.948291899282263367e-04 4.279399852607022048e-01 1.413840644931150525e-01 2.913571632492087948e-01 3.006237314556331475e-02
0.000000000000000000e+00 2.948291899282263367e-04 1.629322788043653825e+00 4.459986128747957856e+00 3.773463314163907789e+00 2.941225346538755003e-01
0.000000000000000000e+00 2.948291899282263367e-04 1.118718866373088899e-01 7.863602964080208813e-02 6.327993284140093211e-02 4.247797594009869926e-04
0.000000000000000000e+00 2.948291899282263367e-04 6.682325271502305597e+00 5.036264464889014647e+01 6.141827811497584388e-01 2.263033882894498888e-02
0.000000000000000000e+00 2.948291899282263367e-04 2.934495625066413815e+00 7.357653852252306059e+00 7.660638395150728641e+00 5.524323652855537281e-01
0.000000000000000000e+00 2.948291899282263367e-04 8.966288555366171975e-01 9.832371200239695685e-01 2.045285626575976679e+00 3.435199114746509061e-03
0.000000000000000000e+00 2.948291899282263367e-04 6.972781132829076967e+00 2.313801797061853449e+01 4.177819609251423927e+00 6.514149672907657007e-02
0.000000000000000000e+00 2.948291899282263367e-04 1.118718866373088899e-01 2.485973281131247103e-01 8.579058702023707739e-02 5.250174884530040822e-04
0.000000000000000000e+00 2.948291899282263367e-04 3.754365566088755379e+00 2.386329013196066029e+01 1.036131771674007940e+00 7.461558608892972580e-03
0.000000000000000000e+00 2.948291899282263367e-04 1.800060768439857295e-01 1.631514964093054298e-01 8.577431448124987756e-02 5.224348973519079556e-04
0.000000000000000000e+00 2.948291899282263367e-04 5.076184088724470911e+00 5.254041041987944283e+01 5.054778080371499227e-01 2.263033882894498888e-02
0.000000000000000000e+00 2.948291899282263367e-04 3.854448158837006311e+00 9.865156576631788354e+00 9.840171437258195652e+00 7.413964271890437566e-03
0.000000000000000000e+00 2.948291899282263367e-04 2.934495625066413815e+00 5.094401417591938319e+00 6.577393817511757668e+00 7.823862526787931856e-03
0.000000000000000000e+00 2.948291899282263367e-04 2.110139522177564885e-04 3.303518725958386366e-03 9.397356070085130519e-02 2.888232524900767074e-04
0.000000000000000000e+00 2.948291899282263367e-04 8.966288555366171975e-01 1.067247640834253497e+00 1.537102791822443804e+00 2.788881257295960144e-03
0.000000000000000000e+00 2.948291899282263367e-04 2.110139522177564885e-04 3.303518725958386366e-03 8.467473073795588057e-02 2.868212366135504594e-04
0.000000000000000000e+00 2.948291899282263367e-04 3.091615751679987478e-01 6.348526889645723648e-01 1.008453380175887037e+00 5.185867516204729910e-02
0.000000000000000000e+00 2.948291899282263367e-04 3.744782382940554238e-02 4.031609416350501185e-03 1.068524421833135785e-01 2.966586583774235338e-04
0.000000000000000000e+00 2.948291899282263367e-04 2.110139522177564885e-04 3.415074495009799357e-03 5.676570718499220070e-02 2.469943230828653660e-04
0.000000000000000000e+00 2.948291899282263367e-04 1.542077126423923028e+00 3.156644237716747625e+00 3.610567603624983857e+00 1.499956310221067790e-01
0.000000000000000000e+00 2.948291899282263367e-04 1.542077126423923028e+00 1.759512935795608746e+00 2.136400593020469252e+00 1.092641359830290454e-01
0.000000000000000000e+00 2.948291899282263367e-04 8.767149861576623016e-01 3.916453491189407776e-01 9.085874397752119469e-01 2.194894494101930129e-03
0.000000000000000000e+00 2.948291899282263367e-04 3.744782382940554238e-02 4.031609416350501185e-03 9.627961278674852796e-02 2.947252779117725554e-04
0.000000000000000000e+00 2.948291899282263367e-04 1.694332474474206651e-01 2.058958946219165420e-01 1.359551295562236584e-01 6.037911608633276389e-02
0.000000000000000000e+00 2.948291899282263367e-04 1.224520631071861931e+00 1.224542449119725651e+00 2.401026850542063329e+00 4.141598255472637644e-03
0.000000000000000000e+00 2.948291899282263367e-04 2.934495625066413815e+00 4.674054769508270368e+00 6.241415203767285647e+00 1.749661373321864666e-01
0.000000000000000000e+00 2.948291899282263367e-04 2.110139522177564885e-04 3.452691739427951080e-03 1.955367578104047488e-02 2.395942883845946436e-04
0.000000000000000000e+00 2.948291899282263367e-04 2.110139522177564885e-04 3.490522795068585430e-03 9.397356070085130519e-02 2.888232524900767074e-04
0.000000000000000000e+00 2.948291899282263367e-04 1.600240900837076818e+00 3.011482195736469247e+00 3.486864018665149167e+00 5.089239682230772485e-03
0.000000000000000000e+00 2.948291899282263367e-04 1.118718866373088899e-01 7.868525762390074507e-02 6.327993284140093211e-02 4.247797594009869926e-04
0.000000000000000000e+00 2.948291899282263367e-04 9.538800276441742818e-03 3.954665997645479686e-03 8.468094171540394011e-02 2.888232524900767074e-04
0.000000000000000000e+00 2.948291899282263367e-04 8.767149861576623016e-01 5.432877408599698921e-01 9.087114376059346466e-01 6.190990497786379859e-02
0.000000000000000000e+00 2.948291899282263367e-04 4.956780067738387530e+00 2.422662882075068680e+01 1.658978623177631562e+00 6.121768804873205065e-03
0.000000000000000000e+00 2.948291899282263367e-04 2.892589432523991810e+00 5.199455341404331854e+00 5.570685699940226776e+00 7.181451070268725020e-03
0.000000000000000000e+00 2.948291899282263367e-04 2.110139522177564885e-04 3.303518725958386366e-03 1.032765685518392262e-01 2.964165495733596151e-04
0.000000000000000000e+00 2.948291899282263367e-04 8.767149861576623016e-01 1.109130584321687429e+00 1.609716757154136646e+00 3.402216636359461661e-03
0.000000000000000000e+00 2.948291899282263367e-04 5.076184088724470911e+00 4.546198303659314632e+01 1.396814965321280688e+00 8.901172712619649869e-04
0.000000000000000000e+00 2.948291899282263367e-04 2.178679893718105554e+00 1.202536419449221228e+01 6.210208676598556465e+00 7.953662660712571691e-03
0.000000000000000000e+00 2.948291899282263367e-04 1.905789062405507939e-01 3.083797305457880444e-01 3.153106876586806995e-01 9.765457246796063577e-04
0.000000000000000000e+00 2.948291899282263367e-04 1.200522349213489104e+00 3.301767785616092521e+00 2.226425415185718126e+00 5.016550922191595485e-03
0.000000000000000000e+00 2.948291899282263367e-04 1.118718866373088899e-01 1.519905326141175739e-02 8.791092879289705286e-02 3.597881882562314502e-04
0.000000000000000000e+00 2.948291899282263367e-04 1.629322788043653825e+00 4.283258289121767426e+00 2.992711658715009548e+00 1.500253941904195476e-01
0.000000000000000000e+00 2.948291899282263367e-04 2.808777047439147800e+00 1.130532553246944616e+01 6.210208676598556465e+00 7.953662660712571691e-03
0.000000000000000000e+00 2.948291899282263367e-04 8.966288555366171975e-01 1.025341448291831270e+00 1.972729273106698322e+00 9.179911892784202443e-02
0.000000000000000000e+00 2.948291899282263367e-04 6.827553202165692170e+00 4.818471639705355614e+01 8.533263383837660365e-01 2.262912820916009732e-02
0.000000000000000000e+00 2.948291899282263367e-04 1.542077126423923028e+00 4.724958936364967776e+00 5.214051737388484042e+00 7.097467118261199977e-03
0.000000000000000000e+00 2.948291899282263367e-04 2.110139522177564885e-04 1.156217516699837994e-01 1.178280140231226757e-02 2.947252779117725554e-04
0.000000000000000000e+00 2.948291899282263367e-04 8.966288555366171975e-01 1.067247640834253497e+00 6.070585717636423073e-01 6.192899925541205108e-02
0.000000000000000000e+00 2.948291899282263367e-04 5.135886099217513490e+00 3.239415117310942094e+01 3.860007415066481151e+00 4.620726032572271547e-01
0.000000000000000000e+00 2.948291899282263367e-04 2.178679893718105554e+00 3.753289593635614985e+00 4.781687889769127509e+00 6.050535079543403229e-03
0.000000000000000000e+00 2.948291899282263367e-04 4.421926099508440844e-01 4.909731255645663484e-01 5.511679774843508683e-01 4.339383844544891788e-02
0.000000000000000000e+00 2.948291899282263367e-04 4.837376046752304148e+00 5.254026098064170469e+01 6.359174840869967760e-01 8.901172712619649869e-04
0.000000000000000000e+00 2.948291899282263367e-04 8.966288555366171975e-01 1.067247640834253497e+00 1.319260895827364610e+00 2.767740385269020550e-03
0.000000000000000000e+00 2.948291899282263367e-04 6.609711306170612310e+00 4.691415350292134434e+01 1.092464280816445754e+00 2.262791045507099585e-02
0.000000000000000000e+00 2.948291899282263367e-04 3.854448158837006311e+00 9.865156576631788354e+00 9.840171437258195652e+00 7.413964271890437566e-03
0.000000000000000000e+00 2.948291899282263367e-04 2.213805532514265373e+00 5.514499922098255347e+00 8.254934661436378107e+00 7.883540351985938305e-03
0.000000000000000000e+00 2.948291899282263367e-04 8.568011167787075166e-01 1.109106858346038171e+00 1.754887377111619573e+00 9.177449083631898652e-02
0.000000000000000000e+00 2.948291899282263367e-04 2.110139522177564885e-04 3.086346847121619174e-03 3.815969148301633085e-02 9.546335472733855076e-03
0.000000000000000000e+00 2.948291899282263367e-04 2.110139522177564885e-04 3.566820820504548045e-03 3.815969148301633085e-02 2.433276217459231887e-04
0.000000000000000000e+00 2.948291899282263367e-04 3.854448158837006311e+00 5.326608243766710160e+01 6.359174840869967760e-01 8.901172712619649869e-04
0.000000000000000000e+00 2.948291899282263367e-04 2.110139522177564885e-04 3.121984819287207478e-03 2.885668363202840980e-02 2.414694001053035045e-04
0.000000000000000000e+00 2.948291899282263367e-04 2.110139522177564885e-04 3.121984819287207478e-03 1.955367578104047488e-02 2.395942883845946436e-04
0.000000000000000000e+00 2.948291899282263367e-04 1.571159013630500034e+00 4.459907709794643793e+00 5.934158628348785491e+00 1.749111086990766950e-01
0.000000000000000000e+00 2.948291899282263367e-04 5.135886099217513490e+00 4.727699849181391301e+01 1.157683223593484634e+00 8.901172712619649869e-04
0.000000000000000000e+00 2.948291899282263367e-04 2.178679893718105554e+00 3.841653513448710644e+00 4.781781818264666306e+00 1.748420244102938115e-01
0.000000000000000000e+00 2.948291899282263367e-04 5.135886099217513490e+00 2.531572378982314220e+01 2.516966058942915918e+00 3.631926298805455804e-03
0.000000000000000000e+00 2.948291899282263367e-04 2.110139522177564885e-04 3.266769621116914508e-03 6.606453714788761145e-02 2.488032508368130950e-04
0.000000000000000000e+00 2.948291899282263367e-04 3.804406862462880401e+00 5.762199148994717746e+01 1.358618974138742774e-01 2.262791045507099585e-02
0.000000000000000000e+00 2.948291899282263367e-04 7.465985523335726126e-02 1.337728539129495742e-02 1.069100056674082561e-01 3.576423901116470086e-04
0.000000000000000000e+00 2.948291899282263367e-04 1.118718866373088899e-01 6.811242822733569457e-02 2.619848022452267791e-02 3.597881882562314502e-04
0.000000000000000000e+00 2.948291899282263367e-04 5.135886099217513490e+00 3.457212882950518917e+01 3.365532715764358862e+00 6.095827016132678855e-01
0.000000000000000000e+00 2.948291899282263367e-04 3.851821111902768990e-01 3.077823217518315113e-01 3.822646798656715306e-01 1.207468903425312377e-03
0.000000000000000000e+00 2.948291899282263367e-04 2.934495625066413815e+00 1.058516962104462600e+01 7.299011821246729426e+00 7.979035773522463737e-03
0.000000000000000000e+00 2.948291899282263367e-04 2.110139522177564885e-04 3.266769621116914508e-03 1.955367578104047488e-02 2.395942883845946436e-04
0.000000000000000000e+00 2.948291899282263367e-04 3.854448158837006311e+00 2.513387104255495430e+01 3.040362988351314466e-01 6.101566512612351979e-03
0.000000000000000000e+00 2.948291899282263367e-04 2.968076369923570157e-01 6.588313878826201897e-01 1.008453380175887037e+00 1.817378787922046320e-03
0.000000000000000000e+00 2.948291899282263367e-04 2.814481597841760052e-02 7.840159290400895709e-02 7.520862557155079398e-02 3.554782541688216780e-04
0.000000000000000000e+00 2.948291899282263367e-04 3.854448158837006311e+00 2.331888966222514270e+01 3.720294456496426871e-01 1.734575240673706942e-01
0.000000000000000000e+00 2.948291899282263367e-04 8.966288555366171975e-01 1.067247640834253497e+00 6.070585717636423073e-01 6.192899925541205108e-02
0.000000000000000000e+00 2.948291899282263367e-04 6.900167167497385456e+00 2.622346459848108680e+01 3.066184863549435313e+00 9.866190349076258137e-01
0.000000000000000000e+00 2.948291899282263367e-04 1.118718866373088899e-01 7.868525762390074507e-02 3.856499089166262606e-02 1.271796376247115966e-02
0.000000000000000000e+00 2.948291899282263367e-04 1.200522349213489104e+00 1.938533145479359288e+00 3.486491229654009594e+00 5.007063702077640781e-03
0.000000000000000000e+00 2.948291899282263367e-04 5.016482078231429220e+00 2.277468040641000258e+01 3.722345764920956257e-01 1.734709761044036791e-01
0.000000000000000000e+00 2.948291899282263367e-04 1.629322788043653825e+00 2.866286126280623847e+00 3.486779161330469723e+00 5.080461571219746508e-03
0.000000000000000000e+00 2.948291899282263367e-04 2.808777047439147800e+00 5.409560517760957588e+00 5.570685699940226776e+00 7.181451070268725020e-03
0.000000000000000000e+00 2.948291899282263367e-04 3.704324269714630358e+00 1.000910186424914805e+01 9.295491339609524672e+00 7.391779498087863720e-03
0.000000000000000000e+00 2.948291899282263367e-04 2.178679893718105554e+00 5.724634087961200102e+00 7.416113843523610250e+00 7.850092750428557323e-03
0.000000000000000000e+00 2.948291899282263367e-04 8.767149861576623016e-01 1.109130584321687429e+00 8.458666137358096249e-01 2.738688549433843881e-03
0.000000000000000000e+00 2.948291899282263367e-04 1.118718866373088899e-01 2.577188265797681135e-02 1.181064461423495318e-02 2.985754010969273527e-04
0.000000000000000000e+00 2.948291899282263367e-04 1.571159013630500034e+00 1.699838310843784006e+00 2.136400593020469252e+00 3.194374600248633955e-01
0.000000000000000000e+00 2.948291899282263367e-04 2.110139522177564885e-04 3.303518725958386366e-03 2.885250574393587869e-02 2.414694001053035045e-04
0.000000000000000000e+00 2.948291899282263367e-04 2.110139522177564885e-04 3.266769621116914508e-03 1.125795764028271612e-01 2.927750565721865526e-04
0.000000000000000000e+00 2.948291899282263367e-04 2.110139522177564885e-04 3.566820820504548045e-03 8.467055284986335639e-02 2.868212366135504594e-04
0.000000000000000000e+00 2.948291899282263367e-04 2.110139522177564885e-04 3.303518725958386366e-03 5.676152929689967652e-02 2.469943230828653660e-04
0.000000000000000000e+00 2.948291899282263367e-04 1.200522349213489104e+00 2.057937166465443113e+00 2.540865663259781915e+00 4.194926528915983791e-03
0.000000000000000000e+00 2.948291899282263367e-04 2.110139522177564885e-04 3.490522795068585430e-03 8.467055284986335639e-02 2.868212366135504594e-04
0.000000000000000000e+00 2.948291899282263367e-04 8.767149861576623016e-01 1.109130584321687429e+00 1.246646930495671768e+00 2.760570736226997720e-03
0.000000000000000000e+00 2.948291899282263367e-04 6.900167167497385456e+00 4.945522626670273780e+01 7.011399672749568657e-01 8.901172712619649869e-04
0.000000000000000000e+00 2.948291899282263367e-04 1.800060768439857295e-01 2.916480951531374988e-01 6.437857931943219425e-01 1.417145551098418776e-01
0.000000000000000000e+00 2.948291899282263367e-04 2.178679893718105554e+00 5.619547425940282892e+00 8.254934661436378107e+00 1.893816783849636143e-01
0.000000000000000000e+00 2.948291899282263367e-04 2.110139522177564885e-04 3.303518725958386366e-03 1.955367578104047488e-02 2.395942883845946436e-04
0.000000000000000000e+00 2.948291899282263367e-04 3.744782382940554238e-02 7.836998293715703723e-02 6.464694838513754260e-02 3.554782541688216780e-04
0.000000000000000000e+00 2.948291899282263367e-04 6.900167167497385456e+00 3.384638639586631825e+01 3.547953171357269397e+00 4.356700386804325253e-01
0.000000000000000000e+00 2.948291899282263367e-04 8.368872473997525097e-01 1.150988841597440970e+00 1.754887377111619573e+00 3.410571023223475922e-03
0.000000000000000000e+00 9.632457581951780687e-03 6.900182072904978092e+00 2.313801797061853449e+01 6.772986851555494070e+00 8.847031201908540643e-01
0.000000000000000000e+00 2.948291899282263367e-04 2.934495625066413815e+00 7.481357437212140304e+00 9.112725436220214803e+00 7.960156857485080686e-03
0.000000000000000000e+00 2.948291899282263367e-04 4.421926099508440844e-01 4.669748437061935209e-01 8.025686447660931311e-01 1.805922574106956372e-03
0.000000000000000000e+00 2.948291899282263367e-04 2.850683239981569805e+00 5.199421715997999627e+00 5.402799614124454308e+00 7.163531034018274200e-03
0.000000000000000000e+00 2.948291899282263367e-04 5.076184088724470911e+00 3.112363013198759987e+01 4.814392978500698028e+00 3.155451595426450040e-01
0.000000000000000000e+00 2.948291899282263367e-04 9.538800276441742818e-03 1.062877523585126355e-01 2.236120471612252150e-02 2.966586583774235338e-04
0.000000000000000000e+00 2.948291899282263367e-04 5.135886099217513490e+00 8.568908456445770483e+00 8.025190056928376947e+00 9.109414657298028350e-01
0.000000000000000000e+00 2.948291899282263367e-04 3.804406862462880401e+00 1.467776980520233820e+01 7.300758832430092049e+00 3.394552867096880533e-01
0.000000000000000000e+00 2.948291899282263367e-04 1.118718866373088899e-01 7.863602964080208813e-02 1.015107250741927869e-01 1.468213113385075271e-02
0.000000000000000000e+00 2.948291899282263367e-04 3.994347358804187231e-01 3.077976891185091324e-01 3.822910537986182189e-01 1.211999925202578892e-03
0.000000000000000000e+00 2.948291899282263367e-04 2.110139522177564885e-04 3.415074495009799357e-03 1.025066793005254343e-02 2.377020460513788378e-04
0.000000000000000000e+00 2.948291899282263367e-04 5.135886099217513490e+00 4.509902083541813056e+01 1.418553871617380668e+00 8.901172712619649869e-04
0.000000000000000000e+00 2.948291899282263367e-04 5.135886099217513490e+00 4.491752269738514514e+01 1.418554927348757433e+00 2.262912820916009732e-02
0.000000000000000000e+00 2.948291899282263367e-04 1.176524067355115610e+00 2.177311332930400134e+00 3.381635532019830137e+00 1.287295329462525006e-01
0.000000000000000000e+00 2.948291899282263367e-04 1.118718866373088899e-01 7.863602964080208813e-02 2.621105271602095291e-02 3.619158537072368273e-04
0.000000000000000000e+00 2.948291899282263367e-04 3.754365566088755379e+00 3.003422682508201902e+01 6.432998331585894292e+00 3.766828947875285882e-01
0.000000000000000000e+00 9.632457581951780687e-03 6.900182072904978092e+00 2.331951610865152347e+01 6.773013748681494306e+00 8.847026682721604862e-01
0.000000000000000000e+00 2.948291899282263367e-04 4.837376046752304148e+00 2.077808682486991643e+01 5.374934884035348359e-01 1.734222729482648717e-01
0.000000000000000000e+00 2.948291899282263367e-04 1.224520631071861931e+00 2.117668402664783400e+00 1.076291805006202695e+00 3.451259373660781060e-03
0.000000000000000000e+00 2.948291899282263367e-04 8.568011167787075166e-01 3.882408709232336719e+00 3.857974773544653235e+00 5.956730578237734962e-03
0.000000000000000000e+00 2.948291899282263367e-04 2.892589432523991810e+00 7.357615314214448254e+00 6.075020726470951260e+00 1.893816783849636143e-01
0.000000000000000000e+00 2.948291899282263367e-04 3.754365566088755379e+00 2.731175475458730872e+01 3.658839645556710707e+00 1.897817259863540940e-01
0.000000000000000000e+00 2.948291899282263367e-04 5.135886099217513490e+00 4.782149290591284796e+01 1.092464280816445754e+00 8.901172712619649869e-04
0.000000000000000000e+00 2.948291899282263367e-04 5.076184088724470911e+00 2.676767481919605984e+01 6.150377681027695331e+00 5.427326187323990858e-01
0.000000000000000000e+00 2.948291899282263367e-04 1.152525785496742117e+00 1.474673853509005150e+00 2.312797709661710055e+00 4.150689579829547164e-03
0.000000000000000000e+00 2.948291899282263367e-04 3.754365566088755379e+00 5.762194380609523137e+01 1.576040495183619605e-01 8.901172712619649869e-04
0.000000000000000000e+00 2.948291899282263367e-04 3.854448158837006311e+00 2.604136173271986721e+01 1.388147184470276407e+00 1.084990773514065143e-01
0.000000000000000000e+00 2.948291899282263367e-04 5.076184088724470911e+00 2.241171950640449140e+01 2.336112254257246335e+00 6.117048878813876635e-03
0.000000000000000000e+00 2.948291899282263367e-04 5.076184088724470911e+00 2.186722509230554934e+01 3.148928451079845647e+00 6.121768804873205065e-03
0.000000000000000000e+00 2.948291899282263367e-04 5.076184088724470911e+00 3.039763757985567594e+01 4.938990024230919040e+00 3.155458267710254949e-01
0.000000000000000000e+00 2.948291899282263367e-04 1.224520631071861931e+00 2.117668402664783400e+00 1.076291805006202695e+00 3.451259373660781060e-03
0.000000000000000000e+00 2.948291899282263367e-04 5.076184088724470911e+00 2.186722509230554934e+01 3.148928451079845647e+00 6.121768804873205065e-03
0.000000000000000000e+00 2.948291899282263367e-04 2.143554254921945734e+00 3.753255860552726642e+00 5.790005319786097893e+00 7.107226826706938491e-03
0.000000000000000000e+00 2.948291899282263367e-04 3.854448158837006311e+00 2.495237290452197598e+01 3.039975314993617062e-01 6.099331513520887642e-03
0.000000000000000000e+00 2.948291899282263367e-04 2.892589432523991810e+00 1.101730126859220249e+01 7.299197504796448577e+00 7.991122164379624304e-03
0.000000000000000000e+00 2.948291899282263367e-04 2.850683239981569805e+00 1.116131401527306544e+01 7.480695642829434888e+00 7.997016531874227840e-03
0.000000000000000000e+00 2.948291899282263367e-04 2.892589432523991810e+00 1.101730126859220249e+01 7.299197504796448577e+00 7.991122164379624304e-03
0.000000000000000000e+00 2.948291899282263367e-04 2.892589432523991810e+00 7.481318899174278059e+00 5.907330864588009156e+00 7.883540351985938305e-03
0.000000000000000000e+00 2.948291899282263367e-04 2.011517356371158582e-01 5.546413822141509423e-03 1.300159744544763518e-01 4.426588875021183621e-04
0.000000000000000000e+00 2.948291899282263367e-04 1.905789062405507939e-01 3.250958478990488842e-01 3.153331230050008815e-01 9.804859389871769821e-04
0.000000000000000000e+00 2.948291899282263367e-04 2.110139522177564885e-04 3.266769621116914508e-03 8.467055284986335639e-02 2.868212366135504594e-04
0.000000000000000000e+00 2.948291899282263367e-04 2.110139522177564885e-04 3.086346847121619174e-03 8.467473073795588057e-02 2.868212366135504594e-04
0.000000000000000000e+00 2.948291899282263367e-04 2.683058469811881785e+00 5.724711456298368972e+00 3.918601521686641664e+00 8.460498537467635582e-01
0.000000000000000000e+00 2.948291899282263367e-04 5.016482078231429220e+00 2.531565433887174166e+01 3.762592850482771922e+00 1.685454745989006797e+00
0.000000000000000000e+00 2.948291899282263367e-04 1.905789062405507939e-01 3.250176421399196269e-01 2.673365592882540054e-01 8.025643033361913115e-04
0.000000000000000000e+00 2.948291899282263367e-04 1.800060768439857295e-01 1.916567457895889670e-01 2.814462268321222815e-01 7.891801476289732852e-04
0.000000000000000000e+00 2.948291899282263367e-04 2.110139522177564885e-04 3.266769621116914508e-03 9.397356070085130519e-02 2.888232524900767074e-04
0.000000000000000000e+00 2.948291899282263367e-04 6.682325271502305597e+00 3.366481594985584280e+01 3.657379956846587898e+00 4.574088971088139388e-01
0.000000000000000000e+00 2.948291899282263367e-04 1.118718866373088899e-01 4.675451847945363837e-03 1.178837531955746580e-02 2.947252779117725554e-04
0.000000000000000000e+00 2.948291899282263367e-04 3.804406862462880401e+00 2.713030430040626584e+01 3.658839645556710707e+00 1.897817259863540940e-01
0.000000000000000000e+00 2.948291899282263367e-04 2.110139522177564885e-04 3.266769621116914508e-03 2.885668363202840980e-02 2.414694001053035045e-04
0.000000000000000000e+00 2.948291899282263367e-04 1.152525785496742117e+00 3.519536284566251449e+00 3.981678358504488369e+00 5.966551867965602662e-03
0.000000000000000000e+00 2.948291899282263367e-04 1.118718866373088899e-01 7.868525762390074507e-02 3.856499089166262606e-02 3.640255868294906254e-04
0.000000000000000000e+00 9.632457581951780687e-03 5.076196343705953851e+00 2.549722192785612762e+01 2.205572268440604944e+00 8.379349507298146371e-02
0.000000000000000000e+00 2.948291899282263367e-04 5.076184088724470911e+00 4.818445510708787793e+01 1.048986726724098206e+00 2.262912820916009732e-02
0.000000000000000000e+00 2.948291899282263367e-04 6.609711306170612310e+00 4.691415350292134434e+01 1.092464280816445754e+00 2.262791045507099585e-02
0.000000000000000000e+00 2.948291899282263367e-04 4.658270015273179077e+00 5.362912356541007597e+01 5.706945001299588149e-01 8.901172712619649869e-04
0.000000000000000000e+00 2.948291899282263367e-04 3.804406862462880401e+00 5.798498776601312699e+01 9.237742929691747373e-02 8.901172712619649869e-04
0.000000000000000000e+00 2.948291899282263367e-04 8.169733780207976137e-01 2.654664947052904012e+00 2.540942235852504449e+00 4.203532970863427254e-03
0.000000000000000000e+00 2.948291899282263367e-04 1.200522349213489104e+00 1.998235155972400978e+00 2.961135323639179973e+00 4.220508231554010760e-03
0.000000000000000000e+00 2.948291899282263367e-04 3.854448158837006311e+00 1.451002788414721678e+01 7.300758832430092049e+00 3.394552867096880533e-01
0.000000000000000000e+00 2.948291899282263367e-04 3.091615751679987478e-01 6.108544071061996483e-01 1.308657587164226532e+00 2.201421770093261576e-03
0.000000000000000000e+00 2.948291899282263367e-04 2.213805532514265373e+00 5.514499922098255347e+00 4.062397618344674832e+00 1.684954089445924064e+00
0.000000000000000000e+00 2.948291899282263367e-04 1.025688787863209689e-01 8.924713181030832776e-02 5.092599466575926243e-02 4.223864839361130431e-04
0.000000000000000000e+00 2.948291899282263367e-04 2.178679893718105554e+00 5.829720749982117312e+00 7.416215849267514315e+00 7.858617310956064750e-03
0.000000000000000000e+00 2.948291899282263367e-04 2.213805532514265373e+00 7.975879672901316830e+00 8.567923296876601924e+00 7.959691796935560587e-03
0.000000000000000000e+00 2.948291899282263367e-04 1.118718866373088899e-01 4.336358308847204114e-03 7.522535169894778440e-02 3.576423901116470086e-04
0.000000000000000000e+00 2.948291899282263367e-04 3.854448158837006311e+00 2.622285987075284552e+01 1.252693109650241388e+00 6.124590494621765489e-03
0.000000000000000000e+00 2.948291899282263367e-04 1.118718866373088899e-01 4.675451847945363837e-03 2.236120471612252150e-02 2.966586583774235338e-04
0.000000000000000000e+00 2.948291899282263367e-04 3.854448158837006311e+00 1.451002788414721678e+01 7.300758832430092049e+00 1.734427160916846289e-01
0.000000000000000000e+00 2.948291899282263367e-04 4.956780067738387530e+00 2.404513068271769782e+01 1.794430661469316624e+00 6.121768804873205065e-03
0.000000000000000000e+00 2.948291899282263367e-04 3.744782382940554238e-02 7.836998293715703723e-02 3.292846019544238417e-02 1.087140479766198278e-02
0.000000000000000000e+00 2.948291899282263367e-04 2.011517356371158582e-01 1.061004924535893790e-01 2.027543429673076825e-01 6.375079494680861237e-04
0.000000000000000000e+00 2.948291899282263367e-04 1.629322788043653825e+00 4.459986128747957856e+00 2.992872511293117377e+00 5.985897441286278792e-03
0.000000000000000000e+00 2.948291899282263367e-04 5.076184088724470911e+00 8.424822568174551662e+00 8.569498787477598967e+00 5.497760241281574034e-01
0.000000000000000000e+00 2.948291899282263367e-04 3.754365566088755379e+00 5.181400338903983283e+01 8.533238070545360321e-01 8.901172712619649869e-04
0.000000000000000000e+00 2.948291899282263367e-04 2.110139522177564885e-04 3.157847106268249493e-03 5.676152929689967652e-02 2.469943230828653660e-04
0.000000000000000000e+00 2.948291899282263367e-04 2.720997606410736624e-01 3.674426555434469610e-01 3.822115290571837520e-01 9.921150176167147384e-04
0.000000000000000000e+00 2.948291899282263367e-04 6.972781132829076967e+00 2.331951610865152347e+01 4.177846506377428604e+00 6.514116585761335620e-02
0.000000000000000000e+00 2.948291899282263367e-04 5.135886099217513490e+00 4.600651152558303636e+01 1.288120974177132672e+00 2.262912820916009732e-02
0.000000000000000000e+00 2.948291899282263367e-04 5.076184088724470911e+00 4.636947372675807344e+01 1.288119574933322742e+00 8.901172712619649869e-04
0.000000000000000000e+00 2.948291899282263367e-04 3.604241676966381203e+00 1.029713809843839911e+01 9.295491339609524672e+00 7.391779498087863720e-03
0.000000000000000000e+00 2.948291899282263367e-04 4.956780067738387530e+00 2.676760275321243299e+01 3.555161266393779496e+00 1.897805657048772243e-01
0.000000000000000000e+00 2.948291899282263367e-04 2.110139522177564885e-04 3.121984819287207478e-03 9.397773858894380161e-02 2.888232524900767074e-04
0.000000000000000000e+00 2.948291899282263367e-04 6.900167167497385456e+00 3.384638639586631825e+01 3.547953171357269397e+00 4.356700386804325253e-01
0.000000000000000000e+00 2.948291899282263367e-04 1.200522349213489104e+00 1.374641841709763890e+00 2.577889469100997033e+00 4.177473962111879872e-03
0.000000000000000000e+00 2.948291899282263367e-04 5.016482078231429220e+00 5.399236014808283102e+01 3.967641038494997829e-01 8.901172712619649869e-04
0.000000000000000000e+00 2.948291899282263367e-04 4.136873605705604362e-01 5.389343474899431774e-01 1.789240764847813692e-01 1.216493972168535692e-03
0.000000000000000000e+00 2.948291899282263367e-04 4.658270015273179077e+00 5.362912356541007597e+01 5.706945001299588149e-01 8.901172712619649869e-04
0.000000000000000000e+00 2.948291899282263367e-04 1.629322788043653825e+00 2.866286126280623847e+00 3.363075576370635034e+00 5.071596306240035330e-03
0.000000000000000000e+00 2.948291899282263367e-04 2.110139522177564885e-04 3.415074495009799357e-03 6.606453714788761145e-02 2.488032508368130950e-04
0.000000000000000000e+00 2.948291899282263367e-04 5.135886099217513490e+00 4.528051897345110888e+01 1.396814965321280688e+00 8.901172712619649869e-04
0.000000000000000000e+00 2.948291899282263367e-04 5.135886099217513490e+00 2.241175358129543582e+01 4.368509437102197523e+00 1.085074614122832071e-01
0.000000000000000000e+00 2.948291899282263367e-04 5.076184088724470911e+00 4.255801282806545771e+01 1.744630550808901504e+00 8.901172712619649869e-04
0.000000000000000000e+00 2.948291899282263367e-04 2.110139522177564885e-04 3.303518725958386366e-03 6.606871503598013562e-02 2.488032508368130950e-04
0.000000000000000000e+00 2.948291899282263367e-04 5.016482078231429220e+00 2.531565433887174166e+01 3.762592850482771922e+00 1.685454745989006797e+00
0.000000000000000000e+00 2.948291899282263367e-04 4.956780067738387530e+00 2.567861392501454176e+01 3.658813057916611378e+00 1.747774445912640306e+00
0.000000000000000000e+00 2.948291899282263367e-04 2.110139522177564885e-04 3.377672391660942360e-03 1.025066793005254343e-02 2.377020460513788378e-04
0.000000000000000000e+00 2.948291899282263367e-04 5.135886099217513490e+00 4.782149290591284796e+01 1.092464280816445754e+00 8.901172712619649869e-04
0.000000000000000000e+00 2.948291899282263367e-04 5.076184088724470911e+00 4.818445510708787793e+01 1.048986726724098206e+00 2.262912820916009732e-02
0.000000000000000000e+00 2.948291899282263367e-04 2.110139522177564885e-04 3.086346847121619174e-03 8.467473073795588057e-02 2.868212366135504594e-04
0.000000000000000000e+00 2.948291899282263367e-04 2.110139522177564885e-04 3.566820820504548045e-03 7.537172288696805666e-02 2.505961851431170485e-04
0.000000000000000000e+00 2.948291899282263367e-04 6.827553202165692170e+00 3.094239328392029975e+01 3.859930554466840746e+00 1.869524953735851314e-01
0.000000000000000000e+00 2.948291899282263367e-04 2.011517356371158582e-01 1.790035199778318084e-02 2.026539483870220260e-01 5.198308652891495650e-04
0.000000000000000000e+00 2.948291899282263367e-04 1.600240900837076818e+00 4.459947356850906708e+00 5.646134872199413124e+00 7.116878447863728835e-03
0.000000000000000000e+00 2.948291899282263367e-04 2.110139522177564885e-04 3.377672391660942360e-03 7.537172288696805666e-02 2.505961851431170485e-04
0.000000000000000000e+00 2.948291899282263367e-04 2.110139522177564885e-04 3.266769621116914508e-03 7.536754499887554637e-02 2.505961851431170485e-04
0.000000000000000000e+00 2.948291899282263367e-04 1.200522349213489104e+00 1.374641841709763890e+00 2.577889469100997033e+00 4.177473962111879872e-03
0.000000000000000000e+00 2.948291899282263367e-04 5.076184088724470911e+00 3.148662640805356716e+01 4.814413084444967517e+00 3.765430270553618564e-01
0.000000000000000000e+00 2.948291899282263367e-04 6.972781132829076967e+00 3.711337459915811365e+01 2.165831122619489513e+00 4.436813201275403157e-02
0.000000000000000000e+00 2.948291899282263367e-04 2.110139522177564885e-04 3.303518725958386366e-03 5.676570718499220070e-02 2.469943230828653660e-04
0.000000000000000000e+00 2.948291899282263367e-04 2.110139522177564885e-04 3.566820820504548045e-03 1.032807464399317504e-01 2.908077860167684056e-04
0.000000000000000000e+00 2.948291899282263367e-04 3.754365566088755379e+00 9.865082011039078225e+00 1.038448016780741590e+01 7.418139276848493592e-03
0.000000000000000000e+00 2.948291899282263367e-04 5.016482078231429220e+00 2.005135582432684771e+01 7.034483799130102355e-01 7.409702330261456853e-03
0.000000000000000000e+00 2.948291899282263367e-04 1.905789062405507939e-01 3.418119652523097796e-01 8.245837353148639803e-02 6.491738165793811124e-04
0.000000000000000000e+00 2.948291899282263367e-04 2.011517356371158582e-01 1.061672193736327152e-01 1.526059909075249965e-01 5.379711593966401365e-04
0.000000000000000000e+00 2.948291899282263367e-04 2.110139522177564885e-04 3.566820820504548045e-03 5.676152929689967652e-02 2.469943230828653660e-04
0.000000000000000000e+00 2.948291899282263367e-04 2.110139522177564885e-04 3.566820820504548045e-03 3.815969148301633085e-02 2.433276217459231887e-04
0.000000000000000000e+00 2.948291899282263367e-04 2.110139522177564885e-04 3.566820820504548045e-03 1.025066793005254343e-02 2.377020460513788378e-04
