inf 1.343175843904830143e-02
inf 1.343175843904830143e-02
inf 1.343175843904830143e-02
inf 1.343175843904830143e-02
inf 1.343175843904830143e-02
inf 1.343175843904830143e-02
inf 1.343175843904830143e-02
inf 1.343175843904830143e-02
1.477669200713237885e+01 1.364714214131124669e-02
inf 1.343175843904830143e-02
7.400561329797667121e+00 2.290020818689227156e+01
7.408933563224422869e+00 1.947372484931628378e+01
7.439670507828649804e+00 1.249815189665058313e+01
7.438832108810529142e+00 1.294606212744823281e+01
7.411019386854666990e+00 1.896078790828696725e+01
7.420923544196324606e+00 1.671162130649031496e+01
7.481297281993896320e+00 7.196493921156625007e+00
7.480045943058297730e+00 7.695097158158132444e+00
7.420204097860942483e+00 1.700985547674099863e+01
7.459606331415551850e+00 9.969405166573620747e+00
7.423820844199559232e+00 1.630215297807248476e+01
7.459783942378892974e+00 9.521693351213007972e+00
7.432424669609170920e+00 1.414358492091422903e+01
7.432580859370054860e+00 1.377007742537029600e+01
7.439937723163182248e+00 1.227152624589565200e+01
7.411188979279723199e+00 1.879208773451528458e+01
7.411529714390199253e+00 1.848066272815267297e+01
7.437788868999345659e+00 1.311038569433628531e+01
7.454139089423275522e+00 1.047213022438194230e+01
7.505648456949105984e+00 5.673855435847915629e+00
7.425313832101781308e+00 1.551843822720340071e+01
7.424268851246271339e+00 1.603065004003746097e+01
7.506743082183660931e+00 5.425982889477248605e+00
7.424961483289755471e+00 1.576622727745347241e+01
7.426630594060633861e+00 1.522321714014008798e+01
7.426734197383953351e+00 1.500622321613499466e+01
7.534421289862899052e+00 4.190162770992444052e+00
7.532761876345124286e+00 4.396324639621749242e+00
7.423110538504108291e+00 1.650684682296069283e+01
7.423773047624853128e+00 1.648429734317998552e+01
7.453791043641682990e+00 1.067071323769788904e+01
7.413049282472112367e+00 1.789765789991912115e+01
7.412705452414724228e+00 1.808908288874893344e+01
7.412488369434733215e+00 1.829916459011969465e+01
7.415158758874129674e+00 1.775296912802969729e+01
7.419509517431884582e+00 1.720050945617544613e+01
7.412173555034893724e+00 1.840123974377766558e+01
7.452867245650384831e+00 1.072965878415995711e+01
7.451986652624888130e+00 1.089988416388805170e+01
7.411110671737842104e+00 1.883989224407120133e+01
7.574526358307293705e+00 2.953136225817399207e+00
7.567251129478663074e+00 3.312792897829813565e+00
7.450601054519338184e+00 1.093266197698757480e+01
7.485531157216751552e+00 6.920767897359763943e+00
7.449049957583192771e+00 1.113595192377729859e+01
7.426242707189949499e+00 1.524693245463170754e+01
7.419328312091521660e+00 1.732106749696163561e+01
7.413049282472112367e+00 1.789765789991912115e+01
7.487210024108103212e+00 6.776542934052637079e+00
7.427379175038328896e+00 1.486215327987044610e+01
7.426734197383953351e+00 1.500622321613499466e+01
7.424268851246271339e+00 1.603065004003746097e+01
7.424781156449332897e+00 1.588658100101453208e+01
7.436306161457865826e+00 1.323417981209315109e+01
7.435515128439778465e+00 1.337824817960226298e+01
7.441108606596745112e+00 1.212746740357319197e+01
7.433905044373257276e+00 1.352229749673806580e+01
7.432748964264384917e+00 1.366635633906052050e+01
7.435515128439778465e+00 1.337824817960226298e+01
7.433905044373257276e+00 1.352229749673806580e+01
7.489128757771890577e+00 6.720571826292657924e+00
7.471802201646046804e+00 8.400066296558712509e+00
7.472411299981597033e+00 8.260673372391638125e+00
7.461035973386955789e+00 9.366289401168613082e+00
7.447954656490275660e+00 1.126910069987550500e+01
7.456164292311918906e+00 1.023533615268547159e+01
7.574241409691209626e+00 3.082832340695003559e+00
7.425890555263173987e+00 1.537436874353900329e+01
7.431176260091010732e+00 1.437907356908719514e+01
7.436306161457865826e+00 1.323417981209315109e+01
7.449647517627347781e+00 1.105637619338596167e+01
7.441444427298890218e+00 1.202409852940636803e+01
7.476857677289095783e+00 8.013176651431411557e+00
7.489318145317523268e+00 6.597244768545229121e+00
7.548658048586603719e+00 3.696400751198370749e+00
7.467901946610352226e+00 8.766894246860585937e+00
7.443091784834943603e+00 1.185969475375361171e+01
7.443096988266592717e+00 1.175841520288115305e+01
7.474057296800437733e+00 8.136969787431803880e+00
7.589432871026164484e+00 2.698402287878396866e+00
7.412663178636432093e+00 1.820997855296469936e+01
7.412705452414724228e+00 1.808908288874893344e+01
7.411019386854666990e+00 1.896078790828696725e+01
7.419509517431884582e+00 1.720050945617544613e+01
7.425890555263173987e+00 1.537436874353900329e+01
7.425676286999347120e+00 1.549472291271178115e+01
7.424961483289755471e+00 1.576622727745347241e+01
7.424781156449332897e+00 1.588658100101453208e+01
7.471251414764409127e+00 8.519487076940915671e+00
7.471802201646046804e+00 8.400066296558712509e+00
7.534421289862899052e+00 4.190162770992444052e+00
7.536992331161552094e+00 4.074382655989759350e+00
7.489661834769528959e+00 6.511761796169105665e+00
7.485477937832833106e+00 6.930745150334491456e+00
7.647400064271688613e+00 1.773074072625836717e+00
7.690965101415735639e+00 1.385338369095945765e+00
7.564322836953254914e+00 3.396624867424367089e+00
7.431306467017030570e+00 1.431136960717614670e+01
7.459105288062522376e+00 1.006358235663459944e+01
7.474628070162850690e+00 8.083924608848059634e+00
7.698660824482301379e+00 1.317514081419686178e+00
7.476990563510512722e+00 7.907175461770984626e+00
7.456429681448716984e+00 1.015021235351683515e+01
7.455846861583434126e+00 1.036695949557481455e+01
7.454392706568815363e+00 1.038701936890952027e+01
7.466727862663424808e+00 8.890082039448063966e+00
7.463637610748333096e+00 9.119398303826214303e+00
7.462156564429403893e+00 9.296969805632219419e+00
7.483737015053884889e+00 7.035831812355409554e+00
7.493787116487056643e+00 6.304375407973406453e+00
7.497908831155106313e+00 6.118965942488387988e+00
7.550396709762595471e+00 3.591626633633516974e+00
7.432748964264384917e+00 1.366635633906052050e+01
7.431887761119761571e+00 1.423500351839100375e+01
7.432580859370054860e+00 1.377007742537029600e+01
7.462252108332465106e+00 9.193309584278514635e+00
7.442076490721580839e+00 1.196724281860000616e+01
7.441108606596745112e+00 1.212746740357319197e+01
7.568241542873042960e+00 3.134701626006311415e+00
7.567834160377710617e+00 3.234960226294144370e+00
7.621167892904902708e+00 2.034932269480916212e+00
7.540406415380857652e+00 3.940365768325070572e+00
7.504700398109948267e+00 5.703531433879679646e+00
7.418587360797961772e+00 1.734673079324138811e+01
7.446901515096160828e+00 1.134449387803087639e+01
7.589857386021597208e+00 2.617275872111866963e+00
7.539205011532193801e+00 4.010747265090180314e+00
7.459379482848144782e+00 9.988964972246815677e+00
7.557236132797011230e+00 3.465706657389701295e+00
7.649864325224823958e+00 1.682113482268370985e+00
7.477109206857375234e+00 7.871460553710226016e+00
7.511833019283508328e+00 5.190567510350331482e+00
7.607069241993488440e+00 2.328524181914115587e+00
7.412663178636432093e+00 1.820997855296469936e+01
7.477899867044290438e+00 7.816966677283326170e+00
7.520052973915463568e+00 4.809491358445063369e+00
7.527756400705878370e+00 4.544399599005776835e+00
7.530502858348001816e+00 4.456035679192681620e+00
7.516771123131536392e+00 4.955160961491085203e+00
7.418015727652315761e+00 1.756177517451116188e+01
7.479964740329454465e+00 7.747667417709833693e+00
7.483513407310026011e+00 7.123181260528644643e+00
7.483737015053884889e+00 7.035831812355409554e+00
7.442231482732377223e+00 1.190038451843579814e+01
7.468586011681901837e+00 8.698495244439174101e+00
7.460103716160169540e+00 9.453295381708811007e+00
7.517652378116559397e+00 4.897855278258159473e+00
7.507356048279575589e+00 5.367295349976522800e+00
7.545299589427157727e+00 3.799720096105445144e+00
7.489318145317523268e+00 6.597244768545229121e+00
7.631584865374886562e+00 1.934321688824006902e+00
7.578338544106229868e+00 2.917969305826830340e+00
7.446032853173682575e+00 1.138518302641894131e+01
7.456142371852780393e+00 1.028184864010239252e+01
8.055914098461540718e+00 4.623544084385267650e-01
7.430791471246628532e+00 1.443880555739708349e+01
7.990592864049819610e+00 5.180351394098712259e-01
7.807924758686175082e+00 8.235468400048121529e-01
7.606392571352087906e+00 2.410240006320100825e+00
7.616252816755421762e+00 2.205335631101748017e+00
7.705654445444501732e+00 1.279264772976483444e+00
7.942649432443434243e+00 5.899278267413632371e-01
7.418290225056873410e+00 1.741831617487535055e+01
7.418072083530704575e+00 1.749781422695245681e+01
7.411529714390199253e+00 1.848066272815267297e+01
9.760404087946865204e+00 9.769162560796504358e-02
8.320862623035509387e+00 3.137156232728678384e-01
7.567834160377710617e+00 3.234960226294144370e+00
7.553062431174907054e+00 3.541577331511052584e+00
7.515330043713166042e+00 4.986219198071254688e+00
7.429725901630621188e+00 1.457057289091484797e+01
7.429150699129919211e+00 1.464693897969998915e+01
7.555577750804553183e+00 3.514092490437092930e+00
7.494601543236954377e+00 6.228964743984253261e+00
7.447954656490275660e+00 1.126910069987550500e+01
7.601803829328340534e+00 2.458845400488918642e+00
1.095145333665140797e+01 5.112260727231765500e-02
7.688033743253658514e+00 1.430676327013838733e+00
7.807258662983067588e+00 8.755628788595115619e-01
7.462676443203206667e+00 9.174702886364636711e+00
7.415587399526025081e+00 1.770647013297060113e+01
7.415699379130675339e+00 1.763297908816250725e+01
7.726714411031467833e+00 1.172859479400031102e+00
7.481920640107670550e+00 7.143837483653118881e+00
7.616093217873163290e+00 2.228441589165865100e+00
7.796928998055582483e+00 8.975996686827550919e-01
7.503970281206240323e+00 5.824264188929623387e+00
7.491841077744199495e+00 6.374212114689504993e+00
7.499433635530405873e+00 5.953865466605848589e+00
7.490671393976864323e+00 6.482085884205869064e+00
7.500467287573442832e+00 5.913704757921514066e+00
7.513880659325771205e+00 5.100396304895748578e+00
7.977101275747400244e+00 5.453226245758289181e-01
7.744088380258960846e+00 1.060080755431556554e+00
7.418290225056873410e+00 1.741831617487535055e+01
7.515316654763090298e+00 5.032049935761084392e+00
7.416765490867673449e+00 1.758609120951611260e+01
8.964252416563114778e+00 1.680076757611417282e-01
7.741348910943743000e+00 1.088776590789621412e+00
7.539606169544529557e+00 3.979572425345181408e+00
9.260998235753167052e+00 1.293163071940238995e-01
7.583961755577384167e+00 2.765141863496452856e+00
7.467844437280207082e+00 8.820761974459966126e+00
7.461189154402185331e+00 9.298406471324469180e+00
7.466423109329142882e+00 8.926778624742887303e+00
7.478365263630313287e+00 7.783085737614075406e+00
7.562307967689924304e+00 3.422089020112358604e+00
7.749932094012116579e+00 1.017183867247735130e+00
7.772655091444372388e+00 9.911372217001315210e-01
7.465612878859456458e+00 8.995178646289110347e+00
7.460525231829507220e+00 9.434688403590024919e+00
7.465128210052116131e+00 9.013785624407898212e+00
7.470285887553352211e+00 8.574791659479339856e+00
7.469552323939428362e+00 8.643190661900751692e+00
7.459783942378892974e+00 9.521693351213007972e+00
7.473974224110501829e+00 8.205318937231304233e+00
7.514824475934674730e+00 5.057448488715967194e+00
7.504315255810993790e+00 5.771243457893680429e+00
7.497993892402388560e+00 6.051254267751803084e+00
7.429826450251713510e+00 1.450286915734923276e+01
7.429725901630621188e+00 1.457057289091484797e+01
7.428684210430805734e+00 1.473835757717676564e+01
7.428770526018951159e+00 1.467065384361115044e+01
7.432017646050482540e+00 1.416729978482539032e+01
7.585430179150911556e+00 2.738417288827714291e+00
7.458675980527335270e+00 1.009532721641690500e+01
7.655537862498929869e+00 1.640207289725948980e+00
7.630764405781545356e+00 1.972343920058904354e+00
8.223410140699581206e+00 3.514735225211964575e-01
7.490986668198265974e+00 6.439138068026087680e+00
7.498929658488148853e+00 5.986328486064532939e+00
7.497993892402388560e+00 6.051254267751803084e+00
7.445987691682757870e+00 1.144995299577224301e+01
7.444734469420608569e+00 1.152924186874139956e+01
7.444718005085817936e+00 1.159401183809470126e+01
7.444288602228605001e+00 1.169738132560818045e+01
7.444295219754978987e+00 1.163261156267579111e+01
7.711369448870057042e+00 1.237248141087592401e+00
7.617662597008530767e+00 2.099355140982629653e+00
7.725950851273443831e+00 1.214640660701217900e+00
7.664231615393736874e+00 1.582013809695205220e+00
7.525643037458086937e+00 4.634998545744082321e+00
7.427740021418404837e+00 1.483843852987307699e+01
7.430423377754687309e+00 1.446252030739445260e+01
7.418072083530704575e+00 1.749781422695245681e+01
7.639340285060316482e+00 1.875415221265790855e+00
7.821655753552014367e+00 7.934067071780134262e-01
7.536992331161552094e+00 4.074382655989759350e+00
7.681337352202605828e+00 1.459763575785468781e+00
7.548644853249989239e+00 3.714201723031981039e+00
7.625629943706642599e+00 1.999800536143037988e+00
7.492765989930140869e+00 6.334051406005170470e+00
7.890229581730117125e+00 6.857502694461299342e-01
7.510551850103217575e+00 5.220243057147085253e+00
7.509722749284873267e+00 5.251725591567057094e+00
7.443481156490917350e+00 1.173807068041715773e+01
7.512889876969932601e+00 5.130070881642720515e+00
7.909172512065830496e+00 6.249881899241335192e-01
7.540686104507072329e+00 3.880393985657081046e+00
7.428684210430805734e+00 1.473835757717676564e+01
7.428370652463955004e+00 1.479808967991829505e+01
7.524775113270679050e+00 4.668291182416171914e+00
7.528322952707372728e+00 4.515746641985720622e+00
7.523552043185413929e+00 4.694709662566414643e+00
7.532761876345124286e+00 4.396324639621749242e+00
7.521533576778019814e+00 4.754420702137347021e+00
7.525646291519887399e+00 4.604110561798816725e+00
7.519120430458960946e+00 4.842784621950443125e+00
7.598370076960013542e+00 2.567685552046651498e+00
7.581569768291425149e+00 2.861734426928863151e+00
7.449494572868928799e+00 1.111560750527807429e+01
7.449647517627347781e+00 1.105637619338596167e+01
8.447458375885403825e+00 2.593268839291711925e-01
8.758419045809382908e+00 2.002821191706836701e-01
7.453791043641682990e+00 1.067071323769788904e+01
7.452867245650384831e+00 1.072965878415995711e+01
7.445581452766488972e+00 1.148855272035333286e+01
7.639119493279308060e+00 1.887039982008197114e+00
8.185767588547664175e+00 3.786837694975689339e-01
7.507858949774608881e+00 5.324348281643227487e+00
7.506743082183660931e+00 5.425982889477248605e+00
7.598378831452816229e+00 2.543116511556390069e+00
7.617017168448446007e+00 2.147619904232171972e+00
7.675387960160398926e+00 1.539322802832765014e+00
7.502631640266270274e+00 5.843867533299894390e+00
7.441870689060400501e+00 1.200375359607607173e+01
7.578846495548308582e+00 2.867854187433493074e+00
7.487910354260073120e+00 6.737581385870964112e+00
7.464966388843416567e+00 9.063577648710522183e+00
7.473434023777855373e+00 8.240648188106209915e+00
7.471251414764409127e+00 8.519487076940915671e+00
7.470285887553352211e+00 8.574791659479339856e+00
7.469063348831050497e+00 8.679888546525297954e+00
8.126443725037452381e+00 4.103123974479618852e-01
7.518134876071594697e+00 4.869202321238102371e+00
7.521533576778019814e+00 4.754420702137347021e+00
7.458007896487107935e+00 1.013016497694910356e+01
8.405361316533078053e+00 2.735862669771897404e-01
7.867822131011102726e+00 7.117433963114000450e-01
7.467844437280207082e+00 8.820761974459966126e+00
7.841122553837975850e+00 7.597399600281469212e-01
7.582197914299444896e+00 2.808152176940451383e+00
7.475259568716730918e+00 8.030879046730820647e+00
7.504315255810993790e+00 5.771243457893680429e+00
7.481297281993896320e+00 7.196493921156625007e+00
7.480045943058297730e+00 7.695097158158132444e+00
7.736797778517726876e+00 1.130656684160237457e+00
7.640904482770478623e+00 1.823142323242010088e+00
8.102794061811451343e+00 4.338438418897185289e-01
7.569477239896637677e+00 3.097205400425385058e+00
7.601139395835029511e+00 2.509642124475242486e+00
7.775374018505953444e+00 9.483380661930493893e-01
7.646523858711112176e+00 1.795822560444038540e+00
7.551475650701753750e+00 3.591582818543630928e+00
7.608402229634742220e+00 2.320359826448479268e+00
7.611486024813361340e+00 2.278482885539990122e+00
7.463768871293659402e+00 9.069605999318678613e+00
7.595026577067709894e+00 2.602818522049432204e+00
7.606363355250841174e+00 2.434809106894530117e+00
7.542930882859717912e+00 3.848307235525110670e+00
7.548038895285061223e+00 3.759513572851482355e+00
7.617662597008530767e+00 2.099355140982629653e+00
7.617017168448446007e+00 2.147619904232171972e+00
7.860302489730756292e+00 7.397446132954417219e-01
7.496055959566430893e+00 6.156340929772707860e+00
7.415699379130675339e+00 1.763297908816250725e+01
7.456142371852780393e+00 1.028184864010239252e+01
7.415587399526025081e+00 1.770647013297060113e+01
7.680038087047927675e+00 1.494120415053453055e+00
7.582197914299444896e+00 2.808152176940451383e+00
7.490986668198265974e+00 6.439138068026087680e+00
7.508558761035811102e+00 5.281400465463446103e+00
7.775374018505953444e+00 9.483380661930493893e-01
7.669382209632647829e+00 1.551732377895189252e+00
7.735277170184842177e+00 1.141176212796526368e+00
7.649864325224823958e+00 1.682113482268370985e+00
7.611486024813361340e+00 2.278482885539990122e+00
7.444288602228605001e+00 1.169738132560818045e+01
7.445151482414256172e+00 1.150889734627740424e+01
7.446460695308413591e+00 1.136483850395494599e+01
7.428370652463955004e+00 1.479808967991829505e+01
7.429826450251713510e+00 1.450286915734923276e+01
7.431865680841767130e+00 1.427102087113516582e+01
7.547572117668656766e+00 3.762594455225024781e+00
7.496016873470455089e+00 6.166825898143117435e+00
7.492358366343666809e+00 6.366514253814541391e+00
7.487210024108103212e+00 6.776542934052637079e+00
7.445987691682757870e+00 1.144995299577224301e+01
7.444323401888291336e+00 1.161435636055869658e+01
7.568241542873042960e+00 3.134701626006311415e+00
