0.000000000000000000e+00 2.948291899282263367e-04 3.266769621116914508e-03 9.632457581951780687e-03 2.377020460513788378e-04
0.000000000000000000e+00 2.948291899282263367e-04 3.266769621116914508e-03 9.632457581951780687e-03 2.377020460513788378e-04
0.000000000000000000e+00 2.948291899282263367e-04 3.266769621116914508e-03 9.632457581951780687e-03 2.377020460513788378e-04
0.000000000000000000e+00 2.948291899282263367e-04 3.266769621116914508e-03 9.632457581951780687e-03 2.377020460513788378e-04
0.000000000000000000e+00 2.948291899282263367e-04 3.266769621116914508e-03 9.632457581951780687e-03 2.377020460513788378e-04
0.000000000000000000e+00 2.948291899282263367e-04 3.266769621116914508e-03 9.632457581951780687e-03 2.377020460513788378e-04
0.000000000000000000e+00 2.948291899282263367e-04 3.266769621116914508e-03 9.632457581951780687e-03 2.377020460513788378e-04
0.000000000000000000e+00 2.948291899282263367e-04 3.266769621116914508e-03 9.632457581951780687e-03 2.377020460513788378e-04
0.000000000000000000e+00 2.948291899282263367e-04 3.566820820504548045e-03 9.547790084827093710e-03 2.377020460513788378e-04
0.000000000000000000e+00 2.948291899282263367e-04 3.266769621116914508e-03 9.632457581951780687e-03 2.377020460513788378e-04
0.000000000000000000e+00 1.176765668184839297e+00 1.786397655735934364e+01 7.661561557370463182e-01 3.093309805611044183e+00
0.000000000000000000e+00 1.224762231901585618e+00 1.360933074517697072e+01 1.546366887237599519e+00 3.093264985000128142e+00
0.000000000000000000e+00 1.104770822609719039e+00 7.615429019092655238e+00 8.908384197994158038e-01 2.887113635148792490e+00
0.000000000000000000e+00 8.968293368624620232e-01 1.057264111344622037e+01 3.001735647369310409e-02 1.446574320665859226e+00
0.000000000000000000e+00 1.513288018847176009e+00 1.346534092501503999e+01 7.074434559279946244e-01 3.274715508496754524e+00
0.000000000000000000e+00 8.570015981045523423e-01 1.044879886211416675e+01 2.977310855478870755e-02 5.376047737716804775e+00
0.000000000000000000e+00 7.972599899676875435e-01 4.100122199502556519e+00 1.932740861204107763e-01 2.105837645565969751e+00
0.000000000000000000e+00 8.968293368624620232e-01 3.737262175685682308e+00 4.583658455596973380e-01 2.602639800050290830e+00
0.000000000000000000e+00 1.152767386326465804e+00 1.346505576986374209e+01 3.595911402116371697e-02 2.356073206529626596e+00
0.000000000000000000e+00 8.769154674835071273e-01 7.825486921761572567e+00 2.723204950002413027e-01 9.946822823283000270e-01
0.000000000000000000e+00 8.370877287255974464e-01 1.094354173814573095e+01 1.326546937375808755e+00 3.194976573825347721e+00
0.000000000000000000e+00 8.171738593466424394e-01 5.784766286520820699e+00 4.407232467406444476e-01 2.479029958604901385e+00
0.000000000000000000e+00 8.968293368624620232e-01 1.057264111344622037e+01 3.181350411186077420e-01 2.355979429486939392e+00
0.000000000000000000e+00 8.769154674835071273e-01 1.069627606913495121e+01 3.001735647369310409e-02 2.166868532278146020e+00
0.000000000000000000e+00 8.968293368624620232e-01 7.720458560565321093e+00 7.671348348395807815e-01 2.887103513628288542e+00
0.000000000000000000e+00 1.200763950043212791e+00 1.360926022458008511e+01 7.073579145564273807e-01 3.274705645335561854e+00
0.000000000000000000e+00 1.224762231901585618e+00 1.360933074517697072e+01 3.718740834041513454e-01 3.274695667669965893e+00
0.000000000000000000e+00 8.968293368624620232e-01 1.044893752848638613e+01 2.993644711358812299e-02 1.734682381873849932e+00
0.000000000000000000e+00 8.171738593466424394e-01 8.140564765098954325e+00 2.491332508057146969e-02 1.489478274855773554e+00
0.000000000000000000e+00 6.190883140922821548e-01 2.953027075286714265e+00 5.213840995685995461e-01 1.580355946900319886e+00
0.000000000000000000e+00 8.769154674835071273e-01 1.069627606913495121e+01 7.503115680859797632e-01 3.194935122498962166e+00
0.000000000000000000e+00 8.570015981045523423e-01 1.081990961699366949e+01 1.326546937375808755e+00 3.027191887563429606e+00
0.000000000000000000e+00 5.856560793857604752e-01 3.072352688090331796e+00 8.570030757844160352e-02 1.682273814422714509e+00
0.000000000000000000e+00 8.570015981045523423e-01 1.081990961699366949e+01 8.943704104084370110e-01 3.194945651946813125e+00
0.000000000000000000e+00 8.968293368624620232e-01 1.057264111344622037e+01 8.943704104084370110e-01 2.859376279422969791e+00
0.000000000000000000e+00 8.968293368624620232e-01 1.057264111344622037e+01 1.740761987961504109e-01 3.362676567030161490e+00
0.000000000000000000e+00 5.355077273259781778e-01 2.274847003753324159e+00 7.006345402522259902e-02 1.309744585887919310e+00
0.000000000000000000e+00 6.358044314455429946e-01 1.974800304208946367e+00 3.685735064904316904e-01 1.417146397476827691e+00
0.000000000000000000e+00 8.570015981045523423e-01 1.069620603203383347e+01 1.758642554983075756e+00 3.194996637839230935e+00
0.000000000000000000e+00 8.570015981045523423e-01 1.007768810723466402e+01 1.735831263403376512e-01 5.376024511500430592e+00
0.000000000000000000e+00 8.570015981045523423e-01 7.930514087000918089e+00 1.486169100404063637e-01 1.734580642552013163e+00
0.000000000000000000e+00 1.224762231901585618e+00 1.360933074517697072e+01 2.040893971422336750e-01 2.859475525698330856e+00
0.000000000000000000e+00 1.224762231901585618e+00 1.346527190285451603e+01 3.717885420325839352e-01 3.027260211960248526e+00
0.000000000000000000e+00 1.224762231901585618e+00 1.360933074517697072e+01 3.718740834041513454e-01 3.093197529636988463e+00
0.000000000000000000e+00 1.200763950043212791e+00 1.332114253993517039e+01 2.038310585100189809e-01 3.027231579541297180e+00
0.000000000000000000e+00 1.224762231901585618e+00 1.274497769124222657e+01 2.035675587212084636e-01 3.027201974310425481e+00
0.000000000000000000e+00 1.128769104468092532e+00 1.404121600838717399e+01 2.040038557706583267e-01 3.027250775151741458e+00
0.000000000000000000e+00 8.769154674835071273e-01 7.825486921761572567e+00 1.486169100404063637e-01 1.878639484874470522e+00
0.000000000000000000e+00 8.370877287255974464e-01 8.035540040247576954e+00 1.486169100404063637e-01 1.878639484874470522e+00
0.000000000000000000e+00 1.224762231901585618e+00 1.346527190285451603e+01 8.751426008183451621e-01 3.274715508496754524e+00
0.000000000000000000e+00 3.092859474764499961e-01 1.350724447527817507e+00 2.163419967998568005e-01 1.076783834013274710e+00
0.000000000000000000e+00 5.522238446792387956e-01 1.527903810145271102e+00 3.586201283560228048e-01 8.740451146492809187e-01
0.000000000000000000e+00 8.968293368624620232e-01 7.720458560565321093e+00 1.486169100404063637e-01 2.166757169519385240e+00
0.000000000000000000e+00 6.190883140922821548e-01 4.317827837643852362e+00 1.932740861204107763e-01 1.790577659503218122e+00
0.000000000000000000e+00 8.968293368624620232e-01 7.615371898544402995e+00 2.483856564570122508e-02 2.598912122724732487e+00
0.000000000000000000e+00 8.968293368624620232e-01 1.057264111344622037e+01 7.503115680859797632e-01 3.027150436237044495e+00
0.000000000000000000e+00 1.224762231901585618e+00 1.303309537588714306e+01 7.070978590688504761e-01 2.356112030104054789e+00
0.000000000000000000e+00 1.224762231901585618e+00 1.360933074517697072e+01 2.040893971422336750e-01 2.859475525698330856e+00
0.000000000000000000e+00 6.358044314455429946e-01 4.245260184304511242e+00 1.049101663073173374e-01 1.790568151995266089e+00
0.000000000000000000e+00 8.968293368624620232e-01 1.057264111344622037e+01 3.001735647369310409e-02 3.362665473088071177e+00
0.000000000000000000e+00 8.968293368624620232e-01 1.057264111344622037e+01 1.740761987961504109e-01 3.362676567030161490e+00
0.000000000000000000e+00 8.570015981045523423e-01 1.081990961699366949e+01 1.326546937375808755e+00 3.027191887563429606e+00
0.000000000000000000e+00 8.570015981045523423e-01 1.081990961699366949e+01 1.182488095053351618e+00 3.027181690862958963e+00
0.000000000000000000e+00 8.968293368624620232e-01 1.057264111344622037e+01 3.001735647369310409e-02 1.734692005310777274e+00
0.000000000000000000e+00 8.968293368624620232e-01 1.057264111344622037e+01 1.740761987961504109e-01 1.734701530497430921e+00
0.000000000000000000e+00 8.968293368624620232e-01 7.720458560565321093e+00 7.671348348395807815e-01 2.743044671305827631e+00
0.000000000000000000e+00 8.968293368624620232e-01 1.057264111344622037e+01 3.001735647369310409e-02 2.022809689955692214e+00
0.000000000000000000e+00 8.968293368624620232e-01 1.057264111344622037e+01 3.001735647369310409e-02 2.166868532278146020e+00
0.000000000000000000e+00 8.968293368624620232e-01 1.057264111344622037e+01 1.740761987961504109e-01 1.734701530497430921e+00
0.000000000000000000e+00 8.968293368624620232e-01 1.057264111344622037e+01 3.001735647369310409e-02 2.022809689955692214e+00
0.000000000000000000e+00 6.358044314455429946e-01 4.172646218972817955e+00 1.648563122005989798e-02 1.895635544654237448e+00
0.000000000000000000e+00 8.968293368624620232e-01 3.664648210353989910e+00 9.884887491641083379e-01 2.850100000178151571e+00
0.000000000000000000e+00 8.968293368624620232e-01 3.737262175685682308e+00 9.001854446251749131e-01 2.726396415218319547e+00
0.000000000000000000e+00 8.570015981045523423e-01 5.608141575837302106e+00 5.458099087615616574e-01 2.355336318465197643e+00
0.000000000000000000e+00 8.968293368624620232e-01 5.343148868533000417e+00 1.253951338637298019e-01 4.903727360616312758e+00
0.000000000000000000e+00 8.769154674835071273e-01 7.720400259740655358e+00 1.485421506055361329e-01 1.489478274855773554e+00
0.000000000000000000e+00 4.280834724474600339e-01 1.569720014116599227e+00 8.251997208279775869e-03 1.076776856922664782e+00
0.000000000000000000e+00 8.769154674835071273e-01 1.069627606913495121e+01 6.062527257635222933e-01 3.194924481157023433e+00
0.000000000000000000e+00 8.968293368624620232e-01 1.044893752848638613e+01 1.739952894360454194e-01 2.859311414302302179e+00
0.000000000000000000e+00 8.968293368624620232e-01 1.057264111344622037e+01 3.001735647369310409e-02 1.734692005310777274e+00
0.000000000000000000e+00 8.968293368624620232e-01 7.720458560565321093e+00 2.723204950002413027e-01 2.166767800957938750e+00
0.000000000000000000e+00 8.968293368624620232e-01 7.720458560565321093e+00 5.197276649199109588e-01 2.887082967058674843e+00
0.000000000000000000e+00 8.968293368624620232e-01 3.737262175685682308e+00 9.000958935846175013e-01 2.478989245298649724e+00
0.000000000000000000e+00 6.358044314455429946e-01 2.833661131260629684e+00 8.117873358706104714e-01 2.315991869968445638e+00
0.000000000000000000e+00 4.423360971376018580e-01 1.653562965544526975e+00 7.264103189449749864e-01 8.740913695712670961e-01
0.000000000000000000e+00 8.370877287255974464e-01 5.696454447637668395e+00 1.254632606778929294e-01 2.107888809819427056e+00
0.000000000000000000e+00 8.968293368624620232e-01 7.720458560565321093e+00 6.434312498797459812e-01 2.598975606446082054e+00
0.000000000000000000e+00 8.769154674835071273e-01 7.825486921761572567e+00 2.491332508057146969e-02 3.031099488555502042e+00
0.000000000000000000e+00 8.968293368624620232e-01 3.737262175685682308e+00 9.001854446251749131e-01 2.602692830258484857e+00
0.000000000000000000e+00 3.092859474764499961e-01 1.350724447527817507e+00 5.585874966305803824e-01 4.798043962435491472e-01
0.000000000000000000e+00 1.513288018847176009e+00 1.346534092501503999e+01 2.040893971422336750e-01 3.027260211960248526e+00
0.000000000000000000e+00 1.224762231901585618e+00 1.346527190285451603e+01 3.717885420325839352e-01 3.027260211960248526e+00
0.000000000000000000e+00 1.513288018847176009e+00 1.346534092501503999e+01 7.074434559279946244e-01 3.274715508496754524e+00
0.000000000000000000e+00 1.224762231901585618e+00 1.274497769124222657e+01 2.035675587212084636e-01 3.027201974310425481e+00
0.000000000000000000e+00 8.769154674835071273e-01 1.069627606913495121e+01 6.062527257635222933e-01 3.194924481157023433e+00
0.000000000000000000e+00 8.769154674835071273e-01 1.069627606913495121e+01 8.943704104084370110e-01 3.027160965684887461e+00
0.000000000000000000e+00 8.570015981045523423e-01 1.081990961699366949e+01 8.943704104084370110e-01 3.194945651946813125e+00
0.000000000000000000e+00 8.570015981045523423e-01 1.081990961699366949e+01 1.182488095053351618e+00 3.027181690862958963e+00
0.000000000000000000e+00 8.370877287255974464e-01 5.696454447637668395e+00 1.254632606778929294e-01 1.860481639899757234e+00
0.000000000000000000e+00 8.968293368624620232e-01 3.664648210353989910e+00 9.884887491641083379e-01 2.850100000178151571e+00
0.000000000000000000e+00 5.355077273259781778e-01 2.274847003753324159e+00 7.006345402522259902e-02 1.309744585887919310e+00
0.000000000000000000e+00 4.423360971376018580e-01 2.324852484270708786e+00 7.006345402522259902e-02 1.237130620556226246e+00
0.000000000000000000e+00 6.358044314455429946e-01 2.893363141753671819e+00 6.666120302319855639e-01 2.315982192737906065e+00
0.000000000000000000e+00 6.358044314455429946e-01 4.172646218972817955e+00 1.648563122005989798e-02 2.105808868696071645e+00
0.000000000000000000e+00 3.092859474764499961e-01 6.348526889645723648e-01 4.268346722932057635e-01 4.021007638916085369e-01
0.000000000000000000e+00 1.906853473753709061e-01 5.465968369077527367e-01 3.532615144955789654e-01 2.947946703172429905e-01
0.000000000000000000e+00 4.138308477573182653e-01 1.737313636214869117e+00 8.414086724965760475e-03 1.237066296727214132e+00
0.000000000000000000e+00 8.968293368624620232e-01 1.057264111344622037e+01 3.181350411186077420e-01 2.523764115748857950e+00
0.000000000000000000e+00 8.968293368624620232e-01 7.405198574502570352e+00 1.483912898695236571e-01 1.613163155400042514e+00
0.000000000000000000e+00 8.968293368624620232e-01 3.737262175685682308e+00 7.234576049989838165e-01 2.726375491300931486e+00
0.000000000000000000e+00 2.012581767719359427e-01 4.868733793508104868e-01 3.822910537986182189e-01 2.470914714983213911e-01
0.000000000000000000e+00 8.968293368624620232e-01 3.737262175685682308e+00 5.467297653727929418e-01 2.726354183850048241e+00
0.000000000000000000e+00 8.968293368624620232e-01 7.615371898544402995e+00 2.483856564570122508e-02 1.613172552464268161e+00
0.000000000000000000e+00 8.171738593466424394e-01 8.035478103078038004e+00 2.483856564570122508e-02 1.489468967504433472e+00
0.000000000000000000e+00 8.370877287255974464e-01 8.035540040247576954e+00 2.491332508057146969e-02 1.489478274855773554e+00
0.000000000000000000e+00 8.570015981045523423e-01 5.608141575837302106e+00 4.407232467406444476e-01 1.984215618765564848e+00
0.000000000000000000e+00 8.370877287255974464e-01 5.696454447637668395e+00 2.305499226988100558e-01 2.355306204764139100e+00
0.000000000000000000e+00 8.370877287255974464e-01 5.608090527824573179e+00 1.253951338637298019e-01 2.726396415218319547e+00
0.000000000000000000e+00 6.358044314455429946e-01 4.172646218972817955e+00 1.648563122005989798e-02 2.210895530716988855e+00
0.000000000000000000e+00 6.190883140922821548e-01 2.953027075286714265e+00 5.213840995685995461e-01 2.210875919025810710e+00
0.000000000000000000e+00 6.190883140922821548e-01 2.953027075286714265e+00 2.309282382418275659e-01 2.315922314867564058e+00
0.000000000000000000e+00 4.423360971376018580e-01 1.653562965544526975e+00 2.586205685955907940e-01 1.237107002355797070e+00
0.000000000000000000e+00 8.968293368624620232e-01 1.057264111344622037e+01 3.001735647369310409e-02 2.166868532278146020e+00
0.000000000000000000e+00 8.968293368624620232e-01 1.044893752848638613e+01 2.993644711358812299e-02 2.859300205928567706e+00
0.000000000000000000e+00 8.769154674835071273e-01 1.069627606913495121e+01 3.001735647369310409e-02 2.166868532278146020e+00
0.000000000000000000e+00 8.570015981045523423e-01 5.608141575837302106e+00 1.254632606778929294e-01 2.602703149658766701e+00
0.000000000000000000e+00 8.570015981045523423e-01 7.930514087000918089e+00 1.486169100404063637e-01 3.031110223454128949e+00
0.000000000000000000e+00 8.968293368624620232e-01 7.720458560565321093e+00 7.671348348395807815e-01 2.743044671305827631e+00
0.000000000000000000e+00 4.138308477573182653e-01 1.695407443672446890e+00 8.374591539619388042e-03 1.017088743036926868e+00
0.000000000000000000e+00 4.423360971376018580e-01 1.653562965544526975e+00 8.458666137358096249e-01 2.931945498762058011e-01
0.000000000000000000e+00 2.969320093008083195e-01 6.588313878826201897e-01 4.268616265352540573e-01 6.523072457622336451e-01
0.000000000000000000e+00 4.280834724474600339e-01 1.653532399201443237e+00 2.585810734102444441e-01 1.600168823265922580e+00
0.000000000000000000e+00 6.358044314455429946e-01 2.893363141753671819e+00 5.939980649002924995e-01 1.580365795780172222e+00
0.000000000000000000e+00 1.104770822609719039e+00 1.418519814354272590e+01 2.040038557706583267e-01 1.852757971318285568e+00
0.000000000000000000e+00 8.968293368624620232e-01 7.720458560565321093e+00 2.723204950002413027e-01 2.454885485602853468e+00
0.000000000000000000e+00 2.969320093008083195e-01 9.728843175224886064e-01 5.094768337307686856e-01 8.379827115578014629e-01
0.000000000000000000e+00 6.190883140922821548e-01 2.024809685067586962e+00 1.297109042259597111e-01 1.237138361704351874e+00
0.000000000000000000e+00 8.769154674835071273e-01 5.519827684912123722e+00 1.281416542907969358e+00 2.310805276943215247e+00
0.000000000000000000e+00 4.423360971376018580e-01 1.653562965544526975e+00 7.861646032427677122e-01 5.836429914648045836e-01
0.000000000000000000e+00 3.092859474764499961e-01 6.348526889645723648e-01 1.498421892782045572e-01 5.881326565491440395e-01
0.000000000000000000e+00 8.769154674835071273e-01 3.809835855656895642e+00 4.583658455596973380e-01 2.726343385010125964e+00
0.000000000000000000e+00 6.023721967390212040e-01 3.012690260973269751e+00 1.583142729101346124e-01 1.417190779727905525e+00
0.000000000000000000e+00 3.092859474764499961e-01 1.350724447527817507e+00 2.163419967998568005e-01 4.521717901099913117e-01
0.000000000000000000e+00 1.513288018847176009e+00 1.346534092501503999e+01 2.040893971422336750e-01 3.027260211960248526e+00
0.000000000000000000e+00 7.972599899676875435e-01 4.100122199502556519e+00 1.932740861204107763e-01 2.726310401692670915e+00
0.000000000000000000e+00 6.358044314455429946e-01 1.974800304208946367e+00 4.282755169834734921e-01 1.770611105807100571e+00
0.000000000000000000e+00 6.358044314455429946e-01 1.974800304208946367e+00 4.282755169834734921e-01 1.505519346367814038e+00
0.000000000000000000e+00 6.358044314455429946e-01 1.974800304208946367e+00 4.282755169834734921e-01 1.417155426554718600e+00
0.000000000000000000e+00 6.358044314455429946e-01 1.974800304208946367e+00 3.088714959973898888e-01 2.035684729839206231e+00
0.000000000000000000e+00 1.104770822609719039e+00 1.389708045889781118e+01 2.038310585100189809e-01 2.356092834493610511e+00
0.000000000000000000e+00 8.769154674835071273e-01 3.809835855656895642e+00 4.582762945191400372e-01 2.602639800050290830e+00
0.000000000000000000e+00 6.358044314455429946e-01 4.100032253641125557e+00 2.815164373839592615e-01 2.105828138058017718e+00
0.000000000000000000e+00 6.358044314455429946e-01 4.172646218972817955e+00 1.648563122005989798e-02 2.210895530716988855e+00
0.000000000000000000e+00 8.968293368624620232e-01 7.720458560565321093e+00 3.960240799600762140e-01 2.887072541047938756e+00
0.000000000000000000e+00 8.570015981045523423e-01 5.608141575837302106e+00 1.254632606778929294e-01 2.107888809819427056e+00
0.000000000000000000e+00 8.370877287255974464e-01 5.696454447637668395e+00 4.407232467406444476e-01 2.479029958604901385e+00
0.000000000000000000e+00 6.358044314455429946e-01 1.974800304208946367e+00 4.282755169834734921e-01 1.858975025620196231e+00
0.000000000000000000e+00 6.023721967390212040e-01 3.012690260973269751e+00 1.583142729101346124e-01 1.593918619354096622e+00
0.000000000000000000e+00 4.423360971376018580e-01 1.611656773002105192e+00 7.264154728279647033e-01 1.019311753137773335e+00
0.000000000000000000e+00 6.358044314455429946e-01 2.833661131260629684e+00 8.117873358706104714e-01 2.315991869968445638e+00
0.000000000000000000e+00 3.092859474764499961e-01 6.108544071061996483e-01 4.619566812273742107e-01 5.522246530139830467e-01
0.000000000000000000e+00 3.092859474764499961e-01 1.315598808731657687e+00 2.163076926960578461e-01 1.076776856922664782e+00
0.000000000000000000e+00 8.968293368624620232e-01 7.720458560565321093e+00 2.491332508057146969e-02 2.742981803910586880e+00
0.000000000000000000e+00 8.370877287255974464e-01 7.930453378226659744e+00 2.483856564570122508e-02 1.489468967504433472e+00
0.000000000000000000e+00 8.405652038985514385e-02 1.783791001885618177e-01 1.158209959101771103e-01 8.409779194993266538e-02
0.000000000000000000e+00 8.769154674835071273e-01 1.069627606913495121e+01 1.740761987961504109e-01 2.691537821982474821e+00
0.000000000000000000e+00 1.119655439428189347e-01 1.660642791447251021e-01 2.194539389939041962e-01 2.055137732842297546e-02
0.000000000000000000e+00 1.906853473753709061e-01 3.418119652523097796e-01 1.222723742208891573e-01 1.687771531562423932e-01
0.000000000000000000e+00 3.092859474764499961e-01 5.868561252478261547e-01 4.970515794099713558e-01 1.017046354185853207e+00
0.000000000000000000e+00 3.710729736868929041e-01 6.108736298342292148e-01 1.207603020716277453e-01 1.102628725508998153e+00
0.000000000000000000e+00 2.012581767719359427e-01 5.067872487297654382e-01 3.241324069982380318e-01 2.470869404765441146e-01
0.000000000000000000e+00 7.475351253886731995e-02 2.154273897433040541e-01 2.194539389939041962e-01 8.029298546528763902e-02
0.000000000000000000e+00 1.513288018847176009e+00 1.317722324037012527e+01 2.039177432813663038e-01 2.523887172376684696e+00
0.000000000000000000e+00 8.968293368624620232e-01 1.404106099708636712e+01 2.038310585100189809e-01 2.356092834493610511e+00
0.000000000000000000e+00 1.224762231901585618e+00 1.360933074517697072e+01 3.718740834041513454e-01 3.274695667669965893e+00
0.000000000000000000e+00 1.893546543293971388e-02 1.297586307884277673e-02 6.538564341231087318e-02 3.946536838716763196e-04
0.000000000000000000e+00 1.026625360918309998e-01 1.660514784095660501e-01 3.031947763762005837e-02 1.468213113385075271e-02
0.000000000000000000e+00 4.423360971376018580e-01 1.653562965544526975e+00 8.458666137358096249e-01 2.931945498762058011e-01
0.000000000000000000e+00 4.423360971376018580e-01 1.653562965544526975e+00 2.085792722214655504e-01 1.237098996607458146e+00
0.000000000000000000e+00 6.358044314455429946e-01 1.974800304208946367e+00 4.282755169834734921e-01 1.947338945433291668e+00
0.000000000000000000e+00 8.968293368624620232e-01 1.044893752848638613e+01 2.993644711358812299e-02 3.194869578452411485e+00
0.000000000000000000e+00 8.968293368624620232e-01 1.057264111344622037e+01 3.181350411186077420e-01 2.859333488272700841e+00
0.000000000000000000e+00 4.423360971376018580e-01 1.653562965544526975e+00 1.084966794732162426e-01 1.309696748281747869e+00
0.000000000000000000e+00 6.358044314455429946e-01 2.893363141753671819e+00 5.939980649002924995e-01 2.105799105884745615e+00
0.000000000000000000e+00 8.968293368624620232e-01 5.343148868533000417e+00 1.253951338637298019e-01 4.903727360616312758e+00
0.000000000000000000e+00 3.092859474764499961e-01 6.108544071061996483e-01 4.619566812273742107e-01 1.076748364678895120e+00
0.000000000000000000e+00 1.893546543293971388e-02 2.227887092983070819e-02 9.569660073289288499e-03 3.386108362579438457e-04
0.000000000000000000e+00 3.092859474764499961e-01 6.348526889645723648e-01 1.498421892782045572e-01 3.366955012946116765e-01
0.000000000000000000e+00 2.012581767719359427e-01 4.072179018349910140e-01 1.223045417290220122e-01 1.447822585235624682e-01
0.000000000000000000e+00 8.570015981045523423e-01 5.608141575837302106e+00 2.305499226988100558e-01 2.479009789723973345e+00
0.000000000000000000e+00 1.128769104468092532e+00 1.418527485070963223e+01 2.040893971422336750e-01 2.188336780650643743e+00
0.000000000000000000e+00 1.224762231901585618e+00 1.317715421820960309e+01 2.038310585100189809e-01 3.027231579541297180e+00
0.000000000000000000e+00 2.012581767719359427e-01 5.067872487297654382e-01 1.474990557640084299e-01 3.173149981343211801e-01
0.000000000000000000e+00 8.171738593466424394e-01 4.027551892620095941e+00 1.932740861204107763e-01 2.105837645565969751e+00
0.000000000000000000e+00 3.092859474764499961e-01 1.350724447527817507e+00 2.163419967998568005e-01 3.520891973617407689e-01
0.000000000000000000e+00 1.589668591856757407e-01 3.919128969029320730e-01 1.421862435998440533e-01 2.045336689943032527e-01
0.000000000000000000e+00 6.190883140922821548e-01 2.893325064793672130e+00 5.213314745438384357e-01 1.790519335499830778e+00
0.000000000000000000e+00 6.358044314455429946e-01 2.893363141753671819e+00 7.392259955636785174e-01 2.105818545926611662e+00
0.000000000000000000e+00 6.358044314455429946e-01 2.893363141753671819e+00 7.392259955636785174e-01 1.685471897842955258e+00
0.000000000000000000e+00 6.190883140922821548e-01 2.953027075286714265e+00 5.939980649002924995e-01 2.315972429926580034e+00
0.000000000000000000e+00 6.358044314455429946e-01 2.893363141753671819e+00 5.939980649002924995e-01 1.790539119822006642e+00
0.000000000000000000e+00 6.190883140922821548e-01 2.953027075286714265e+00 3.761561689052136392e-01 1.152124746611538519e+00
0.000000000000000000e+00 1.026625360918309998e-01 1.660514784095660501e-01 2.361433633670541044e-01 4.046524670737786794e-02
0.000000000000000000e+00 2.012581767719359427e-01 5.067872487297654382e-01 1.474816335448309590e-01 2.045536963850242140e-01
0.000000000000000000e+00 1.513288018847176009e+00 1.317722324037012527e+01 2.039177432813663038e-01 2.523887172376684696e+00
0.000000000000000000e+00 6.358044314455429946e-01 2.893363141753671819e+00 8.570030757844160352e-02 1.417182054983427975e+00
0.000000000000000000e+00 1.513288018847176009e+00 1.317722324037012527e+01 3.613305701944066056e-02 2.859446893279371515e+00
0.000000000000000000e+00 5.614749683689143622e-02 7.861640632309908894e-02 2.237236780348920637e-02 1.087140479766198278e-02
0.000000000000000000e+00 2.012581767719359427e-01 3.251110838744507570e-01 3.153388893075034782e-01 2.470684408357312067e-01
0.000000000000000000e+00 6.023721967390212040e-01 2.074818439092936728e+00 4.282755169834734921e-01 8.741062725297497060e-01
0.000000000000000000e+00 1.893546543293971388e-02 8.773613209860098294e-02 2.234998438457143008e-02 2.947252779117725554e-04
0.000000000000000000e+00 3.710729736868929041e-01 1.315626944520938313e+00 3.001543818847009493e-01 7.782875634039204682e-01
0.000000000000000000e+00 8.370877287255974464e-01 5.608090527824573179e+00 2.030847184281263720e-02 2.355275246066981687e+00
0.000000000000000000e+00 8.570015981045523423e-01 5.608141575837302106e+00 2.305499226988100558e-01 2.602713374683805370e+00
0.000000000000000000e+00 8.769154674835071273e-01 5.519827684912123722e+00 5.458099087615616574e-01 1.984225563585695573e+00
0.000000000000000000e+00 8.769154674835071273e-01 3.809835855656895642e+00 3.700019257466017897e-01 2.726332488727071457e+00
0.000000000000000000e+00 4.423360971376018580e-01 1.611656773002105192e+00 5.841588791374462825e-02 1.309680262058907196e+00
0.000000000000000000e+00 2.012581767719359427e-01 3.251110838744507570e-01 3.153388893075034782e-01 1.754757172938449516e-01
0.000000000000000000e+00 2.012581767719359427e-01 4.669595099718555908e-01 1.474556385683772064e-01 1.754638963879627256e-01
0.000000000000000000e+00 8.570015981045523423e-01 5.608141575837302106e+00 5.458099087615616574e-01 1.984225563585695573e+00
0.000000000000000000e+00 8.370877287255974464e-01 5.696454447637668395e+00 5.458099087615616574e-01 2.355336318465197643e+00
0.000000000000000000e+00 8.570015981045523423e-01 5.608141575837302106e+00 4.407232467406444476e-01 2.107919203725399981e+00
0.000000000000000000e+00 8.570015981045523423e-01 5.608141575837302106e+00 1.254632606778929294e-01 1.984185224859591701e+00
0.000000000000000000e+00 8.370877287255974464e-01 5.696454447637668395e+00 1.254632606778929294e-01 1.984185224859591701e+00
0.000000000000000000e+00 8.171738593466424394e-01 5.784766286520820699e+00 4.407232467406444476e-01 2.479029958604901385e+00
0.000000000000000000e+00 8.769154674835071273e-01 3.737221890325202800e+00 9.884887491641083379e-01 2.602692830258484857e+00
0.000000000000000000e+00 6.358044314455429946e-01 2.893363141753671819e+00 3.761561689052136392e-01 1.152124746611538519e+00
0.000000000000000000e+00 6.190883140922821548e-01 2.953027075286714265e+00 3.035422035735206303e-01 1.895585864941163434e+00
0.000000000000000000e+00 6.358044314455429946e-01 2.893363141753671819e+00 5.213840995685995461e-01 2.000702594983988725e+00
0.000000000000000000e+00 8.968293368624620232e-01 1.057264111344622037e+01 1.740761987961504109e-01 2.859322508244400041e+00
0.000000000000000000e+00 8.968293368624620232e-01 1.044893752848638613e+01 2.993644711358812299e-02 3.194869578452411485e+00
0.000000000000000000e+00 8.968293368624620232e-01 1.044893752848638613e+01 2.993644711358812299e-02 3.362654264714329155e+00
0.000000000000000000e+00 8.968293368624620232e-01 1.057264111344622037e+01 1.740761987961504109e-01 3.027107194506317711e+00
0.000000000000000000e+00 8.968293368624620232e-01 1.057264111344622037e+01 1.740761987961504109e-01 2.523753135720557150e+00
0.000000000000000000e+00 3.092859474764499961e-01 1.350724447527817507e+00 3.001193304195260980e-01 7.782875634039204682e-01
0.000000000000000000e+00 8.769154674835071273e-01 5.431463765099029395e+00 7.559151059892329494e-01 3.031032877845135864e+00
0.000000000000000000e+00 3.092859474764499961e-01 6.348526889645723648e-01 1.498421892782045572e-01 5.462264640067220345e-01
0.000000000000000000e+00 3.092859474764499961e-01 4.073200606245138689e-01 3.532615144955789654e-01 9.024763974623615237e-01
0.000000000000000000e+00 1.119655439428189347e-01 1.660642791447251021e-01 3.025398509319543461e-02 4.318971434045698610e-02
0.000000000000000000e+00 6.358044314455429946e-01 2.893363141753671819e+00 5.939980649002924995e-01 2.315972429926580034e+00
0.000000000000000000e+00 6.358044314455429946e-01 2.893363141753671819e+00 6.666120302319855639e-01 1.790548882633332672e+00
0.000000000000000000e+00 6.358044314455429946e-01 2.893363141753671819e+00 5.213840995685995461e-01 2.000702594983988725e+00
0.000000000000000000e+00 8.769154674835071273e-01 7.825486921761572567e+00 1.486169100404063637e-01 2.598933696486757317e+00
0.000000000000000000e+00 8.968293368624620232e-01 7.720458560565321093e+00 2.491332508057146969e-02 2.887040646233044239e+00
0.000000000000000000e+00 8.769154674835071273e-01 7.825486921761572567e+00 1.486169100404063637e-01 2.742992538809214231e+00
0.000000000000000000e+00 8.769154674835071273e-01 7.825486921761572567e+00 3.960240799600762140e-01 2.598954856403024039e+00
0.000000000000000000e+00 8.968293368624620232e-01 7.720458560565321093e+00 2.723204950002413027e-01 2.743003170247767741e+00
0.000000000000000000e+00 1.906853473753709061e-01 5.465968369077527367e-01 1.475205995802579273e-01 3.524453572242106647e-01
0.000000000000000000e+00 3.092859474764499961e-01 6.108544071061996483e-01 4.268310424312143914e-01 7.523837439687657280e-01
0.000000000000000000e+00 2.012581767719359427e-01 3.251110838744507570e-01 1.953474800156368985e-01 4.929239200391944964e-01
0.000000000000000000e+00 3.092859474764499961e-01 6.348526889645723648e-01 4.268616265352540573e-01 2.110135467189288294e-01
0.000000000000000000e+00 6.190883140922821548e-01 2.024809685067586962e+00 3.088714959973898888e-01 1.682229050586824037e+00
0.000000000000000000e+00 8.968293368624620232e-01 1.057264111344622037e+01 1.740761987961504109e-01 3.194891880768243819e+00
0.000000000000000000e+00 8.769154674835071273e-01 1.069627606913495121e+01 3.001735647369310409e-02 2.859311414302302179e+00
0.000000000000000000e+00 8.968293368624620232e-01 1.404106099708636712e+01 2.038310585100189809e-01 2.356092834493610511e+00
0.000000000000000000e+00 3.092859474764499961e-01 6.348526889645723648e-01 1.789240764847813692e-01 7.523525083399870139e-01
0.000000000000000000e+00 2.012581767719359427e-01 3.251110838744507570e-01 1.222585752337571191e-01 1.447788712978695658e-01
0.000000000000000000e+00 4.423360971376018580e-01 2.324852484270708786e+00 7.006345402522259902e-02 1.237130620556226246e+00
0.000000000000000000e+00 3.092859474764499961e-01 6.348526889645723648e-01 1.789240764847813692e-01 3.367008628596651065e-01
0.000000000000000000e+00 4.423360971376018580e-01 1.611656773002105192e+00 7.861174833210066160e-01 8.740913695712670961e-01
0.000000000000000000e+00 2.969320093008083195e-01 6.588313878826201897e-01 3.917359877390942380e-01 6.523011512205152407e-01
0.000000000000000000e+00 6.358044314455429946e-01 2.893363141753671819e+00 5.939980649002924995e-01 2.210885767905662824e+00
0.000000000000000000e+00 1.695396885822408051e-01 2.058958946219165420e-01 2.615323574531673856e-01 4.878232878880512519e-02
0.000000000000000000e+00 6.190883140922821548e-01 2.953027075286714265e+00 2.309282382418275659e-01 1.417199429526261101e+00
0.000000000000000000e+00 6.190883140922821548e-01 2.953027075286714265e+00 8.570030757844160352e-02 1.593909894609619293e+00
0.000000000000000000e+00 8.769154674835071273e-01 7.825486921761572567e+00 1.486169100404063637e-01 2.887051381131671590e+00
0.000000000000000000e+00 6.358044314455429946e-01 2.893363141753671819e+00 4.487701342369065927e-01 1.152133174206598998e+00
0.000000000000000000e+00 1.026625360918309998e-01 1.660514784095660501e-01 2.361534511995390662e-01 1.201207242231974170e-01
0.000000000000000000e+00 4.423360971376018580e-01 1.653562965544526975e+00 5.473565612706005057e-01 1.237138361704351874e+00
0.000000000000000000e+00 8.968293368624620232e-01 1.044893752848638613e+01 2.993644711358812299e-02 3.362654264714329155e+00
0.000000000000000000e+00 8.769154674835071273e-01 1.069627606913495121e+01 3.001735647369310409e-02 3.194880786826145957e+00
0.000000000000000000e+00 6.023721967390212040e-01 2.074818439092936728e+00 3.088714959973898888e-01 1.682229050586824037e+00
0.000000000000000000e+00 6.358044314455429946e-01 1.974800304208946367e+00 4.879775274765152937e-01 1.417164378854716356e+00
0.000000000000000000e+00 6.190883140922821548e-01 2.024809685067586962e+00 3.685735064904316904e-01 1.682238156916114002e+00
0.000000000000000000e+00 6.358044314455429946e-01 1.974800304208946367e+00 3.685735064904316904e-01 1.417146397476827691e+00
0.000000000000000000e+00 6.190883140922821548e-01 2.024809685067586962e+00 4.282755169834734921e-01 1.682247185994004912e+00
0.000000000000000000e+00 6.358044314455429946e-01 1.974800304208946367e+00 4.879775274765152937e-01 1.505528298667812015e+00
0.000000000000000000e+00 6.190883140922821548e-01 2.024809685067586962e+00 4.282755169834734921e-01 1.770611105807100571e+00
0.000000000000000000e+00 3.092859474764499961e-01 6.108544071061996483e-01 3.917054036350545720e-01 1.255839793828947393e+00
0.000000000000000000e+00 4.423360971376018580e-01 1.611656773002105192e+00 2.085397770361203662e-01 5.992017797530357903e-01
0.000000000000000000e+00 8.968293368624620232e-01 7.615371898544402995e+00 1.485421506055361329e-01 2.454864119265672606e+00
0.000000000000000000e+00 8.968293368624620232e-01 7.720458560565321093e+00 2.723204950002413027e-01 2.166767800957938750e+00
0.000000000000000000e+00 7.475351253886731995e-02 1.209315226951956923e-01 2.621811831447593694e-02 3.742373038063225021e-02
0.000000000000000000e+00 1.893546543293971388e-02 9.686912408857305257e-02 2.236120471612252150e-02 6.211632493304840297e-02
0.000000000000000000e+00 8.570015981045523423e-01 7.930514087000918089e+00 1.486169100404063637e-01 1.734580642552013163e+00
0.000000000000000000e+00 8.769154674835071273e-01 7.825486921761572567e+00 1.486169100404063637e-01 1.878639484874470522e+00
0.000000000000000000e+00 8.968293368624620232e-01 7.720458560565321093e+00 2.723204950002413027e-01 2.598944327925310382e+00
0.000000000000000000e+00 2.969320093008083195e-01 6.588313878826201897e-01 1.789240764847813692e-01 7.523525083399870139e-01
0.000000000000000000e+00 8.405652038985514385e-02 1.783791001885618177e-01 3.030524776932639469e-02 8.594290114982557072e-02
0.000000000000000000e+00 6.190883140922821548e-01 2.953027075286714265e+00 1.583142729101346124e-01 1.593918619354096622e+00
0.000000000000000000e+00 5.856560793857604752e-01 3.072352688090331796e+00 8.570030757844160352e-02 1.682273814422714509e+00
0.000000000000000000e+00 3.092859474764499961e-01 6.108544071061996483e-01 4.268310424312143914e-01 1.196145114542526144e+00
0.000000000000000000e+00 3.092859474764499961e-01 6.348526889645723648e-01 5.511679774843508683e-01 6.523132903067986321e-01
0.000000000000000000e+00 2.845780711251666983e-01 6.588114388653110165e-01 4.268310424312143914e-01 1.691022504110728519e-01
0.000000000000000000e+00 6.190883140922821548e-01 2.953027075286714265e+00 3.761561689052136392e-01 1.895595975015684331e+00
0.000000000000000000e+00 8.968293368624620232e-01 7.720458560565321093e+00 6.434312498797459812e-01 2.743034448768542077e+00
0.000000000000000000e+00 3.092859474764499961e-01 1.350724447527817507e+00 6.086287930047057371e-01 5.992149994245199451e-01
0.000000000000000000e+00 6.190883140922821548e-01 2.893325064793672130e+00 5.939454398755313891e-01 2.631222567109479105e+00
0.000000000000000000e+00 8.370877287255974464e-01 5.696454447637668395e+00 5.458099087615616574e-01 1.984225563585695573e+00
0.000000000000000000e+00 8.769154674835071273e-01 3.737221890325202800e+00 9.001248293510129006e-01 2.726386000946486643e+00
0.000000000000000000e+00 8.370877287255974464e-01 5.696454447637668395e+00 1.254632606778929294e-01 1.860481639899757234e+00
0.000000000000000000e+00 8.570015981045523423e-01 5.608141575837302106e+00 1.254632606778929294e-01 1.984185224859591701e+00
0.000000000000000000e+00 8.570015981045523423e-01 5.608141575837302106e+00 2.305499226988100558e-01 1.984195449884633922e+00
0.000000000000000000e+00 9.335952824084306489e-02 1.907463172433765397e-01 5.883019453559519552e-02 6.737635742814712669e-02
0.000000000000000000e+00 6.358044314455429946e-01 1.974800304208946367e+00 4.879775274765152937e-01 1.770620058107098327e+00
0.000000000000000000e+00 6.190883140922821548e-01 2.024809685067586962e+00 4.282755169834734921e-01 1.682247185994004912e+00
0.000000000000000000e+00 8.769154674835071273e-01 7.615313597719737260e+00 1.484669442414271734e-01 1.489468967504433472e+00
0.000000000000000000e+00 7.475351253886731995e-02 1.208824827458336443e-01 6.327286724294596543e-02 1.467740444954277433e-02
0.000000000000000000e+00 1.695396885822408051e-01 3.752128768291124183e-01 1.421999816683510720e-01 2.479084923169587451e-02
0.000000000000000000e+00 8.370877287255974464e-01 5.608090527824573179e+00 2.030847184281263720e-02 2.355275246066981687e+00
0.000000000000000000e+00 1.695396885822408051e-01 3.752128768291124183e-01 1.421999816683510720e-01 7.278741294844273679e-02
0.000000000000000000e+00 3.092859474764499961e-01 1.350724447527817507e+00 6.086287930047057371e-01 5.395129889314781435e-01
0.000000000000000000e+00 8.968293368624620232e-01 3.737262175685682308e+00 5.467297653727929418e-01 2.850057768809882930e+00
0.000000000000000000e+00 6.190883140922821548e-01 2.953027075286714265e+00 3.035422035735206303e-01 1.895585864941163434e+00
0.000000000000000000e+00 7.972599899676875435e-01 4.100122199502556519e+00 1.932740861204107763e-01 2.105837645565969751e+00
0.000000000000000000e+00 8.968293368624620232e-01 3.737262175685682308e+00 4.583658455596973380e-01 2.602639800050290830e+00
0.000000000000000000e+00 2.012581767719359427e-01 4.868733793508104868e-01 1.954566872017599044e-01 2.470684408357312067e-01
0.000000000000000000e+00 3.092859474764499961e-01 6.348526889645723648e-01 4.268616265352540573e-01 4.521420602657337806e-01
0.000000000000000000e+00 8.405652038985514385e-02 1.783791001885618177e-01 8.731574652989354535e-02 8.409247478140802201e-02
0.000000000000000000e+00 4.423360971376018580e-01 1.569750580459682965e+00 8.334888814825218081e-03 1.076783834013274710e+00
0.000000000000000000e+00 3.092859474764499961e-01 1.350724447527817507e+00 6.086287930047057371e-01 2.410029364662691909e-01
0.000000000000000000e+00 1.695396885822408051e-01 3.752128768291124183e-01 3.153554451075816778e-01 8.823005567411447425e-02
0.000000000000000000e+00 2.969320093008083195e-01 6.348331060242473622e-01 4.619566812273742107e-01 4.021007638916085369e-01
0.000000000000000000e+00 4.423360971376018580e-01 1.653562965544526975e+00 2.585767535057044708e-01 1.237107002355797070e+00
0.000000000000000000e+00 3.092859474764499961e-01 1.350724447527817507e+00 2.582131378771039265e-01 4.021362935671077277e-01
0.000000000000000000e+00 3.092859474764499961e-01 1.350724447527817507e+00 2.163419967998568005e-01 4.021304937358660681e-01
0.000000000000000000e+00 8.570015981045523423e-01 5.608141575837302106e+00 1.254632606778929294e-01 2.478999564698931568e+00
0.000000000000000000e+00 3.092859474764499961e-01 6.108544071061996483e-01 4.268310424312143914e-01 1.255847125035568057e+00
0.000000000000000000e+00 3.092859474764499961e-01 5.868561252478261547e-01 4.619259406138114255e-01 1.076741093556442541e+00
0.000000000000000000e+00 4.280834724474600339e-01 1.695438591743865464e+00 4.876545507775587041e-01 1.237130620556226246e+00
0.000000000000000000e+00 4.280834724474600339e-01 1.695438591743865464e+00 1.084528643833299194e-01 1.527538644276826840e+00
0.000000000000000000e+00 3.092859474764499961e-01 6.108544071061996483e-01 4.268310424312143914e-01 7.523837439687657280e-01
0.000000000000000000e+00 3.092859474764499961e-01 6.348526889645723648e-01 5.511679774843508683e-01 6.523132903067986321e-01
0.000000000000000000e+00 1.695396885822408051e-01 3.751347867010555448e-01 1.222861122893961761e-01 7.278402572274926541e-02
0.000000000000000000e+00 6.358044314455429946e-01 2.893363141753671819e+00 5.213840995685995461e-01 2.105789257004893500e+00
0.000000000000000000e+00 1.224762231901585618e+00 1.317715421820960309e+01 2.038310585100189809e-01 3.027231579541297180e+00
0.000000000000000000e+00 8.370877287255974464e-01 7.930453378226659744e+00 2.483856564570122508e-02 1.489468967504433472e+00
0.000000000000000000e+00 1.128769104468092532e+00 1.418527485070963223e+01 2.040893971422336750e-01 2.188336780650643743e+00
0.000000000000000000e+00 3.092859474764499961e-01 4.073200606245138689e-01 1.475030342973372988e-01 6.300113726551520577e-01
0.000000000000000000e+00 3.092859474764499961e-01 1.350724447527817507e+00 6.086287930047057371e-01 5.395129889314781435e-01
0.000000000000000000e+00 6.358044314455429946e-01 2.893363141753671819e+00 5.939980649002924995e-01 2.315972429926580034e+00
0.000000000000000000e+00 6.358044314455429946e-01 2.893363141753671819e+00 1.583142729101346124e-01 1.593918619354096622e+00
0.000000000000000000e+00 1.695396885822408051e-01 3.752128768291124183e-01 3.153554451075816778e-01 8.823005567411447425e-02
0.000000000000000000e+00 2.969320093008083195e-01 6.588313878826201897e-01 4.268616265352540573e-01 1.691073541765067689e-01
0.000000000000000000e+00 1.801125179788058417e-01 5.664922196846519098e-01 1.475030342973372988e-01 2.470684408357312067e-01
0.000000000000000000e+00 3.092859474764499961e-01 6.348526889645723648e-01 1.498421892782045572e-01 5.881326565491440395e-01
0.000000000000000000e+00 3.092859474764499961e-01 1.350724447527817507e+00 2.163419967998568005e-01 4.021304937358660681e-01
0.000000000000000000e+00 8.769154674835071273e-01 7.825486921761572567e+00 3.960240799600762140e-01 2.598954856403024039e+00
0.000000000000000000e+00 8.968293368624620232e-01 7.720458560565321093e+00 1.486169100404063637e-01 2.742992538809214231e+00
0.000000000000000000e+00 8.968293368624620232e-01 7.720458560565321093e+00 1.486169100404063637e-01 2.598933696486757317e+00
0.000000000000000000e+00 8.769154674835071273e-01 1.069627606913495121e+01 3.001735647369310409e-02 3.194880786826145957e+00
0.000000000000000000e+00 8.968293368624620232e-01 1.057264111344622037e+01 1.740761987961504109e-01 2.859322508244400041e+00
0.000000000000000000e+00 8.769154674835071273e-01 1.069627606913495121e+01 1.740761987961504109e-01 2.523753135720557150e+00
0.000000000000000000e+00 4.423360971376018580e-01 1.611656773002105192e+00 1.084571842878698650e-01 1.600144400797447908e+00
0.000000000000000000e+00 6.190883140922821548e-01 2.953027075286714265e+00 5.939980649002924995e-01 2.000712443863828405e+00
0.000000000000000000e+00 6.358044314455429946e-01 2.893363141753671819e+00 5.213840995685995461e-01 2.315962581046727475e+00
0.000000000000000000e+00 6.358044314455429946e-01 4.245260184304511242e+00 1.049101663073173374e-01 1.790568151995266089e+00
0.000000000000000000e+00 8.769154674835071273e-01 7.825486921761572567e+00 1.486169100404063637e-01 2.598933696486757317e+00
0.000000000000000000e+00 8.769154674835071273e-01 7.825486921761572567e+00 2.491332508057146969e-02 2.887040646233044239e+00
0.000000000000000000e+00 4.138308477573182653e-01 1.695407443672446890e+00 8.374591539619388042e-03 1.017088743036926868e+00
