1.174766869152945858e+01 5.202570219569912363e-02
-5.571617432191437125e+00 6.849312008920567507e+01
-5.555655790791833581e+00 5.781487606450120609e+01
-5.560770420627503263e+00 6.833502625597189706e+01
-5.543621331550281361e+00 5.014876274045057869e+01
1.080283070266912482e+01 6.811876179250027363e-02
-5.511222326225461821e+00 4.758391726019939227e+01
-5.509421697805942486e+00 4.521412673848272590e+01
-5.532074693457639469e+00 4.972708045303220104e+01
-5.523097094016875985e+00 4.807886862497272062e+01
-4.838457840587529368e+00 3.830436881014193773e+01
-5.259509951116767112e+00 3.983436693613839452e+01
1.022402404872292436e+01 8.994573031227720561e-02
-5.400743491728903223e+00 4.203605340068869367e+01
-3.232226006098806614e+00 2.932390784590042898e+01
-3.348169059453083296e+00 2.985292549023221298e+01
9.958852510416292603e+00 8.994924011539694175e-02
-5.077851728263548914e+00 3.831959757349568463e+01
-5.365698595706733798e+00 4.028692688113353881e+01
-5.388087256023421645e+00 4.116800613425303368e+01
-5.388622819816166754e+00 4.159543226270474747e+01
1.059986637645042507e+01 6.884311926838182494e-02
-5.362319190509672318e+00 4.028606903624384472e+01
-5.403963274177808529e+00 4.274570498047790323e+01
1.078114937513250382e+01 6.824223219641559202e-02
-4.778466250725037945e+00 3.755321816345911401e+01
-3.402027538988757982e+00 3.059368494784273551e+01
9.227977237572757119e+00 1.117956191903759361e-01
6.588165609681792212e+00 2.784498718152801366e-01
9.380118475125179600e+00 1.117366090563507858e-01
-3.761002427776774848e+00 3.276698921681492038e+01
-1.050626434528758812e+00 9.029287766663211201e+00
-1.094010758159548180e+00 9.397787162646327630e+00
-4.634085164550153735e+00 3.697536521003821974e+01
-4.723870365667011129e+00 3.714445883162182582e+01
-5.223260315807477738e+00 3.903796585650248119e+01
6.439823394026410242e+00 2.874970583821709891e-01
2.645840980565945078e+00 8.816824246387635622e-01
-1.321709505991549793e+00 1.098229653801253036e+01
-4.073061450795064431e+00 3.467160456582163874e+01
2.963784521051361143e+00 7.967013747937976564e-01
-3.382396038626928725e+00 3.009908101034195838e+01
7.207465158972364172e+00 2.233916304402513986e-01
8.521514529480748834e+00 1.361411397173858673e-01
-1.211513826243061365e+00 1.048869251601844965e+01
-1.445688931649464104e+00 1.245107589116984315e+01
-4.828832200392232821e+00 3.786409543371626540e+01
-1.726109906311086961e+00 1.503201555193738059e+01
5.577965205212509936e+00 3.832864708370802287e-01
-2.390793623271370016e+00 2.108463487472161191e+01
-3.997585973180973085e+00 3.393858325053000158e+01
-1.514659194157498834e-01 4.114710519127952715e+00
-2.768552703390757763e+00 2.496392710677135796e+01
5.492635011470714979e+00 3.997520813764138259e-01
3.685076694758179783e-01 2.806325311425226232e+00
-1.634566002391792061e+00 1.418247526849733475e+01
8.082593261775068427e+00 1.579222961985340956e-01
4.154944553079637615e+00 5.810410543420569951e-01
9.184750375892718921e+00 1.118156007053726086e-01
-7.578104589027582216e-01 7.023597695485609194e+00
-2.048684542581045598e+00 1.809408338178717202e+01
-8.990127032141316532e-02 3.970242431556984197e+00
9.091559626045505382e+00 1.126084727782632189e-01
-1.712009075766761867e+00 1.475966182297643670e+01
-1.275392544614832424e+00 1.075498175773311260e+01
-4.723716017384883337e+00 3.711023176289717185e+01
-3.438165148286826511e+00 3.114220739689263695e+01
-3.037117812368461234e+00 2.705489747034178549e+01
-4.233768083410443417e+00 3.559767790032638857e+01
2.881002193205047135e+00 8.202281868758416472e-01
8.212947294963962364e+00 1.565029609762092211e-01
-8.957384808417282462e-01 7.724859440016208723e+00
-2.797097104782216626e+00 2.510964891224403317e+01
4.284100786663751492e+00 5.628787981782039651e-01
1.050591173765644726e+01 7.015308468206285508e-02
9.943747737606818404e+00 9.000157343772526020e-02
-3.222570481532313735e+00 2.909399207604248261e+01
9.656920445498172967e+00 9.258025930545835114e-02
-5.424157167682167824e+00 4.326940809818888312e+01
-3.891560848433528896e+00 3.392222035391851165e+01
8.380248470157370733e+00 1.371120307676652605e-01
5.689876986793914959e+00 3.698435139078141143e-01
-2.574943809506370584e+00 2.318547975166549691e+01
8.699079114711993910e+00 1.346227748039796890e-01
3.803946084263448491e+00 6.399304266992640322e-01
-1.142674988117283741e+00 9.615191971067229559e+00
9.619974985271221302e-01 1.864494567902956090e+00
-5.415278172708880788e+00 4.289960035078435396e+01
2.567503288511219672e+00 8.911489798122498307e-01
1.167747685924481527e+00 1.646687881484375726e+00
8.606066963707819539e+00 1.354159863521643969e-01
-5.207570374035598526e+00 3.890111326025132854e+01
-4.478299882111356212e+00 3.638707803589834100e+01
-4.391888414156865927e+00 3.624076552009262997e+01
9.415669814520052583e+00 9.435496628813538900e-02
1.041209463832776372e+01 7.054339305948291450e-02
9.829677846805997987e+00 9.016930675289631936e-02
3.906865142501372734e+00 6.393698659155244712e-01
-9.765099213368332309e-01 8.628524748304345238e+00
-2.208150960623274983e+00 2.016784247496033444e+01
4.996351621765450446e+00 4.719871030496459730e-01
-5.256822141830637563e+00 3.936229989788667893e+01
-1.750049998616189706e+00 1.521292621414605861e+01
-1.622452520758398853e+00 1.384368410768325042e+01
-2.748596518377411702e+00 2.472888598299293506e+01
-5.104656363243124773e+00 3.831992834258753078e+01
8.770901830925225795e+00 1.342870452850121743e-01
-1.471223485335718673e+00 1.283776031234245707e+01
7.317637146178845420e+00 2.228386817136134013e-01
9.730876985251510902e+00 9.170238039903721994e-02
8.814572789162625099e+00 1.159264976051689600e-01
-2.075602347882836707e+00 1.861713404967466445e+01
-5.535843337926427132e+00 4.988647382306337619e+01
-1.658670460535080826e+00 1.425728495372763760e+01
-4.336351818109513090e+00 3.599425893487710226e+01
-4.391888414156865927e+00 3.624076552009262997e+01
3.090868522635114246e+00 7.645531802149043710e-01
-3.220812533799706223e+00 2.871988704383711877e+01
-5.256822141830637563e+00 3.936229989788667893e+01
-3.107824761117144452e-01 4.771852830132555567e+00
6.848067879121042978e+00 2.605637455930148727e-01
5.322649439261436299e+00 4.130576112645916731e-01
-8.520145618191389270e-01 7.646689534560673351e+00
-3.185630447335879634e+00 2.858542066916222879e+01
4.409235965756995723e-01 2.755689360058378945e+00
-6.844972620792254547e-01 6.672975401105146531e+00
6.078290127140829613e-01 2.416270716462332935e+00
7.479391019847183131e+00 2.014621877982184783e-01
-5.462502461630362127e+00 4.438222472027817389e+01
1.977830998569836962e-01 3.271030850042873084e+00
-4.630523624357198109e+00 3.681504566967907266e+01
-4.336351818109513090e+00 3.599425893487710226e+01
-4.298375623453556393e+00 3.570331377361531366e+01
8.281716217378125577e+00 1.563227465041168163e-01
-3.043599346135060557e+00 2.740165308771144481e+01
7.558122021171534755e+00 2.010143032483515391e-01
7.102912231424093115e+00 2.449294354992767597e-01
6.246380481812182417e+00 3.097310378723195923e-01
7.447740401716032022e-01 2.123524648137351090e+00
-1.352367782557509779e+00 1.124362341729235482e+01
1.412577689640936995e-01 3.326362117315711409e+00
-9.692695749374518055e-01 8.290541636856975316e+00
7.631388796240321071e+00 1.813763809562569107e-01
-3.439196210706775281e-01 4.858066776013776789e+00
7.993825421326922864e+00 1.593431644547182446e-01
7.889495213924549333e+00 1.789834379019004662e-01
4.368931465096742350e+00 5.621650989431165035e-01
-1.162613202836630721e+00 9.885194771933187852e+00
-2.661924461573035749e+00 2.389403558939422467e+01
-5.388087256023421645e+00 4.116800613425303368e+01
-1.827274634217727733e+00 1.640174253107819169e+01
-5.444725490287926739e+00 4.373870973879377999e+01
-3.770357841732555393e+00 3.311287974741298257e+01
-2.179666330021736431e-01 4.456949372785842911e+00
-3.723773033909939301e+00 3.256538431306078962e+01
-5.453872455139846309e+00 4.420068995809971568e+01
3.151569048472179002e+00 7.605155739931074299e-01
-2.808492179061282457e+00 2.531754224946810083e+01
1.622136744950620324e+00 1.300461562373279367e+00
-3.059959327148815689e+00 2.765165550052950039e+01
-2.921103677112908859e+00 2.625944477219224638e+01
-2.621147563872019415e+00 2.331894744041267487e+01
-2.411747949658863188e+00 2.140810391406690627e+01
-2.250554827565968807e+00 2.018238250880846607e+01
7.694620567898297736e+00 1.813132751949022570e-01
-4.124928663133623274e+00 3.482178263743892899e+01
-1.355327926326147736e+00 1.151127864326693384e+01
6.793277229745505963e+00 2.618137391557815996e-01
-1.410254084888420856e+00 1.221188834815374236e+01
-1.529651016268543495e+00 1.349788654586165926e+01
-3.473862425435445545e+00 3.137116504429729602e+01
6.677147400426244772e+00 2.665792955137368803e-01
-4.210905862734501959e+00 3.537190272553318948e+01
1.961997650444172514e+00 1.115319870680241632e+00
2.323852696240962690e+00 9.607024965532987570e-01
1.103737565695190437e+00 1.720368519513753913e+00
5.080814605644042636e+00 4.548884974157818561e-01
-2.830756394090223171e+00 2.548609028191161130e+01
-2.428351026409680369e+00 2.184683199904965178e+01
2.504198514828755995e-01 3.019322003754806971e+00
-1.861126724662532483e+00 1.657996947009873168e+01
7.837303062773814943e+00 1.796804666090103253e-01
-4.072440965351299624e+00 3.440678643637174616e+01
-2.190460256654327864e+00 1.972051811235602514e+01
-1.786395417837094657e+00 1.588403501925987982e+01
-1.247022943281231422e+00 1.059841799259672612e+01
-3.577764474733650113e-01 5.018081583700372050e+00
-5.473416777011622436e+00 4.492460259836980185e+01
-9.204753998611604482e-01 7.892406174288063347e+00
-2.020660888843259784e+00 1.791244703872004251e+01
-2.973006015524870538e+00 2.664288794185879183e+01
5.803095917417985028e+00 3.482126178122653126e-01
-2.418526161039960432e+00 2.156728253801363593e+01
-1.504300439979463500e+00 1.298442455410561536e+01
9.051588423582382248e+00 1.136806398499549536e-01
-2.831820015359162390e+00 2.580474149504399506e+01
1.201334716385140666e+00 1.614906646536337087e+00
-4.016080578247250621e+00 3.400658708472061420e+01
3.193661679382721719e+00 7.482692579823519985e-01
-2.059557365459191214e+00 1.842623574454176349e+01
-5.950566273989593702e-01 6.090771259699511830e+00
2.156981401827159583e+00 1.041285201397061488e+00
-3.688662794547962420e+00 3.225263839356103546e+01
4.855685912134860338e+00 4.765275050518421596e-01
-3.127551301290099062e+00 2.820043144796156653e+01
-7.134431546725626960e-01 6.747547647863947340e+00
3.666683528133179770e+00 6.747822938376721869e-01
-5.503058433818450723e+00 4.514427410345005853e+01
-4.805245583653453778e+00 3.762256615209723520e+01
-1.326574408415031492e+00 1.119040389499287969e+01
3.554839317757622297e+00 6.926792836513511187e-01
-2.627785727123796100e+00 2.339594433347593494e+01
9.498888951618640775e+00 9.363300875448923866e-02
8.666925040562760696e-01 1.961757326795529055e+00
-1.681529718021196551e+00 1.446383709049472266e+01
-3.166524889588957059e+00 2.840392086621208279e+01
-1.778972584375708266e+00 1.555189750700585449e+01
4.763642641132816102e+00 4.909616598261062892e-01
4.830142775834666224e+00 4.808881674402956663e-01
-2.702224784686873549e-01 4.495486502009255148e+00
-5.365273977252691395e-01 5.652650736801406062e+00
-3.693784027240727852e+00 3.238358948841861462e+01
-2.505893331909635258e+00 2.249247992240408678e+01
-2.747806945991556837e+00 2.456504266593132613e+01
3.294644901909392631e-01 2.876583829117076441e+00
-7.795890533237037623e-01 7.309538708338790158e+00
5.836812261009299840e-01 2.488273559905396226e+00
-5.140832535443385254e+00 3.854728885989332809e+01
1.406886147118458164e+00 1.466025670502036027e+00
-2.686956095314071202e+00 2.413536057537194779e+01
6.335266450383534753e+00 3.044275406254208227e-01
5.299230380685672870e+00 4.234748926536648916e-01
8.645423699799138717e+00 1.348635390752258023e-01
1.561385688743540889e+00 1.339561892399459886e+00
4.624479717367734111e+00 5.190383791181155670e-01
-1.902553718992285869e+00 1.694196532251963561e+01
3.732600911353494144e+00 6.608721110258197751e-01
-3.114007814126880991e+00 2.792527533810990548e+01
-6.941293965094691432e-02 3.907921051718814098e+00
-1.612028986700949629e+00 1.379043519516409333e+01
9.602487902270924636e+00 9.260978334985407734e-02
5.212390267838288516e+00 4.337122204129869596e-01
-4.016563397225555998e-01 5.195759724086958187e+00
-2.455362725376029509e+00 2.205735488770994124e+01
4.390970325111915429e+00 5.533231165392109574e-01
-4.298375623453556393e+00 3.570331377361531366e+01
6.384888205792919713e+00 2.965780504108413984e-01
7.787003858917492138e+00 1.800742017329421130e-01
-1.189137519860442138e+00 1.021809659375892210e+01
9.564781226885584076e+00 9.320646128625220683e-02
-3.150688712128319580e+00 2.834446314657187571e+01
2.527428883627880651e+00 9.060124175792376722e-01
6.908200694378725970e+00 2.603994741406708835e-01
-3.662804424226197231e+00 3.211959202921406131e+01
1.794256836321322490e+00 1.199011666425739531e+00
9.775727340757473627e+00 9.113007513781071212e-02
5.889827601644491040e+00 3.477385436028996857e-01
1.021300324219768019e+00 1.803259179339266716e+00
-2.889569127186265796e+00 2.610917359452708197e+01
-2.849568453367584908e+00 2.592703484353685184e+01
-1.013798854101598534e+00 8.745719710973066441e+00
-5.464137940778960534e+00 4.460631371042050830e+01
-3.836379811173237897e+00 3.343548443008001669e+01
8.947846886989365700e+00 1.145161048696804740e-01
7.903492598223132992e-01 2.055592291650302883e+00
-2.641985143504591349e+00 2.368669533873534405e+01
5.739489606525942200e+00 3.660252464190422717e-01
5.546155002109187215e+00 3.835974607598121588e-01
5.231958906986927893e+00 4.244850903895127647e-01
4.284100786663751492e+00 5.628787981782039651e-01
2.410528255737476755e+00 9.375539694225576426e-01
-2.185412004660641117e+00 1.951465490478424414e+01
-2.490388902066560828e+00 2.226181912480718239e+01
-1.986930408081259980e-01 4.352929848064581719e+00
5.046530449347775615e+00 4.666526877340523294e-01
3.592821085450418561e+00 6.809414904932210577e-01
-1.523602744022371835e+00 1.325725526387749298e+01
-1.542043378486958272e+00 1.359731599190135931e+01
1.257181647999288998e+00 1.606782775272505237e+00
-2.634814212093642194e+00 2.364703306447139752e+01
-2.551154036846013273e+00 2.280478797253650214e+01
-2.173202393308642399e+00 1.926011194416841477e+01
-3.552667200154307814e+00 3.167603176982141377e+01
2.841465877879357560e+00 8.303932199178591933e-01
5.408954708686222190e+00 4.030696343556531280e-01
1.840114199736555767e+00 1.186279246652981900e+00
-2.467067062617900319e+00 2.205785621394675999e+01
-2.308305623545218399e+00 2.067887431627863748e+01
-3.486530832058948537e+00 3.159665082267926906e+01
-3.532840872202035687e+00 3.167562832229308256e+01
5.408954708686222190e+00 4.030696343556531280e-01
-3.821076946390516760e+00 3.325009780340552368e+01
-2.663624049541946537e+00 2.403130554042333245e+01
6.013054600664706761e+00 3.317107488426387363e-01
-4.148150323276429852e+00 3.531415107662768804e+01
-2.200902393271415125e+00 1.989397942441273415e+01
-5.485517919542727050e+00 4.492578537966742402e+01
-1.969456433914757110e+00 1.754927777636792285e+01
-4.017277505377343516e+00 3.425341270569077068e+01
-4.822887497573607796e+00 3.776037358093367402e+01
-1.998211259543945850e+00 1.773331242641565098e+01
1.368096989395155560e+00 1.494148315987324560e+00
7.222491662217689345e-01 2.221311968026610906e+00
-3.872011453542613779e+00 3.373700833754953976e+01
-3.359534891911552190e+00 2.994139316983905275e+01
-1.695472265223150421e+00 1.462900282665591156e+01
6.087449810084128998e+00 3.307121323553703363e-01
-3.658864951894584383e+00 3.201339567542805042e+01
5.370730133102888937e-01 2.507968928157525923e+00
2.724289078005449394e+00 8.623287832340585934e-01
-5.125466083038356935e-01 5.544392579429160861e+00
-3.126110003195464504e+00 2.805690801151615688e+01
-5.187126131353002378e+00 3.867202796468853876e+01
3.923781856552355229e+00 6.280165968914731556e-01
8.885258597543463921e+00 1.153968952728329778e-01
-4.563537791141260236e+00 3.681292047998371686e+01
-4.525815222052806064e+00 3.663743342497608069e+01
-1.810515469871362804e+00 1.635311780487808520e+01
-1.884309478247851111e+00 1.658306208295859108e+01
-2.088034428848231538e+00 1.879733050775969971e+01
-1.793722191654240739e+00 1.589898299935229531e+01
-2.130647374534479610e+00 1.899667132622657917e+01
3.500773360946277002e+00 6.996451472736915367e-01
-1.957026414777770729e+00 1.734125443880675377e+01
3.421716996420958612e+00 7.067390210346146118e-01
2.027214108268574844e+00 1.073824268987907837e+00
-2.420929689496961412e+00 2.178621165273743188e+01
-2.145282507654725723e+00 1.920062197125984227e+01
-4.135053124781134848e+00 3.504810365083348245e+01
1.443423430542953412e+00 1.421509297509033320e+00
-4.213216115520957317e+00 3.551848485339594674e+01
3.984783107068092800e+00 6.187846435748795004e-01
7.023175440828337557e+00 2.449436304839945067e-01
-3.049416513310447385e+00 2.744648582036674256e+01
8.035069540392241194e+00 1.587929344242789420e-01
7.162011308070691307e+00 2.240585029959762386e-01
7.381867452940346297e+00 2.032534539286178499e-01
4.041541242880600571e+00 6.070359616004885606e-01
-3.076971820661279278e+00 2.788520658898812954e+01
2.484265200104213811e+00 9.195125451447978548e-01
-5.630037398150795624e-01 5.720533767738793074e+00
-5.431143904213403317e+00 4.351049544296915172e+01
-1.794964543074374586e+00 1.617253505397253122e+01
-5.446780378614769269e+00 4.402171244673730399e+01
-5.192383652304559227e+00 3.867210680998928751e+01
2.455904894691719687e+00 9.361393765494894215e-01
7.590169286101500212e+00 2.006785895476680126e-01
2.129882368248581681e+00 1.062699466199027665e+00
-3.619727939650248416e+00 3.167847894408905418e+01
-5.140832535443385254e+00 3.854728885989332809e+01
3.034550382885402575e-01 2.982582929686339313e+00
1.653860708108034983e+00 1.283159534281771652e+00
1.279250741565737537e-01 3.429266233244747220e+00
-2.895822605203324795e-01 4.616921682132261395e+00
-9.489952399943653027e-01 8.120333180461956957e+00
1.108482742694800877e-01 3.510449257999279205e+00
1.333934614929171314e+00 1.511432683588412207e+00
-2.351101510727674704e+00 2.088015173067926966e+01
-2.183442622924934184e+00 1.939647002868428771e+01
6.160598638974202679e+00 3.139242237996273666e-01
-2.929551963679010829e+00 2.638767655362573450e+01
-1.398939756407696189e+00 1.205339297513217467e+01
-5.521945483493710505e+00 4.781628436284404415e+01
-3.068111136695282681e+00 2.779347689883216432e+01
-3.713301461043747143e+00 3.253076924534448011e+01
2.012970960181562408e+00 1.100280324293645418e+00
2.012753855436877071e-01 3.118882506732366888e+00
3.638938891373431517e+00 6.747828416983654432e-01
4.456504083169389396e+00 5.470329205113571014e-01
-1.931726559009478761e+00 1.720522579936269736e+01
-3.798770675098709582e+00 3.324375335736085191e+01
2.748091554296162808e+00 8.514067179642302863e-01
-2.551398887958162831e+00 2.307041078300670023e+01
2.219993456413996702e-01 3.067603533499475787e+00
2.218097148451204870e+00 1.023563378809558611e+00
-2.025986992429200217e+00 1.802535990318017411e+01
-2.497867817356425935e+00 2.228764285533360123e+01
-6.647685552068480774e-01 6.491275112697454830e+00
-2.707593855735202837e+00 2.430378413523878223e+01
-3.640329251369333274e+00 3.187816991344288198e+01
8.492044935309590592e-01 2.010112966128745349e+00
-2.535305719769957999e+00 2.278720999609033981e+01
3.374732160411937354e+00 7.160668734308619499e-01
-4.064558509286379184e+00 3.429935984626023071e+01
-2.948699469388324168e+00 2.657878051048523815e+01
1.692468126622081348e+00 1.273575224061546773e+00
-4.159993849719510806e+00 3.531652022754817466e+01
-7.375425638312553822e-01 6.847710876554053527e+00
8.451732713421995058e+00 1.365831649411108906e-01
-4.967085513196958235e-01 5.480915025834615761e+00
-5.444258523420813844e+00 4.360528471566763642e+01
1.874691494926134405e+00 1.172510691447988140e+00
4.926044954118713015e+00 4.750401917033051924e-01
1.027148323070220393e+01 7.248049180797072610e-02
1.297346263427882063e+00 1.518023515155359160e+00
-4.237557950162283427e-01 5.310887785326947608e+00
6.579893927585790392e-01 2.334629925266751727e+00
4.926044954118713015e+00 4.750401917033051924e-01
4.462734963330018623e+00 5.415612146237280822e-01
5.143267775578403977e+00 4.386543402593298113e-01
8.150077507594991610e-01 2.046816896385228901e+00
-3.415071273641652194e+00 3.078067075099818339e+01
-1.491967198674442274e+00 1.298393189593414832e+01
8.451732713421995058e+00 1.365831649411108906e-01
9.257278942895649232e-01 1.931172766722506040e+00
6.944101874948429565e-01 2.257719963160672805e+00
-2.893578089601995362e+00 2.610925358324620760e+01
-5.520866090819271932e+00 4.778685452505566644e+01
3.027252238577679222e+00 7.765715159005377455e-01
-2.099170065055538270e+00 1.891435273364275815e+01
-3.206219697251914358e+00 2.870041986557306757e+01
7.326831138932230481e+00 2.226813339347261111e-01
-2.532070322505369564e+00 2.259099010902387406e+01
-5.650330637646823195e-01 5.852488771534018142e+00
-3.005949115232106283e+00 2.694808164852506494e+01
1.327334116595641801e-02 3.638845878259830080e+00
8.212947294963962364e+00 1.565029609762092211e-01
1.915280889804531483e+00 1.126406116332554275e+00
3.293039422649820303e+00 7.272070127860197353e-01
4.712857453133194596e+00 5.050122418492082321e-01
-1.179670510537950801e+00 1.002068496948396614e+01
-1.543716592929560871e+00 1.378985933835532407e+01
-1.119992439886162927e+00 9.559728756805869310e+00
6.105011836319937935e+00 3.143564667392592105e-01
5.229881245965838366e-01 2.578572519479095604e+00
1.530051714215142633e+00 1.387537798558829305e+00
-5.429480934131150960e+00 4.335154842169505685e+01
-1.257137680773415589e+00 1.071350155722395314e+01
-3.224852713564105855e+00 2.921316665056498607e+01
-5.523097094016875985e+00 4.807886862497272062e+01
-4.563537791141260236e+00 3.681292047998371686e+01
6.732795413644495852e+00 2.623251536207283907e-01
-2.930994212305862323e+00 2.652201406435987963e+01
-4.126238554347544607e+00 3.487625345915289898e+01
-2.270283370155777636e+00 2.033838523224774875e+01
2.263452027085597340e+00 9.621763928589357473e-01
-1.097563264752249745e+00 9.523146383619364386e+00
-9.908083541264258720e-01 8.690255810276408255e+00
6.181428651120539186e+00 3.137139636812994459e-01
-1.523602744022371835e+00 1.325725526387749298e+01
-2.278019530628459854e+00 2.033935786715924010e+01
1.076694344297432382e+00 1.768228141053586722e+00
5.143267775578403977e+00 4.386543402593298113e-01
6.466003939401784861e-02 3.583120941154464667e+00
3.351007031826300331e+00 7.161843873660338478e-01
-3.880009491593290338e+00 3.389634907549294951e+01
-2.138440523054075282e+00 1.907920390305239522e+01
-1.466763030744887786e+00 1.261073240385513650e+01
9.511954235463690566e+00 9.325441225631431186e-02
6.226507421953709986e+00 3.098308466220365820e-01
3.037313082286720700e+00 7.732902311787668292e-01
3.393749009072300621e-02 3.624354607691778973e+00
-1.023509284642948547e+00 8.916307319910810492e+00
-1.919517019252587886e+00 1.705237786261677968e+01
-2.829043937106940909e+00 2.540586378101382081e+01
4.100244312870860774e+00 5.926039531671443150e-01
-6.570515312756506354e-01 6.490820587772624606e+00
8.991575554202302811e+00 1.138777592688709206e-01
-7.457795776616709116e-01 6.903633242725168984e+00
8.094602110061824285e-02 3.547171181608933743e+00
5.893236272968420231e+00 3.476849380243249854e-01
-2.335566745032997549e+00 2.079230002455407700e+01
7.128316011688604625e+00 2.246280589347935952e-01
-2.063590477089688235e+00 1.842644971990662128e+01
1.029951327818463547e+00 1.776727965067549375e+00
-1.739823170626457194e-01 4.211025084949983288e+00
7.401274800530839748e+00 2.028570317861106698e-01
-1.362731536137685273e+00 1.161732919205955383e+01
-9.687160898060110936e-01 8.226932039591925871e+00
-2.695880490609054547e+00 2.427406705492474970e+01
4.523513227758464872e+00 5.324973751134527422e-01
8.897459860134127041e+00 1.151377773324380183e-01
-2.291232302370958429e+00 2.051997900942168584e+01
-3.370759181865868648e+00 3.009614001512532511e+01
6.001681198862425681e+00 3.318069348252932760e-01
1.485535836313186309e+00 1.397182384115997156e+00
1.270337454060737281e+00 1.540293662271684960e+00
4.570113495358608446e+00 5.193966530204758847e-01
1.038297035218720765e+01 7.119247391435293282e-02
-3.422306278825140158e+00 3.099693430626918911e+01
-1.378866113898853607e+00 1.177244253396874107e+01
-3.779585850534860292e+00 3.311881207842318986e+01
-1.462585997555916562e+00 1.261065241513601265e+01
-6.137692549098195949e-01 6.250083295102765391e+00
4.880965449830431679e-01 2.641853091102439599e+00
-4.516669054235415537e+00 3.647309934560614408e+01
-1.797836429782474488e+00 1.619444559631813263e+01
-1.770736203382253793e+00 1.533748539283795864e+01
-1.896656318740528091e+00 1.676311482537557751e+01
5.953699644904220101e+00 3.450774320512512983e-01
-2.988201426189053489e+00 2.682430480442603127e+01
6.934854029334322156e+00 2.462327311924353834e-01
8.325930525293431472e+00 1.380395655897367624e-01
-3.637635834747979136e+00 3.180764482973893337e+01
3.311039896426660523e+00 7.271533739989270995e-01
-1.792506258453464285e-01 4.258574500240149163e+00
6.743465396112306998e+00 2.618574721209924183e-01
-3.406895173152929779e+00 3.078007786344752716e+01
-6.261882082120647786e-01 6.387673754238087476e+00
-4.506352107619189695e+00 3.647214639276035086e+01
1.032830711080056751e+01 7.171569962237091256e-02
2.085993894372147661e+00 1.069369190221669985e+00
4.001274676853911139e+00 6.186881851155401346e-01
-1.948531111827189966e+00 1.731244377106786914e+01
-1.189137519860442138e+00 1.021809659375892210e+01
-6.050914732392231876e-01 6.215951717966653689e+00
-3.485732788211690636e+00 3.152034522220838397e+01
1.055853864474917714e+01 6.951484973519805877e-02
-4.027912146852331787e+00 3.429470285472038427e+01
-1.970994095154841030e+00 1.762116619594962685e+01
-5.464137940778960534e+00 4.460631371042050830e+01
-3.011322618374765003e+00 2.700588032946754069e+01
-1.771120464219935853e+00 1.537131203554017489e+01
7.023175440828337557e+00 2.449436304839945067e-01
6.965520166747017683e+00 2.457438097846320613e-01
4.150967276931754490e+00 5.837358560819556619e-01
-1.386687778714256192e+00 1.188318888752830382e+01
6.425648291115479971e+00 2.877084076353405573e-01
1.762467119824840500e+00 1.236277605361617571e+00
1.029054416213221934e+01 7.207392401137499571e-02
-4.668239515733941247e-01 5.442927904491888569e+00
-4.494743193449383667e-01 5.442584030518004212e+00
-5.934447613339630667e-01 5.873495524998546102e+00
-3.856650257270687110e+00 3.365552143034453536e+01
-2.662315925274272646e-02 3.855018461720151279e+00
-9.220837100980903145e-01 8.022882392474343760e+00
-2.312046389528832346e+00 2.077956633594276070e+01
6.711313079487732924e-01 2.294201580618163039e+00
3.500797190351930599e+00 6.996407421835690865e-01
-1.682185152029976649e+00 1.454543256470337909e+01
-1.035696650691129594e+00 8.916864746473091685e+00
-3.837562947502998423e+00 3.353964639641804268e+01
-1.995906727994463337e+00 1.767576237982176579e+01
-8.437913610276296383e-01 7.476328102021322586e+00
-1.373046270682061865e+00 1.169237293658315657e+01
-1.395085024933634399e+00 1.193485819900910272e+01
1.035032852382457591e+01 7.143079076048879095e-02
2.220874817520586575e+00 1.000137518431291062e+00
4.582596867958831588e+00 5.192649507016990906e-01
-8.135637413515804939e-01 7.390056331116664268e+00
-7.795890533237037623e-01 7.309538708338790158e+00
4.737008350718209471e+00 4.911516773662203406e-01
-2.192309220236526190e+00 1.989317764439909553e+01
3.755126770984491102e+00 6.578537598087916827e-01
-2.734448200696005582e+00 2.441221173148197465e+01
9.820918240574973979e+00 9.074651034286267126e-02
3.246172980555456444e+00 7.421027207130010961e-01
-1.774734892970306177e+00 1.555140376787115386e+01
-2.291232302370958429e+00 2.051997900942168584e+01
3.784583969321677621e+00 6.516570000034040966e-01
5.787287113227892021e+00 3.586078002071575455e-01
2.795350992539723745e+00 8.486975453945708736e-01
9.287033844264340754e-01 1.931038285373270824e+00
3.126459084412179235e-01 2.957707293531067094e+00
1.054111341896539678e+01 6.966037994687915291e-02
-2.551784747614168403e+00 2.309624007603319384e+01
-3.434626061428856847e+00 3.100274370883754216e+01
-2.355545157684009627e+00 2.105207762650425707e+01
7.889495213924549333e+00 1.789834379019004662e-01
-4.135053124781134848e+00 3.504810365083348245e+01
1.902530457715443157e+00 1.151666281445934636e+00
2.257280058099631059e+00 9.622684946404967965e-01
7.736435468764549128e+00 1.807636570652359775e-01
-8.396830826025383221e-01 7.476199562883893535e+00
-2.734448200696005582e+00 2.441221173148197465e+01
6.338611009953177167e+00 3.043742611115547447e-01
-9.234275942555963956e-01 8.102036767638654879e+00
-1.402035649597123124e+00 1.220897931347048448e+01
5.953699644904220101e+00 3.450774320512512983e-01
-1.899740887830649427e+00 1.676364446823590981e+01
-2.519471404624840538e+00 2.257642704549050094e+01
4.672818607770107491e+00 5.086130992360620162e-01
5.018385169961018244e-01 2.638095436381565850e+00
-1.921610378393760366e+00 1.712354482370156106e+01
2.798842568484201987e+00 8.413048021623399375e-01
7.746485866195784276e+00 1.804214530614617895e-01
-4.525815222052806064e+00 3.663743342497608069e+01
3.246172980555456444e+00 7.421027207130010961e-01
-3.622613869728676050e+00 3.170800419701786055e+01
5.700562060713576962e+00 3.698187432872235281e-01
4.074713558676577030e+00 5.955604171734392160e-01
-1.543716592929560871e+00 1.378985933835532407e+01
-5.406702422199577640e+00 4.284603213696409796e+01
-2.808320516727530469e-01 4.586208649759398348e+00
-2.662315925274272646e-02 3.855018461720151279e+00
3.896785621602236963e-03 3.777940703946975454e+00
4.523513227758464872e+00 5.324973751134527422e-01
-3.474348819102362818e+00 3.141174674429664293e+01
-4.478299882111356212e+00 3.638707803589834100e+01
3.421716996420958612e+00 7.067390210346146118e-01
2.369699605407893817e+00 9.476729145842643920e-01
2.365313453497123408e+00 9.535222906800252529e-01
-2.988201426189053489e+00 2.682430480442603127e+01
8.324196953204953786e+00 1.558071469015359922e-01
-3.846034998151520945e+00 3.361703544112336317e+01
1.474463997491083589e+00 1.415630165500312954e+00
1.746599509195047251e+00 1.236278377435776399e+00
-2.351602088810996971e+00 2.103205307360798670e+01
-3.885469405539741516e-01 5.085905605180743194e+00
-8.135637413515804939e-01 7.390056331116664268e+00
