inf 1.723515237933613900e-03
inf 1.723515237933613900e-03
inf 1.723515237933613900e-03
2.547140207057786654e+01 1.807330475644083586e-03
inf 1.723515237933613900e-03
inf 1.723515237933613900e-03
inf 1.723515237933613900e-03
inf 1.723515237933613900e-03
inf 1.723515237933613900e-03
7.016917343180518962e+00 3.042532272800222870e+01
inf 1.723515237933613900e-03
7.016917343180518962e+00 3.042532272800222870e+01
7.019337490196671858e+00 2.761267269985227557e+01
7.019287042144939370e+00 2.921041188316856108e+01
7.049188332441725713e+00 1.970966546867441593e+01
7.061447884630163152e+00 1.699007281637280542e+01
7.063087064312079555e+00 1.620748880013388060e+01
7.050709426375053823e+00 1.878136683858867784e+01
7.086491859303544416e+00 1.189031432642372899e+01
7.086062191823618406e+00 1.291134891533832096e+01
7.026577407672696118e+00 2.497070536712046263e+01
7.026313842759368988e+00 2.598529167046460842e+01
7.040142262284534880e+00 2.149125345046502034e+01
7.039177220860586282e+00 2.229494352291593984e+01
7.030280393084916923e+00 2.427569178532082717e+01
7.025274137940784591e+00 2.697299914462265846e+01
7.028221995863375149e+00 2.436311605310900674e+01
7.030783514103558396e+00 2.365348453086616942e+01
7.043103550162858717e+00 2.065765857054529775e+01
7.025772667569222030e+00 2.633397113670886824e+01
7.026577407672696118e+00 2.497070536712046263e+01
7.063183747040070237e+00 1.590664640046943745e+01
7.045013665386625767e+00 2.022285200049973497e+01
7.045855893631045141e+00 1.999271429591004434e+01
7.042314502227818629e+00 2.116573203195192221e+01
7.060966315194183274e+00 1.738161573547360206e+01
7.074065026530451661e+00 1.433870475731247929e+01
7.128879156405064421e+00 7.156929161175096255e+00
7.019793344709227334e+00 2.722908207022582516e+01
7.017378406591186391e+00 3.004803925105712992e+01
7.034087040965113502e+00 2.311206415090836686e+01
7.128652817867396685e+00 7.609400625901119319e+00
7.044499370750199496e+00 2.052388082353438037e+01
7.035806558570176783e+00 2.250616849717842527e+01
7.110204209925603536e+00 9.387395727795070144e+00
7.018239923457559648e+00 2.944789139547745549e+01
7.026312654311134054e+00 2.615247323877898822e+01
7.132525966317580846e+00 6.786750379188855042e+00
7.131920165160180680e+00 7.129292461695523109e+00
7.064203922818022008e+00 1.565477286280877678e+01
7.017750148928702636e+00 2.977574864164869695e+01
7.035516826032529814e+00 2.283390291904572678e+01
7.076226044141758820e+00 1.408588064151648389e+01
7.082765440462931217e+00 1.341875012158170222e+01
7.156791702292510493e+00 5.689930654672402000e+00
7.157055504909601851e+00 5.379165173993109228e+00
7.052801125412098138e+00 1.846705142864234617e+01
7.035516826032529814e+00 2.283390291904572678e+01
7.017409146274472320e+00 2.995724533071495443e+01
7.056337307547137172e+00 1.781368371134941953e+01
7.112099354618575120e+00 9.131334280413581084e+00
7.040981181579502035e+00 2.130975312211262818e+01
7.099809561816562642e+00 1.037594420121514993e+01
7.072885783446201557e+00 1.457539565909391044e+01
7.080270349773084781e+00 1.381633351448366298e+01
7.080315415259744505e+00 1.358251053548311660e+01
7.095292217864668238e+00 1.091862880944873559e+01
7.055179497377045195e+00 1.819565388957310503e+01
7.112262189328451889e+00 8.911174047916517793e+00
7.111997574092553620e+00 9.170761413688223840e+00
7.174642442844524126e+00 4.472030036928551944e+00
7.110090603216518979e+00 9.550642772637649713e+00
7.069084551501180869e+00 1.514939474266240005e+01
7.211107749648308918e+00 3.037074167451506490e+00
7.182331712334000251e+00 3.955981153684083651e+00
7.181054611142507760e+00 4.162283967783738881e+00
7.072885783446201557e+00 1.457539565909391044e+01
7.072006396320939636e+00 1.478066494427005217e+01
7.087079865501953790e+00 1.174746378586707429e+01
7.019057567027049416e+00 2.924554820218616058e+01
7.174484127418810253e+00 4.674333868446018947e+00
7.069615125002275846e+00 1.495909455140587596e+01
7.083399180109234194e+00 1.322844993032517813e+01
7.207825116067978044e+00 3.229463623499884584e+00
7.079452797611518022e+00 1.394462648895349943e+01
7.033342394463841352e+00 2.329356307711136509e+01
7.033031786626771975e+00 2.348058765518486979e+01
7.104292800424918397e+00 1.010594402857800311e+01
7.051186194376476202e+00 1.867124838200654580e+01
7.040543710241895958e+00 2.141987636640418202e+01
7.033342394463841352e+00 2.329356307711136509e+01
7.025772667569222030e+00 2.633397113670886824e+01
7.017750148928702636e+00 2.977574864164869695e+01
7.174858501974842540e+00 4.459135468453042428e+00
7.058644618528867376e+00 1.765114768488208341e+01
7.113819896487647121e+00 8.591917378033308239e+00
7.152262342955965302e+00 5.764088826248354280e+00
7.096843468956102186e+00 1.076493166603515661e+01
7.070975570575801505e+00 1.485330421315247840e+01
7.177648239271306352e+00 4.291621406652115667e+00
7.018463352318790704e+00 2.941275512341485410e+01
7.026313842759368988e+00 2.598529167046460842e+01
7.113427452622467229e+00 8.757954471940081476e+00
7.090240397873102118e+00 1.132909224597232800e+01
7.053330982337439714e+00 1.830829173523282094e+01
7.067364108192941252e+00 1.527970509795604670e+01
7.067210117418132320e+00 1.543685307820023134e+01
7.112622089407594217e+00 8.860101675792900977e+00
7.099460733730800222e+00 1.052373639978560860e+01
7.097739701085246544e+00 1.066898630518619484e+01
7.104320658468811445e+00 1.005426607618847612e+01
7.042314502227818629e+00 2.116573203195192221e+01
7.089595870451057102e+00 1.147194469316813858e+01
7.086491859303544416e+00 1.189031432642372899e+01
7.055364844462789442e+00 1.805414939177623523e+01
7.101322953331320242e+00 1.027096839203328038e+01
7.104093721309899578e+00 1.024064131112831255e+01
7.038181213773048839e+00 2.232010472539879586e+01
7.051760436625793105e+00 1.859986541086632883e+01
7.056125163422223956e+00 1.792254616535258549e+01
7.055545057760592265e+00 1.794528812249325611e+01
7.098988380550816046e+00 1.059496763120225182e+01
7.068689147051016697e+00 1.517391494394882301e+01
7.065735632556511270e+00 1.557106778052127360e+01
7.082554373946158499e+00 1.354868759646489806e+01
7.080270349773084781e+00 1.381633351448366298e+01
7.160995194628818616e+00 5.113331316868866772e+00
7.038133290972201195e+00 2.242896717940196183e+01
7.094601317924333905e+00 1.103479133164374737e+01
7.193543034252512847e+00 3.668523629016777754e+00
7.085397569280944552e+00 1.317831754143765366e+01
7.094988963234161616e+00 1.099005360088146332e+01
7.124466098509508072e+00 7.923533019680536249e+00
7.060184864944862859e+00 1.748325104252275963e+01
7.157633310983177566e+00 5.268489309467950577e+00
7.157055504909601851e+00 5.379165173993109228e+00
7.179658656990391741e+00 4.240099132400478865e+00
7.060171049271052546e+00 1.749310902527478717e+01
7.055364844462789442e+00 1.805414939177623523e+01
7.070693684578858829e+00 1.494845485638389349e+01
7.067364108192941252e+00 1.527970509795604670e+01
7.138921994728059772e+00 6.350127879675170561e+00
7.137356373680503907e+00 6.435474572450949893e+00
7.134553762897719587e+00 6.560315254194764911e+00
7.148134635182202601e+00 5.928848282580659657e+00
7.146552170718522667e+00 6.014194230210008207e+00
7.150211085816347456e+00 5.869120135567603036e+00
7.191113853738745121e+00 3.771829429502215891e+00
7.020672915301589434e+00 2.714212848614295481e+01
7.113427452622467229e+00 8.757954471940081476e+00
7.059946431084013874e+00 1.759211349652592560e+01
7.206742111122532712e+00 3.405098076026614962e+00
7.121545349884461196e+00 8.129020229863689551e+00
7.132997273936616978e+00 6.645661762269183370e+00
7.132741265545528009e+00 6.741386210251869571e+00
7.085717740915916885e+00 1.300649955856973428e+01
7.086062191823618406e+00 1.291134891533832096e+01
7.085477550382462297e+00 1.307913360160024574e+01
7.091875798490032246e+00 1.127818445753968568e+01
7.092698230639164159e+00 1.118381427638007963e+01
7.207023669157983647e+00 3.311531156590154179e+00
7.260549911237231591e+00 2.114921359737044426e+00
7.260420102532551212e+00 2.208452490945479685e+00
7.032940681641217218e+00 2.350576099192339541e+01
7.106052239014869265e+00 9.961878905183333188e+00
7.126586846145214871e+00 7.733110644634758835e+00
7.107449212750043266e+00 9.889239432756459891e+00
7.369222051131216311e+00 1.116053269748426446e+00
7.242069792551336427e+00 2.517497852442390105e+00
7.023159765081993910e+00 2.712607175881786148e+01
7.024848292575671671e+00 2.704012486959473094e+01
7.313150481256608160e+00 1.549628673661154421e+00
7.132997273936616978e+00 6.645661762269183370e+00
7.295934018828584833e+00 1.701117885933887353e+00
7.272886716153891484e+00 1.993692391904882122e+00
7.124643148556402572e+00 7.859555556455585013e+00
7.242315008196467119e+00 2.441560690744495332e+00
7.118834908673341566e+00 8.292225556038557599e+00
7.120169815784918477e+00 8.250916676152513674e+00
7.120741859418186159e+00 8.168514890753691304e+00
7.118252129981401666e+00 8.374627341437379968e+00
7.207825116067978044e+00 3.229463623499884584e+00
7.207023669157983647e+00 3.311531156590154179e+00
7.170910305925731087e+00 4.768978210460221412e+00
7.054312412300790314e+00 1.827438817387677261e+01
7.032837056430797595e+00 2.357382144179073435e+01
7.180438618264753714e+00 4.181991303536308102e+00
7.218497153007454870e+00 2.885250794986540690e+00
7.214890026597251094e+00 2.977491276326397429e+00
7.038115025043182982e+00 2.244574343587518683e+01
7.085402639484336795e+00 1.310164910659484505e+01
7.121650761521978623e+00 8.052356152329108951e+00
7.161072515030992847e+00 5.036731807607226052e+00
7.093985688667759248e+00 1.111117369472949967e+01
7.184941773940960452e+00 3.883360730409077810e+00
7.122702494236585302e+00 7.983265575189224528e+00
7.125069894171868867e+00 7.839808515669195899e+00
7.156791702292510493e+00 5.689930654672402000e+00
7.194296784804959266e+00 3.653893444345052366e+00
7.088080222248940743e+00 1.161600973790812752e+01
7.066885656067547039e+00 1.546137267630546219e+01
7.093985688667759248e+00 1.111117369472949967e+01
7.092698230639164159e+00 1.118381427638007963e+01
7.089074197937760502e+00 1.161479330946399813e+01
7.107036622916574231e+00 9.908988178438823624e+00
7.077266063027074949e+00 1.401324135407334914e+01
7.072006396320939636e+00 1.478066494427005217e+01
7.109656225928922879e+00 9.673748363436088127e+00
7.128135166832953118e+00 7.660475442728264639e+00
7.085717740915916885e+00 1.300649955856973428e+01
7.184906055354651322e+00 3.905914891412712198e+00
7.199097141514897658e+00 3.522540372702785305e+00
7.196292024914551888e+00 3.595159956802097767e+00
7.108258467739259068e+00 9.746386985560647531e+00
7.108704215160813966e+00 9.674959347151736111e+00
7.097316567137875509e+00 1.074041394359510448e+01
7.107839850351155953e+00 9.817813683632538257e+00
7.108258467739259068e+00 9.746386985560647531e+00
7.110082668436957576e+00 9.602321665364199177e+00
7.107839850351155953e+00 9.817813683632538257e+00
7.089330729598767533e+00 1.147514133721265317e+01
7.087811276605803457e+00 1.168743452934085703e+01
7.089319208185703935e+00 1.154336948460086809e+01
7.051760436625793105e+00 1.859986541086632883e+01
7.099177861263536116e+00 1.053813881464469837e+01
7.268524174229428425e+00 2.014829396232224568e+00
7.171513098812235754e+00 4.698362853214920420e+00
7.314057635157976911e+00 1.484145843747379789e+00
7.324699165289163538e+00 1.413885765155882712e+00
7.367649053222336875e+00 1.182316815925742448e+00
7.122534934830536457e+00 8.047243038414174876e+00
7.079174702337043712e+00 1.400393546414112933e+01
7.089319208185703935e+00 1.154336948460086809e+01
7.024848292575671671e+00 2.704012486959473094e+01
7.158184606461634125e+00 5.204102104184388011e+00
7.387692482666881055e+00 1.057614292908143572e+00
7.314057635157976911e+00 1.484145843747379789e+00
7.244676781592943371e+00 2.384316590245777245e+00
7.145769468379547185e+00 6.033941270996398210e+00
7.136718841345023101e+00 6.455221613237339895e+00
7.143446322161955742e+00 6.139940132673519457e+00
7.157633310983177566e+00 5.268489309467950577e+00
7.066171112374351360e+00 1.550949421726772037e+01
7.276272979398219931e+00 1.930823493123630108e+00
7.065894064227533633e+00 1.552446276074511644e+01
7.254989652399890687e+00 2.233734561010600750e+00
7.144191026834408653e+00 6.120193091887129455e+00
7.283489534253654973e+00 1.840108323133160528e+00
7.087811276605803457e+00 1.168743452934085703e+01
7.217381765624288903e+00 2.917658198323007657e+00
7.232266902820828847e+00 2.645820608833563625e+00
7.124153781792442963e+00 7.971165219556676007e+00
7.142871281483816226e+00 6.230669223919189648e+00
7.139594149072930662e+00 6.330380838888780559e+00
7.135157730464213977e+00 6.540568213408374909e+00
7.148956531070679077e+00 5.909101241794269654e+00
7.227519910799878211e+00 2.755711896407048389e+00
7.340945750542558379e+00 1.344439939159405517e+00
7.114282354870466563e+00 8.557194605134377241e+00
7.196292024914551888e+00 3.595159956802097767e+00
7.376906656381585492e+00 1.094246016847329139e+00
7.189115616607427484e+00 3.829819818443024548e+00
7.163602643141819826e+00 4.986661086213082683e+00
7.190218140789383483e+00 3.825023424134399441e+00
7.299786314143966948e+00 1.644000637719899238e+00
7.500658680508609066e+00 7.056825493486605927e-01
7.126076587033897347e+00 7.784185461461904154e+00
7.223934838256913515e+00 2.797642295729366069e+00
7.603137929300131326e+00 5.338569968091902984e-01
7.202183528203857321e+00 3.480605875962885065e+00
7.249129272613494379e+00 2.319639723359068206e+00
7.191113853738745121e+00 3.771829429502215891e+00
7.106052239014869265e+00 9.961878905183333188e+00
7.308957191504957152e+00 1.569949342228064149e+00
7.032604521695017930e+00 2.358392437223067262e+01
7.168394092077392088e+00 4.874938298757689026e+00
7.653842024359923002e+00 4.987362646717131143e-01
7.110082668436957576e+00 9.602321665364199177e+00
7.177648239271306352e+00 4.291621406652115667e+00
7.126119877474502040e+00 7.752857685421148837e+00
7.128652817867396685e+00 7.609400625901119319e+00
7.128135166832953118e+00 7.660475442728264639e+00
7.115284121185287525e+00 8.519281025631057602e+00
7.115734188963466877e+00 8.468207016272993215e+00
7.112262189328451889e+00 8.911174047916517793e+00
7.091480491805260300e+00 1.130939953155027133e+01
7.244488842864564404e+00 2.435048302386471963e+00
7.402649730566960073e+00 9.703618650623357933e-01
7.290281263058975725e+00 1.728188031016829607e+00
7.288953163581330941e+00 1.778482432381152778e+00
7.084800417512573389e+00 1.321781291124073299e+01
7.158474334874553868e+00 5.163402647447033367e+00
7.166203503223651516e+00 4.936589587570949789e+00
7.162636007799333626e+00 5.006407536169972694e+00
7.182331712334000251e+00 3.955981153684083651e+00
7.249870634710491757e+00 2.280400399787622767e+00
7.245272716860122308e+00 2.369686405574051857e+00
7.247199921806724454e+00 2.334269908030793594e+00
7.267441938066205864e+00 2.064638916501646992e+00
7.260549911237231591e+00 2.114921359737044426e+00
7.264488373989581582e+00 2.064875402741733090e+00
7.277574678575919442e+00 1.925934391759402287e+00
7.117829606021995659e+00 8.439711790149345916e+00
7.230659875269051184e+00 2.726416342455037167e+00
7.231443713725878908e+00 2.678353072703486770e+00
9.349511370447128655e+00 8.059435113497663561e-02
7.515596408786595184e+00 6.780067909028867357e-01
7.712778962214235534e+00 4.343066268440752831e-01
7.744140867156980690e+00 4.010147829781426920e-01
8.235885632625439712e+00 1.962458259404015193e-01
7.236032107056656670e+00 2.603890601829130347e+00
7.433636500159061633e+00 8.956971218566101012e-01
7.253083253711773537e+00 2.269592983405224196e+00
7.799857675305434057e+00 3.568085976017465466e-01
1.005500401925695364e+01 5.949950962939196814e-02
7.330580968537089959e+00 1.382920654220932910e+00
8.445021112540521457e+00 1.648488383439645211e-01
1.090359287109663278e+01 3.406007774663110527e-02
7.145456224120190214e+00 6.079306193305085593e+00
7.136443142504186987e+00 6.500586535546027278e+00
7.141164164656211177e+00 6.245034052994036244e+00
7.140869646945883886e+00 6.290398975302722739e+00
7.143142425058453426e+00 6.185305054982205064e+00
7.132525966317580846e+00 6.786750379188855042e+00
7.132741265545528009e+00 6.741386210251869571e+00
7.143142425058453426e+00 6.185305054982205064e+00
7.202862516328487175e+00 3.467823004187874592e+00
7.279456964322992718e+00 1.880978786937692160e+00
7.220455935148295090e+00 2.840172895917015605e+00
7.237739203270648680e+00 2.571448013884102046e+00
7.214445186020640222e+00 2.995142930421379024e+00
7.769441065491314191e+00 3.867475062584959100e-01
7.415338147312671602e+00 9.489569426134075725e-01
7.942979973906127533e+00 2.888960814058541549e-01
8.823560212376332146e+00 1.225323400305791260e-01
7.223303669884435507e+00 2.810877341965003939e+00
7.537897167409679966e+00 6.355704992390532881e-01
7.525807206823007078e+00 6.580903435377574162e-01
8.589706670656610754e+00 1.500925469976781834e-01
7.576876366316113831e+00 5.758425165971815529e-01
7.592082619937692733e+00 5.537735243714720923e-01
7.059946431084013874e+00 1.759211349652592560e+01
7.058669191442994872e+00 1.763405414238384594e+01
9.021354536828006587e+00 1.075062643765602038e-01
7.031575952130008744e+00 2.362586152935697470e+01
7.199097141514897658e+00 3.522540372702785305e+00
7.212238008496330899e+00 3.022443982779781990e+00
7.237951153089251299e+00 2.558813504361767244e+00
7.234327283778834605e+00 2.618520786500854847e+00
7.287783502477538811e+00 1.798197269571149226e+00
7.284513392612868010e+00 1.820393485943164080e+00
7.304725180030707143e+00 1.602090156915517039e+00
7.299786314143966948e+00 1.644000637719899238e+00
7.241668467451259694e+00 2.529517950409756022e+00
7.120169815784918477e+00 8.250916676152513674e+00
7.118834908673341566e+00 8.292225556038557599e+00
7.145456224120190214e+00 6.079306193305085593e+00
7.282441795495666170e+00 1.880780641697533007e+00
7.158468617075025797e+00 5.201702055595123220e+00
7.140869646945883886e+00 6.290398975302722739e+00
7.136443142504186987e+00 6.500586535546027278e+00
7.150211085816347456e+00 5.869120135567603036e+00
7.565085114665847321e+00 5.957591126313480645e-01
7.121107809313768300e+00 8.148767849967301302e+00
7.111997574092553620e+00 9.170761413688223840e+00
7.334132308849174109e+00 1.367509280532721583e+00
7.163673857046464200e+00 4.948360985099532705e+00
7.166245019600253841e+00 4.898290179422859048e+00
7.158474334874553868e+00 5.163402647447033367e+00
7.115284121185287525e+00 8.519281025631057602e+00
8.235840610931465022e+00 2.120421200886335455e-01
7.424711519391442138e+00 9.272084301725195266e-01
7.168941553549443846e+00 4.809919187842415234e+00
7.168710833406058747e+00 4.846293612575036214e+00
7.341838332692643299e+00 1.308196151514156025e+00
7.355045877205036220e+00 1.214328742645453207e+00
7.354509250493875605e+00 1.249498402690902177e+00
7.019287042144939370e+00 2.921041188316856108e+01
7.018463352318790704e+00 2.941275512341485410e+01
7.347181892645274992e+00 1.277230440960738234e+00
7.113958544096716352e+00 8.578525579700089665e+00
7.457498787927412387e+00 7.878876546306644579e-01
7.486301505144334456e+00 7.350147487828527781e-01
7.053891479843270140e+00 1.828554977809214677e+01
7.082554373946158499e+00 1.354868759646489806e+01
7.080315415259744505e+00 1.358251053548311660e+01
7.118231459118313786e+00 8.405952915828519778e+00
7.655307585457290287e+00 4.820540004264500245e-01
7.677665564683973543e+00 4.652454145005632258e-01
7.202896871430051640e+00 3.435290540317951447e+00
7.231443713725878908e+00 2.678353072703486770e+00
7.217381765624288903e+00 2.917658198323007657e+00
7.304725180030707143e+00 1.602090156915517039e+00
7.362199539692216632e+00 1.185227884235251494e+00
7.433242882022703668e+00 9.124956770899872449e-01
7.126076587033897347e+00 7.784185461461904154e+00
7.118252129981401666e+00 8.374627341437379968e+00
7.118231459118313786e+00 8.405952915828519778e+00
7.091875798490032246e+00 1.127818445753968568e+01
7.170522038774246099e+00 4.778792980372406518e+00
7.168941553549443846e+00 4.809919187842415234e+00
7.343567048575146750e+00 1.284587706738184343e+00
7.324699165289163538e+00 1.413885765155882712e+00
7.708633918275245911e+00 4.486003052972144522e-01
7.104093721309899578e+00 1.024064131112831255e+01
7.161072515030992847e+00 5.036731807607226052e+00
7.205095995137584808e+00 3.407986164209552804e+00
7.436205695406918004e+00 8.657689173764777646e-01
7.451448198809194956e+00 8.175469497556412390e-01
7.860806630228260872e+00 3.401405859952158495e-01
7.220455935148295090e+00 2.840172895917015605e+00
7.227986568764297459e+00 2.738060242312066794e+00
7.355045877205036220e+00 1.214328742645453207e+00
7.395546740613275105e+00 9.994471526206890610e-01
7.395546740613275105e+00 9.994471526206890610e-01
7.388659589324804600e+00 1.028532405701566566e+00
7.388659589324804600e+00 1.028532405701566566e+00
7.168710833406058747e+00 4.846293612575036214e+00
7.354509250493875605e+00 1.249498402690902177e+00
7.907546139164110421e+00 3.165087843416015123e-01
7.131920165160180680e+00 7.129292461695523109e+00
7.031575952130008744e+00 2.362586152935697470e+01
7.202896871430051640e+00 3.435290540317951447e+00
7.290281263058975725e+00 1.728188031016829607e+00
7.993072569911195302e+00 2.735309453656527556e-01
8.043117283006626650e+00 2.590507489885617298e-01
7.260420102532551212e+00 2.208452490945479685e+00
7.033031786626771975e+00 2.348058765518486979e+01
7.039177220860586282e+00 2.229494352291593984e+01
8.099358810395132835e+00 2.368263619814693355e-01
8.202124316181244268e+00 2.339111888437304665e-01
7.067210117418132320e+00 1.543685307820023134e+01
7.097316567137875509e+00 1.074041394359510448e+01
7.451448198809194956e+00 8.175469497556412390e-01
7.448680100482236277e+00 8.417996390635059667e-01
7.472158216078898185e+00 7.589895194616350649e-01
7.174484127418810253e+00 4.674333868446018947e+00
7.171513098812235754e+00 4.698362853214920420e+00
7.465809517916079052e+00 7.638864202853725693e-01
7.463511371191704491e+00 7.829907538069269535e-01
