0.000000000000000000e+00 2.110139522177564885e-04 2.150356535994840277e-04 6.543882703193993483e-04 4.320634095792174386e-04 2.110139522177564885e-04
0.000000000000000000e+00 2.110139522177564885e-04 2.150356535994840277e-04 6.543882703193993483e-04 4.320634095792174386e-04 2.110139522177564885e-04
0.000000000000000000e+00 2.110139522177564885e-04 2.150356535994840277e-04 6.543882703193993483e-04 4.320634095792174386e-04 2.110139522177564885e-04
0.000000000000000000e+00 2.110139522177564885e-04 2.150356535994840277e-04 6.543882703193993483e-04 4.320634095792174386e-04 2.948291899282263367e-04
0.000000000000000000e+00 2.110139522177564885e-04 2.150356535994840277e-04 6.543882703193993483e-04 4.320634095792174386e-04 2.110139522177564885e-04
0.000000000000000000e+00 2.110139522177564885e-04 2.150356535994840277e-04 6.543882703193993483e-04 4.320634095792174386e-04 2.110139522177564885e-04
0.000000000000000000e+00 2.110139522177564885e-04 2.150356535994840277e-04 6.543882703193993483e-04 4.320634095792174386e-04 2.110139522177564885e-04
0.000000000000000000e+00 2.110139522177564885e-04 2.150356535994840277e-04 6.543882703193993483e-04 4.320634095792174386e-04 2.110139522177564885e-04
0.000000000000000000e+00 2.110139522177564885e-04 2.150356535994840277e-04 6.543882703193993483e-04 4.320634095792174386e-04 2.110139522177564885e-04
0.000000000000000000e+00 3.995782230671765523e-01 1.175179112408188731e+00 5.888545193302950231e+00 2.295671987010959114e+01 5.300329114319803081e-03
0.000000000000000000e+00 2.110139522177564885e-04 2.150356535994840277e-04 6.543882703193993483e-04 4.320634095792174386e-04 2.110139522177564885e-04
0.000000000000000000e+00 3.995782230671765523e-01 1.175179112408188731e+00 5.888545193302950231e+00 2.295671987010959114e+01 5.300329114319803081e-03
0.000000000000000000e+00 5.355077273259781778e-01 1.569780573811122348e+00 1.817969672900400457e+00 2.368246776260104625e+01 6.946963213729455584e-03
0.000000000000000000e+00 4.138308477573182653e-01 1.140080076944594012e+00 5.783458531282033022e+00 2.186773195741972486e+01 5.310469764889012324e-03
0.000000000000000000e+00 2.969320093008083195e-01 1.695242655156218303e+00 2.919146222521718403e+00 1.478912416576504185e+01 9.220415930627898562e-03
0.000000000000000000e+00 1.906853473753709061e-01 1.526140430442323170e+00 2.471426044031058478e+00 1.279260238404044436e+01 9.218610483606044445e-03
0.000000000000000000e+00 1.695396885822408051e-01 1.490948972238628434e+00 2.544012815219447887e+00 1.199377317549815380e+01 9.214148595410736470e-03
0.000000000000000000e+00 2.722241329495250217e-01 1.420888119778636272e+00 2.471434960782421086e+00 1.460760548306839546e+01 9.214142009700540537e-03
0.000000000000000000e+00 1.119655439428189347e-01 1.666438068232766856e+00 2.398794023802425013e+00 7.704696534410788722e+00 8.420156034928726399e-03
0.000000000000000000e+00 1.378212003925456397e-01 1.292493037810276801e+00 2.834459462019090381e+00 8.638142979004209465e+00 8.432236112198336631e-03
0.000000000000000000e+00 4.280834724474600339e-01 1.175231823956257360e+00 2.398829839123316265e+00 2.096004031422275204e+01 8.519917370676857379e-03
0.000000000000000000e+00 4.280834724474600339e-01 1.175231823956257360e+00 1.963146047133158767e+00 2.241187711599645382e+01 6.953210931279259904e-03
0.000000000000000000e+00 2.598701947738834006e-01 1.420857822585754437e+00 2.108356217372593822e+00 1.769292552713893230e+01 9.243688593854996333e-03
0.000000000000000000e+00 5.689399620324996354e-01 1.444120297766733341e+00 2.035803152871610511e+00 1.823756824372802399e+01 8.511866517073007551e-03
0.000000000000000000e+00 4.423360971376018580e-01 1.485938195374838955e+00 2.830803387529883253e+00 1.950809513577786092e+01 8.518969500640872008e-03
0.000000000000000000e+00 3.995782230671765523e-01 1.175179112408188731e+00 1.890514321377514628e+00 2.350077519570432116e+01 6.952292065458052714e-03
0.000000000000000000e+00 4.423360971376018580e-01 2.024604706025958212e+00 2.742490677939152466e+00 1.914516495436856403e+01 8.519617637731947274e-03
0.000000000000000000e+00 4.280834724474600339e-01 1.527813821574177222e+00 2.181014040920934871e+00 1.950805520995890419e+01 8.517985964694682263e-03
0.000000000000000000e+00 2.598701947738834006e-01 1.385732183789594618e+00 2.398803088331918243e+00 1.660401628032742494e+01 9.236823322479187359e-03
0.000000000000000000e+00 4.138308477573182653e-01 1.175205715740753831e+00 1.963137203460569857e+00 2.277484439892205259e+01 6.952970828173908949e-03
0.000000000000000000e+00 4.280834724474600339e-01 1.175231823956257360e+00 2.398829839123316265e+00 2.096004031422275204e+01 8.519917370676857379e-03
0.000000000000000000e+00 2.598701947738834006e-01 1.820854766728966068e+00 2.326224644914301809e+00 1.149048264545687381e+01 9.214148595410736470e-03
0.000000000000000000e+00 2.969320093008083195e-01 1.385821423301661470e+00 2.108373977796544452e+00 1.642249283672259708e+01 9.231753378124655379e-03
0.000000000000000000e+00 2.845780711251666983e-01 1.385792224462323752e+00 2.253593064787341671e+00 1.605952186622847577e+01 9.229069306737600065e-03
0.000000000000000000e+00 2.598701947738834006e-01 1.385732183789594618e+00 2.180961192336838828e+00 1.732992925107296855e+01 9.239209978636666459e-03
0.000000000000000000e+00 2.845780711251666983e-01 1.315540946870004335e+00 2.616644984326997214e+00 1.315562037880453872e+01 9.231354346894629984e-03
0.000000000000000000e+00 1.378212003925456397e-01 2.281508530676457536e+00 3.272633399077067740e+00 8.638265328341050875e+00 8.476298825357331257e-03
0.000000000000000000e+00 3.754148113491557331e-02 2.052509315749244223e+00 1.017039083063400851e+00 4.043791030947189391e+00 6.048250280346746492e-03
0.000000000000000000e+00 4.423360971376018580e-01 1.569750580459682965e+00 1.890575222208224382e+00 2.331947148653508251e+01 6.948683885232616146e-03
0.000000000000000000e+00 3.853255983770347282e-01 1.175152006246101610e+00 5.888532182476438059e+00 2.259372450955163458e+01 5.304954405920433297e-03
0.000000000000000000e+00 4.423360971376018580e-01 1.444032002832416728e+00 2.253619378675990603e+00 1.896356079585995502e+01 8.515876402404027115e-03
0.000000000000000000e+00 8.405652038985514385e-02 1.408698915926512196e+00 2.834459462019090381e+00 3.276103954095932469e+00 6.081773469730368704e-03
0.000000000000000000e+00 2.722241329495250217e-01 1.385762480982476674e+00 2.253584148035979506e+00 1.642249283672259708e+01 1.898172248438045051e-01
0.000000000000000000e+00 4.423360971376018580e-01 1.527844387917260960e+00 2.108408632153814466e+00 1.841906638176101296e+01 8.512998208734023908e-03
0.000000000000000000e+00 1.483940297891106763e-01 1.666508890568190626e+00 7.023363026913070906e-01 6.863016921581332141e+00 7.139583165128193798e-03
0.000000000000000000e+00 3.995782230671765523e-01 1.210304751204348550e+00 5.783471435571621910e+00 2.204922917994468534e+01 5.307805689626620207e-03
0.000000000000000000e+00 4.138308477573182653e-01 1.175205715740753831e+00 1.963137203460569857e+00 2.259334626088906717e+01 6.953210931279259904e-03
0.000000000000000000e+00 7.475351253886731995e-02 1.408667077357312891e+00 1.673716294270126470e+00 3.623558357902310512e+00 6.055137120237564195e-03
0.000000000000000000e+00 7.475351253886731995e-02 1.841916586255676780e+00 2.108347227005146429e+00 3.098219998775595396e+00 6.055137120237564195e-03
0.000000000000000000e+00 1.801125179788058417e-01 1.526107822329152652e+00 2.616644984326997214e+00 1.132269795919495614e+01 9.209578978865259197e-03
0.000000000000000000e+00 3.995782230671765523e-01 1.175179112408188731e+00 5.783458531282033022e+00 2.241222637151865982e+01 5.306403372640967897e-03
0.000000000000000000e+00 5.522238446792387956e-01 1.527903810145271102e+00 1.963197603563786142e+00 1.878206265782697670e+01 8.515002830451954413e-03
0.000000000000000000e+00 1.378212003925456397e-01 1.292493037810276801e+00 2.834459462019090381e+00 9.812635782837656251e+00 8.471158456915902149e-03
0.000000000000000000e+00 1.483940297891106763e-01 1.263440200466842800e+00 2.689231531355704252e+00 9.309240473447962572e+00 8.443886522081764379e-03
0.000000000000000000e+00 7.475351253886731995e-02 1.437748964563889897e+00 1.494617901189854825e+00 2.677735144899286546e+00 5.075131480503161652e-03
0.000000000000000000e+00 7.475351253886731995e-02 1.841916586255676780e+00 8.524539961784508568e-01 2.604972683165966529e+00 5.068395854147879874e-03
0.000000000000000000e+00 2.845780711251666983e-01 1.420917863258483571e+00 2.326215873791623867e+00 1.442608562633728830e+01 9.253994129781716385e-03
0.000000000000000000e+00 5.522238446792387956e-01 1.527903810145271102e+00 1.963197603563786142e+00 1.878206265782697670e+01 8.515002830451954413e-03
0.000000000000000000e+00 3.995782230671765523e-01 1.175179112408188731e+00 5.783458531282033022e+00 2.259372450955163458e+01 5.304954405920433297e-03
0.000000000000000000e+00 2.845780711251666983e-01 1.420917863258483571e+00 2.398829839123316265e+00 1.370011479290347900e+01 9.243144938974285491e-03
0.000000000000000000e+00 1.483940297891106763e-01 1.631383251772030807e+00 8.524539961784508568e-01 6.491970196309341468e+00 7.132806364646197134e-03
0.000000000000000000e+00 2.598701947738834006e-01 1.420857822585754437e+00 2.108356217372593822e+00 1.751142738910595398e+01 9.241498274442986466e-03
0.000000000000000000e+00 1.119655439428189347e-01 1.736689345825086495e+00 2.544040009362751764e+00 5.976065057466903419e+00 7.184244617588609813e-03
0.000000000000000000e+00 1.801125179788058417e-01 1.526107822329152652e+00 2.544031018995303928e+00 1.031596976392460796e+01 9.174535866041829552e-03
0.000000000000000000e+00 1.378212003925456397e-01 1.263411150603699795e+00 2.761836206306303776e+00 9.644809845971806794e+00 8.455111209307461517e-03
0.000000000000000000e+00 1.378212003925456397e-01 1.292493037810276801e+00 2.834459462019090381e+00 9.309281724051896134e+00 8.455111209307461517e-03
0.000000000000000000e+00 1.026625360918309998e-01 1.350597091837867580e+00 2.616617566024011410e+00 6.840363566034079135e+00 8.388049460945038935e-03
0.000000000000000000e+00 2.722241329495250217e-01 1.778984719863659469e+00 2.253610679582609411e+00 1.388159121223833736e+01 9.243144938974285491e-03
0.000000000000000000e+00 7.475351253886731995e-02 1.379585190150736107e+00 2.689212874156824196e+00 4.760482887904961657e+00 7.139583165128193798e-03
0.000000000000000000e+00 1.378212003925456397e-01 1.631348164812488344e+00 9.024890458092007517e-01 6.491970196309341468e+00 7.132806364646197134e-03
0.000000000000000000e+00 2.948291899282263367e-04 2.227964007577586170e+00 8.976423331997696042e-01 1.341927579455045372e+00 4.201287506222509821e-03
0.000000000000000000e+00 1.026625360918309998e-01 1.350597091837867580e+00 2.834459462019090381e+00 5.255770845854617512e+00 7.152836834241897875e-03
0.000000000000000000e+00 1.906853473753709061e-01 1.491014791646163795e+00 2.471417053663611085e+00 1.098708733606718013e+01 9.190213910074152351e-03
0.000000000000000000e+00 2.948291899282263367e-04 1.234193880780603436e+00 7.557299502824180726e-01 1.043458944123177412e+00 3.396563075379768846e-03
0.000000000000000000e+00 2.948291899282263367e-04 1.234193880780603436e+00 1.302767555726550119e+00 1.414523600480779519e+00 4.201287506222509821e-03
0.000000000000000000e+00 9.632457581951780687e-03 1.553836403553206402e+00 6.719341858249735511e-01 1.922679633317385006e+00 4.201287506222509821e-03
0.000000000000000000e+00 1.801125179788058417e-01 1.526107822329152652e+00 2.544031018995303928e+00 1.031596976392460796e+01 9.174535866041829552e-03
0.000000000000000000e+00 1.801125179788058417e-01 1.490982183532992833e+00 2.616635919797503984e+00 1.048375445018653451e+01 9.179872774214559161e-03
0.000000000000000000e+00 1.119655439428189347e-01 1.666438068232766856e+00 2.544021954465810698e+00 7.416618063190749233e+00 8.420156034928726399e-03
0.000000000000000000e+00 4.138308477573182653e-01 1.175205715740753831e+00 5.783471435571621910e+00 2.186773104191172479e+01 5.309161204743373906e-03
0.000000000000000000e+00 2.948291899282263367e-04 1.210195598922230609e+00 2.091583200240850093e+00 1.368033860667824841e+00 4.226379425185804693e-03
0.000000000000000000e+00 1.906853473753709061e-01 1.491014791646163795e+00 2.616644984326997214e+00 1.065155921414726947e+01 9.190213910074152351e-03
0.000000000000000000e+00 1.483940297891106763e-01 1.263440200466842800e+00 2.834459462019090381e+00 8.973712351528051911e+00 8.443886522081764379e-03
0.000000000000000000e+00 2.948291899282263367e-04 1.611963254904375198e+00 6.300334434141885431e-01 9.837755329160133844e-01 3.396563075379768846e-03
0.000000000000000000e+00 1.483940297891106763e-01 1.263440200466842800e+00 2.544003600692318567e+00 9.980333546795918664e+00 8.455111209307461517e-03
0.000000000000000000e+00 4.423360971376018580e-01 1.444032002832416728e+00 2.253619378675990603e+00 1.914505893389293689e+01 8.516664572416869292e-03
0.000000000000000000e+00 4.423360971376018580e-01 1.485938195374838955e+00 2.035786110257549186e+00 1.950801058784246322e+01 8.516664572416869292e-03
0.000000000000000000e+00 1.119655439428189347e-01 1.321545338304517925e+00 2.689231531355704252e+00 5.976029639966176532e+00 7.171975008785623842e-03
0.000000000000000000e+00 2.722241329495250217e-01 1.456013758574796091e+00 2.326215873791623867e+00 1.460758376437026484e+01 9.210852320335452884e-03
0.000000000000000000e+00 2.598701947738834006e-01 1.385732183789594618e+00 2.253575157668532114e+00 1.751145514157831684e+01 9.243688593854996333e-03
0.000000000000000000e+00 4.423360971376018580e-01 1.444032002832416728e+00 2.253619378675990603e+00 1.914505893389293689e+01 8.516664572416869292e-03
0.000000000000000000e+00 4.138308477573182653e-01 1.175205715740753831e+00 1.963137203460569857e+00 2.277484439892205259e+01 6.952970828173908949e-03
0.000000000000000000e+00 3.995782230671765523e-01 1.175179112408188731e+00 5.783458531282033022e+00 2.241222637151865982e+01 5.306403372640967897e-03
0.000000000000000000e+00 2.948291899282263367e-04 2.227964007577586170e+00 9.573443436928115169e-01 1.269331000486493721e+00 4.201287506222509821e-03
0.000000000000000000e+00 2.722241329495250217e-01 1.778984719863659469e+00 2.253610679582609411e+00 1.333709679813939530e+01 9.231354346894629984e-03
0.000000000000000000e+00 1.119655439428189347e-01 1.321545338304517925e+00 2.761845496687397539e+00 4.389421415933445481e+00 7.139583165128193798e-03
0.000000000000000000e+00 2.948291899282263367e-04 2.783762441852731584e+00 1.076769821855711573e+00 1.898200156408996975e+00 5.061576940986141360e-03
0.000000000000000000e+00 1.378212003925456397e-01 1.666473803608648163e+00 2.544031018995303928e+00 6.408224345852423731e+00 8.381297186237195163e-03
0.000000000000000000e+00 1.801125179788058417e-01 1.490982183532992833e+00 2.689249885129196382e+00 1.048377452788534292e+01 9.185098626139785033e-03
0.000000000000000000e+00 2.948291899282263367e-04 2.192838368781426350e+00 7.523837439687657280e-01 1.341909635149086455e+00 4.194829562909471385e-03
0.000000000000000000e+00 3.995782230671765523e-01 1.175179112408188731e+00 5.783458531282033022e+00 2.204923009545271384e+01 5.309161204743373906e-03
0.000000000000000000e+00 4.280834724474600339e-01 1.175231823956257360e+00 1.963146047133158767e+00 2.241187711599645382e+01 6.953210931279259904e-03
0.000000000000000000e+00 7.475351253886731995e-02 1.379585190150736107e+00 2.907054770151903167e+00 4.389421415933445481e+00 7.139583165128193798e-03
0.000000000000000000e+00 1.378212003925456397e-01 1.292493037810276801e+00 2.761845496687397539e+00 7.128518557464713190e+00 8.413953617393870460e-03
0.000000000000000000e+00 2.722241329495250217e-01 1.456013758574796091e+00 2.326215873791623867e+00 1.424458748830429933e+01 9.250481612573807286e-03
0.000000000000000000e+00 1.906853473753709061e-01 1.526140430442323170e+00 2.398812078699366079e+00 1.115487202232909780e+01 9.195219109887105627e-03
0.000000000000000000e+00 1.801125179788058417e-01 1.526107822329152652e+00 2.398803088331918243e+00 1.132263443045046714e+01 9.195219109887105627e-03
0.000000000000000000e+00 7.475351253886731995e-02 1.379585190150736107e+00 2.761826839488516594e+00 4.636796550449651555e+00 7.139583165128193798e-03
0.000000000000000000e+00 1.483940297891106763e-01 1.631383251772030807e+00 2.616644984326997214e+00 6.120123899789361666e+00 7.190234108107875291e-03
0.000000000000000000e+00 1.483940297891106763e-01 1.631383251772030807e+00 2.616644984326997214e+00 6.264182742111819024e+00 8.381297186237195163e-03
0.000000000000000000e+00 1.026625360918309998e-01 1.350597091837867580e+00 2.761845496687397539e+00 5.831988976562593407e+00 7.171975008785623842e-03
0.000000000000000000e+00 2.598701947738834006e-01 1.385732183789594618e+00 2.180961192336838828e+00 1.732992925107296855e+01 9.239209978636666459e-03
0.000000000000000000e+00 1.378212003925456397e-01 1.292493037810276801e+00 2.616617566024011410e+00 7.416598935323911235e+00 8.413953617393870460e-03
0.000000000000000000e+00 1.119655439428189347e-01 1.666438068232766856e+00 2.398794023802425013e+00 7.704696534410788722e+00 8.420156034928726399e-03
0.000000000000000000e+00 2.722241329495250217e-01 1.456013758574796091e+00 2.253601908459930581e+00 1.406306644685300888e+01 9.243144938974285491e-03
0.000000000000000000e+00 1.026625360918309998e-01 1.350597091837867580e+00 2.834459462019090381e+00 5.976065057466903419e+00 7.184244617588609813e-03
0.000000000000000000e+00 1.026625360918309998e-01 1.321515204631290796e+00 2.689222240974610489e+00 6.120069354421793228e+00 7.171975008785623842e-03
0.000000000000000000e+00 5.522238446792387956e-01 1.485997617602849097e+00 2.035803152871610511e+00 1.823756824372802399e+01 8.511866517073007551e-03
0.000000000000000000e+00 2.722241329495250217e-01 1.420888119778636272e+00 2.471434960782421086e+00 1.442610734503540826e+01 9.210852320335452884e-03
0.000000000000000000e+00 2.845780711251666983e-01 1.420917863258483571e+00 2.326215873791623867e+00 1.388159121223833736e+01 9.243144938974285491e-03
0.000000000000000000e+00 2.722241329495250217e-01 1.456013758574796091e+00 2.326215873791623867e+00 1.388159121223833736e+01 9.243144938974285491e-03
0.000000000000000000e+00 1.119655439428189347e-01 1.666438068232766856e+00 2.689249885129196382e+00 6.120123899789361666e+00 7.190234108107875291e-03
0.000000000000000000e+00 1.801125179788058417e-01 1.526107822329152652e+00 2.471417053663611085e+00 1.098708733606718013e+01 9.190213910074152351e-03
0.000000000000000000e+00 2.598701947738834006e-01 1.820854766728966068e+00 2.326224644914301809e+00 1.115491327293303137e+01 9.204901171089973494e-03
0.000000000000000000e+00 1.483940297891106763e-01 1.561131974179711168e+00 2.689240745882834460e+00 9.141476960091159398e+00 8.443886522081764379e-03
0.000000000000000000e+00 1.378212003925456397e-01 1.263411150603699795e+00 2.761836206306303776e+00 9.644809845971806794e+00 8.455111209307461517e-03
0.000000000000000000e+00 7.475351253886731995e-02 1.437748964563889897e+00 9.024763974623615237e-01 2.693290865362761632e+00 5.061576940986141360e-03
0.000000000000000000e+00 5.522238446792387956e-01 1.485997617602849097e+00 1.963189187539917446e+00 1.841904466306288413e+01 8.511866517073007551e-03
0.000000000000000000e+00 1.026625360918309998e-01 1.321515204631290796e+00 2.761836206306303776e+00 6.840382693900921574e+00 8.394690713401105342e-03
0.000000000000000000e+00 2.948291899282263367e-04 1.234193880780603436e+00 7.976361428248402996e-01 1.632223771990613193e+00 4.175004230792832283e-03
0.000000000000000000e+00 1.483940297891106763e-01 1.263440200466842800e+00 2.616617566024011410e+00 9.141433509045489458e+00 8.432236112198336631e-03
0.000000000000000000e+00 1.026625360918309998e-01 1.350597091837867580e+00 2.544003600692318567e+00 6.984402322798500151e+00 8.388049460945038935e-03
0.000000000000000000e+00 7.475351253886731995e-02 1.408667077357312891e+00 1.673716294270126470e+00 4.760314362044499426e+00 6.081773469730368704e-03
0.000000000000000000e+00 2.969320093008083195e-01 1.695242655156218303e+00 2.326224644914301809e+00 1.315562037880453872e+01 9.231354346894629984e-03
0.000000000000000000e+00 7.475351253886731995e-02 1.437748964563889897e+00 9.525176938364869894e-01 2.693314080653641529e+00 1.101550578750650489e-01
0.000000000000000000e+00 7.475351253886731995e-02 1.841916586255676780e+00 8.524539961784508568e-01 2.604972683165966529e+00 5.068395854147879874e-03
0.000000000000000000e+00 1.893546543293971388e-02 2.122675458286777506e+00 7.523837439687657280e-01 1.341909635149086455e+00 4.194829562909471385e-03
0.000000000000000000e+00 2.845780711251666983e-01 1.862832590025389923e+00 1.817952770827041764e+00 1.351852262819488359e+01 9.222965102307922186e-03
0.000000000000000000e+00 2.722241329495250217e-01 1.456013758574796091e+00 2.253601908459930581e+00 1.406306644685300888e+01 9.243144938974285491e-03
0.000000000000000000e+00 1.801125179788058417e-01 1.490982183532992833e+00 2.616635919797503984e+00 1.065153913644845041e+01 9.185098626139785033e-03
0.000000000000000000e+00 1.906853473753709061e-01 1.526140430442323170e+00 2.398812078699366079e+00 1.115487202232909780e+01 9.195219109887105627e-03
0.000000000000000000e+00 7.475351253886731995e-02 1.437748964563889897e+00 1.733425943162021809e+00 3.098165259607804423e+00 6.034199802586440523e-03
0.000000000000000000e+00 8.405652038985514385e-02 1.408698915926512196e+00 1.733425943162021809e+00 3.203251921628721632e+00 6.041271343839825503e-03
0.000000000000000000e+00 7.475351253886731995e-02 1.437748964563889897e+00 1.733425943162021809e+00 3.308338583649639286e+00 6.048250280346746492e-03
0.000000000000000000e+00 7.475351253886731995e-02 1.437748964563889897e+00 1.733425943162021809e+00 2.677818611524148462e+00 5.101250791731954184e-03
0.000000000000000000e+00 8.405652038985514385e-02 1.408698915926512196e+00 1.733425943162021809e+00 2.782905273545065228e+00 5.107577186554398962e-03
0.000000000000000000e+00 7.475351253886731995e-02 1.437748964563889897e+00 1.673723932668980341e+00 2.677798882304958550e+00 5.094843490905763897e-03
0.000000000000000000e+00 2.948291899282263367e-04 1.234193880780603436e+00 7.557299502824180726e-01 1.777429080837936715e+00 4.181688411329299859e-03
0.000000000000000000e+00 4.280834724474600339e-01 1.569720014116599227e+00 1.817952770827041764e+00 2.331942208197590460e+01 6.950146775950251030e-03
0.000000000000000000e+00 7.475351253886731995e-02 1.379585190150736107e+00 2.907054770151903167e+00 4.389421415933445481e+00 7.139583165128193798e-03
0.000000000000000000e+00 2.969320093008083195e-01 1.695242655156218303e+00 2.253610679582609411e+00 1.333709679813939530e+01 9.231354346894629984e-03
0.000000000000000000e+00 2.948291899282263367e-04 1.611963254904375198e+00 8.524222436383730450e-01 8.644072198868656409e-01 7.601052840707275826e-02
0.000000000000000000e+00 9.335952824084306489e-02 1.350566400765335962e+00 2.907064136969689461e+00 3.770918293935272114e+00 7.111869952549535606e-03
0.000000000000000000e+00 8.405652038985514385e-02 1.408698915926512196e+00 1.733425943162021809e+00 3.413425245670556496e+00 6.055137120237564195e-03
0.000000000000000000e+00 7.475351253886731995e-02 1.408667077357312891e+00 1.733418304763168383e+00 3.518492178472283349e+00 6.055137120237564195e-03
0.000000000000000000e+00 1.378212003925456397e-01 1.292493037810276801e+00 2.761845496687397539e+00 8.805907587567315176e+00 8.432236112198336631e-03
0.000000000000000000e+00 1.378212003925456397e-01 1.292493037810276801e+00 2.834459462019090381e+00 8.638142979004209465e+00 8.432236112198336631e-03
0.000000000000000000e+00 1.378212003925456397e-01 1.292493037810276801e+00 2.834459462019090381e+00 8.638142979004209465e+00 1.762169223741239521e-01
0.000000000000000000e+00 1.026625360918309998e-01 1.350597091837867580e+00 2.544003600692318567e+00 7.272520007443418422e+00 8.401221474249619126e-03
0.000000000000000000e+00 1.378212003925456397e-01 1.292493037810276801e+00 2.616617566024011410e+00 7.128481250678996517e+00 8.401221474249619126e-03
0.000000000000000000e+00 2.948291899282263367e-04 1.641045142110952204e+00 8.023874023270284317e-01 8.644072198868656409e-01 3.396563075379768846e-03
0.000000000000000000e+00 2.948291899282263367e-04 9.046557564750559166e-01 6.334215578485216103e-01 5.742607009383553507e-01 2.288515285183565211e-03
0.000000000000000000e+00 2.948291899282263367e-04 1.234193880780603436e+00 7.976361428248402996e-01 1.240071972473690970e-01 5.232044090273806070e-02
0.000000000000000000e+00 4.423360971376018580e-01 1.402125810289994723e+00 2.326224644914301809e+00 1.932655707192591521e+01 8.517367655581847136e-03
0.000000000000000000e+00 1.119655439428189347e-01 1.321545338304517925e+00 2.689231531355704252e+00 5.831970797643720061e+00 7.165693936571593606e-03
0.000000000000000000e+00 8.405652038985514385e-02 1.408698915926512196e+00 2.834459462019090381e+00 3.399807539055767158e+00 6.088207243534765264e-03
0.000000000000000000e+00 1.119655439428189347e-01 1.321545338304517925e+00 2.616617566024011410e+00 5.831951669776878511e+00 7.159314708235142363e-03
0.000000000000000000e+00 2.948291899282263367e-04 6.423740913248149331e-01 3.127459274816242751e-01 1.590964775533107445e-01 1.541944198748227681e-03
0.000000000000000000e+00 2.948291899282263367e-04 1.234193880780603436e+00 5.461989875703079367e-01 6.743614890105249504e-01 6.244866589102592708e-02
0.000000000000000000e+00 4.423360971376018580e-01 1.140131805772740758e+00 2.035760012464851609e+00 2.350089369666671857e+01 6.950146775950251030e-03
0.000000000000000000e+00 5.355077273259781778e-01 1.069905668513270180e+00 2.108365134123955986e+00 2.331939555863372959e+01 6.950780997796560806e-03
0.000000000000000000e+00 9.632457581951780687e-03 8.847671702226129753e-01 6.334215578485216103e-01 1.993627993605243814e-02 1.871208072015628993e-03
0.000000000000000000e+00 8.405652038985514385e-02 1.408698915926512196e+00 1.733425943162021809e+00 3.413425245670556496e+00 6.055137120237564195e-03
0.000000000000000000e+00 2.948291899282263367e-04 8.847418870961011317e-01 6.685422388536639282e-01 1.456548575633186127e-01 1.884073230875489080e-03
0.000000000000000000e+00 1.893546543293971388e-02 8.648781159047019829e-01 6.334215578485216103e-01 4.741781081901060291e-01 2.279144528612826563e-03
0.000000000000000000e+00 7.475351253886731995e-02 1.408667077357312891e+00 1.733418304763168383e+00 4.636634888326506498e+00 6.081773469730368704e-03
0.000000000000000000e+00 2.948291899282263367e-04 1.234193880780603436e+00 6.300113726551520577e-01 5.743139527208274142e-01 2.746655397984113303e-03
0.000000000000000000e+00 7.475351253886731995e-02 1.408667077357312891e+00 2.907064136969689461e+00 3.894621878895106803e+00 7.118950277581386453e-03
0.000000000000000000e+00 8.405652038985514385e-02 1.379617028719935634e+00 2.761836206306303776e+00 4.018295050783868838e+00 7.111869952549535606e-03
0.000000000000000000e+00 7.475351253886731995e-02 1.408667077357312891e+00 2.907064136969689461e+00 3.770918293935272114e+00 7.111869952549535606e-03
0.000000000000000000e+00 8.405652038985514385e-02 1.379617028719935634e+00 2.761836206306303776e+00 4.141998635743703971e+00 7.118950277581386453e-03
0.000000000000000000e+00 2.948291899282263367e-04 1.611963254904375198e+00 6.300334434141885431e-01 9.837755329160133844e-01 3.396563075379768846e-03
0.000000000000000000e+00 2.948291899282263367e-04 1.641045142110952204e+00 8.023874023270284317e-01 8.644072198868656409e-01 3.396563075379768846e-03
0.000000000000000000e+00 2.948291899282263367e-04 1.210195598922230609e+00 1.302760831019880383e+00 2.251494481588164120e+00 4.232469740018197750e-03
0.000000000000000000e+00 2.722241329495250217e-01 1.385762480982476674e+00 2.544040009362751764e+00 1.406311106896944452e+01 9.250481612573807286e-03
0.000000000000000000e+00 5.355077273259781778e-01 1.485968188726278338e+00 2.035794666822121179e+00 1.950803349126077535e+01 8.517367655581847136e-03
0.000000000000000000e+00 2.948291899282263367e-04 1.582881367697798414e+00 6.719341858249735511e-01 1.922679633317385006e+00 4.201287506222509821e-03
0.000000000000000000e+00 9.632457581951780687e-03 1.210226067716854814e+00 7.976361428248402996e-01 8.643715119299297811e-01 3.384614932964378261e-03
0.000000000000000000e+00 2.948291899282263367e-04 1.210195598922230609e+00 8.395367038814112171e-01 9.240735224229716938e-01 3.390621909856050224e-03
0.000000000000000000e+00 5.689399620324996354e-01 1.486026490309155568e+00 1.963197603563786142e+00 1.841906638176101296e+01 8.512998208734023908e-03
0.000000000000000000e+00 1.378212003925456397e-01 1.292493037810276801e+00 2.689231531355704252e+00 8.973671100924118349e+00 8.432236112198336631e-03
0.000000000000000000e+00 7.475351253886731995e-02 1.437748964563889897e+00 2.761845496687397539e+00 3.770903491134274699e+00 7.104687404678781092e-03
0.000000000000000000e+00 7.475351253886731995e-02 1.437748964563889897e+00 1.002558990210612011e+00 2.516608763352870870e+00 5.061576940986141360e-03
0.000000000000000000e+00 1.378212003925456397e-01 1.292493037810276801e+00 2.544003600692318567e+00 7.128461165120958398e+00 8.394690713401105342e-03
0.000000000000000000e+00 2.948291899282263367e-04 1.234193880780603436e+00 1.302767555726550119e+00 1.341909635149086455e+00 4.194829562909471385e-03
0.000000000000000000e+00 7.475351253886731995e-02 1.408667077357312891e+00 1.733418304763168383e+00 4.760338473286341632e+00 6.088207243534765264e-03
0.000000000000000000e+00 8.405652038985514385e-02 1.379617028719935634e+00 1.733418304763168383e+00 4.636634888326506498e+00 6.081773469730368704e-03
0.000000000000000000e+00 7.475351253886731995e-02 1.437748964563889897e+00 1.494617901189854825e+00 2.677735144899286546e+00 5.075131480503161652e-03
0.000000000000000000e+00 9.632457581951780687e-03 1.210226067716854814e+00 7.976361428248402996e-01 1.632223771990613193e+00 4.175004230792832283e-03
0.000000000000000000e+00 1.378212003925456397e-01 1.292493037810276801e+00 2.616617566024011410e+00 7.560657777646365929e+00 8.420156034928726399e-03
0.000000000000000000e+00 1.695396885822408051e-01 1.561200249830948295e+00 2.398803088331918243e+00 1.132263443045046714e+01 9.195219109887105627e-03
0.000000000000000000e+00 1.378212003925456397e-01 1.292493037810276801e+00 2.544003600692318567e+00 7.128461165120958398e+00 8.394690713401105342e-03
0.000000000000000000e+00 1.378212003925456397e-01 1.292493037810276801e+00 2.616617566024011410e+00 7.128481250678996517e+00 8.401221474249619126e-03
0.000000000000000000e+00 1.378212003925456397e-01 1.292493037810276801e+00 2.471389635360625281e+00 7.704675482283156462e+00 8.413953617393870460e-03
0.000000000000000000e+00 1.026625360918309998e-01 1.350597091837867580e+00 2.616617566024011410e+00 5.831951669776878511e+00 7.159314708235142363e-03
0.000000000000000000e+00 1.378212003925456397e-01 1.292493037810276801e+00 2.761845496687397539e+00 9.812615705138846067e+00 8.465914044282991935e-03
0.000000000000000000e+00 1.801125179788058417e-01 1.490982183532992833e+00 2.616635919797503984e+00 1.048375445018653451e+01 9.179872774214559161e-03
0.000000000000000000e+00 1.119655439428189347e-01 1.321545338304517925e+00 2.689231531355704252e+00 5.543853112998805344e+00 7.152836834241897875e-03
0.000000000000000000e+00 8.405652038985514385e-02 1.408698915926512196e+00 2.761845496687397539e+00 3.399792736254769743e+00 6.081773469730368704e-03
0.000000000000000000e+00 1.378212003925456397e-01 1.292493037810276801e+00 2.761845496687397539e+00 8.805907587567315176e+00 8.432236112198336631e-03
0.000000000000000000e+00 2.948291899282263367e-04 1.234193880780603436e+00 1.252726259352424876e+00 1.414505092526845864e+00 4.194829562909471385e-03
0.000000000000000000e+00 2.948291899282263367e-04 1.234193880780603436e+00 7.976361428248402996e-01 1.486995841327227064e+00 3.419678580185831016e-03
0.000000000000000000e+00 2.948291899282263367e-04 1.234193880780603436e+00 7.976361428248402996e-01 1.559609806658919906e+00 3.425297347806059017e-03
0.000000000000000000e+00 1.119655439428189347e-01 1.321545338304517925e+00 2.761845496687397539e+00 5.543871291917678690e+00 7.159314708235142363e-03
0.000000000000000000e+00 1.119655439428189347e-01 1.321545338304517925e+00 2.834459462019090381e+00 5.399829688177073983e+00 7.159314708235142363e-03
0.000000000000000000e+00 1.483940297891106763e-01 1.631383251772030807e+00 2.544031018995303928e+00 6.408224345852423731e+00 8.381297186237195163e-03
0.000000000000000000e+00 1.119655439428189347e-01 1.321545338304517925e+00 2.689231531355704252e+00 5.687911955321262703e+00 7.159314708235142363e-03
0.000000000000000000e+00 1.119655439428189347e-01 1.321545338304517925e+00 2.761845496687397539e+00 5.543871291917678690e+00 7.159314708235142363e-03
0.000000000000000000e+00 1.119655439428189347e-01 1.321545338304517925e+00 2.761845496687397539e+00 5.399812449595221331e+00 7.152836834241897875e-03
0.000000000000000000e+00 1.119655439428189347e-01 1.321545338304517925e+00 2.689231531355704252e+00 5.687911955321262703e+00 7.159314708235142363e-03
0.000000000000000000e+00 1.119655439428189347e-01 1.321545338304517925e+00 2.616617566024011410e+00 7.416598935323911235e+00 8.413953617393870460e-03
0.000000000000000000e+00 1.378212003925456397e-01 1.292493037810276801e+00 2.544003600692318567e+00 7.704696534410788722e+00 8.420156034928726399e-03
0.000000000000000000e+00 1.378212003925456397e-01 1.292493037810276801e+00 2.544003600692318567e+00 7.560637692088333139e+00 8.413953617393870460e-03
0.000000000000000000e+00 2.722241329495250217e-01 1.420888119778636272e+00 2.471434960782421086e+00 1.442610734503540826e+01 9.210852320335452884e-03
0.000000000000000000e+00 1.119655439428189347e-01 1.321545338304517925e+00 2.689231531355704252e+00 6.408206166933548609e+00 7.190234108107875291e-03
0.000000000000000000e+00 2.948291899282263367e-04 9.046557564750559166e-01 6.334215578485216103e-01 4.741781081901060291e-01 2.279144528612826563e-03
0.000000000000000000e+00 2.948291899282263367e-04 1.234193880780603436e+00 2.091591223184643855e+00 1.368050450319726830e+00 4.232469740018197750e-03
0.000000000000000000e+00 2.948291899282263367e-04 9.046557564750559166e-01 3.499431050271873400e-01 2.273809449831927232e-01 1.871208072015628993e-03
0.000000000000000000e+00 2.948291899282263367e-04 9.046557564750559166e-01 3.499431050271873400e-01 1.571296673908730568e-01 1.862407072838024192e-03
0.000000000000000000e+00 2.948291899282263367e-04 6.423740913248149331e-01 4.080774270128300629e-01 1.300285241994211249e-01 1.541944198748227681e-03
0.000000000000000000e+00 7.475351253886731995e-02 1.408667077357312891e+00 1.673716294270126470e+00 4.884017947004333671e+00 6.088207243534765264e-03
0.000000000000000000e+00 1.378212003925456397e-01 1.596222526016328302e+00 2.616626780551141174e+00 9.644809845971806794e+00 8.455111209307461517e-03
0.000000000000000000e+00 1.378212003925456397e-01 1.292493037810276801e+00 2.544003600692318567e+00 7.560637692088333139e+00 8.413953617393870460e-03
0.000000000000000000e+00 5.355077273259781778e-01 1.069905668513270180e+00 2.108365134123955986e+00 2.331939555863372959e+01 6.950780997796560806e-03
0.000000000000000000e+00 6.545050468787938502e-02 1.437716535165190823e+00 1.002552587823528185e+00 2.693314080653641529e+00 5.068395854147879874e-03
0.000000000000000000e+00 2.948291899282263367e-04 6.423740913248149331e-01 3.127459274816242751e-01 7.185081593358025320e-02 3.034862897819591218e-02
0.000000000000000000e+00 2.948291899282263367e-04 9.046557564750559166e-01 3.499431050271873400e-01 2.273809449831927232e-01 1.871208072015628993e-03
0.000000000000000000e+00 2.948291899282263367e-04 1.234193880780603436e+00 4.226966348165303033e-01 7.243845900607309707e-01 2.746655397984113303e-03
0.000000000000000000e+00 7.475351253886731995e-02 1.437748964563889897e+00 1.733425943162021809e+00 2.782905273545065228e+00 5.107577186554398962e-03
0.000000000000000000e+00 7.475351253886731995e-02 1.437748964563889897e+00 1.733425943162021809e+00 3.203251921628721632e+00 6.041271343839825503e-03
0.000000000000000000e+00 7.475351253886731995e-02 1.437748964563889897e+00 1.733425943162021809e+00 2.887991935565970447e+00 6.019776842770279898e-03
0.000000000000000000e+00 7.475351253886731995e-02 1.437748964563889897e+00 9.525176938364869894e-01 2.693314080653641529e+00 1.101550578750650489e-01
0.000000000000000000e+00 1.801125179788058417e-01 1.526107822329152652e+00 2.471417053663611085e+00 1.132265670859102258e+01 9.200114705128662612e-03
0.000000000000000000e+00 2.948291899282263367e-04 1.234193880780603436e+00 4.226966348165303033e-01 2.713734351905848219e-01 2.264713145983220967e-03
0.000000000000000000e+00 1.801125179788058417e-01 1.490982183532992833e+00 2.689249885129196382e+00 1.115491327293303137e+01 9.204901171089973494e-03
0.000000000000000000e+00 2.948291899282263367e-04 1.234193880780603436e+00 4.226966348165303033e-01 5.742607009383553507e-01 2.288515285183565211e-03
0.000000000000000000e+00 8.405652038985514385e-02 1.408698915926512196e+00 1.733425943162021809e+00 2.887991935565970447e+00 6.019776842770279898e-03
0.000000000000000000e+00 2.948291899282263367e-04 8.648280177171461247e-01 4.080986361936254081e-01 5.646172658668883182e-01 2.269574165572461454e-03
0.000000000000000000e+00 1.378212003925456397e-01 1.292493037810276801e+00 2.544003600692318567e+00 7.704696534410788722e+00 8.420156034928726399e-03
0.000000000000000000e+00 2.948291899282263367e-04 1.234193880780603436e+00 7.557299502824180726e-01 9.240549231370936978e-01 3.384614932964378261e-03
0.000000000000000000e+00 9.632457581951780687e-03 1.210226067716854814e+00 7.976361428248402996e-01 6.255634699577625746e-01 2.762470752154248983e-03
0.000000000000000000e+00 7.475351253886731995e-02 1.408667077357312891e+00 2.834450171637997062e+00 3.647199906174440009e+00 6.094551848058890609e-03
0.000000000000000000e+00 7.475351253886731995e-02 1.437748964563889897e+00 1.614021922175938428e+00 3.098125047797724463e+00 6.019776842770279898e-03
0.000000000000000000e+00 8.405652038985514385e-02 1.408698915926512196e+00 1.733425943162021809e+00 3.098165259607804423e+00 6.034199802586440523e-03
0.000000000000000000e+00 8.405652038985514385e-02 1.408698915926512196e+00 1.733425943162021809e+00 3.308338583649639286e+00 6.048250280346746492e-03
0.000000000000000000e+00 8.405652038985514385e-02 1.408698915926512196e+00 1.733425943162021809e+00 2.677818611524148462e+00 5.101250791731954184e-03
0.000000000000000000e+00 2.948291899282263367e-04 1.234193880780603436e+00 7.138237577399961786e-01 8.046317988288279599e-01 2.767629867692652720e-03
0.000000000000000000e+00 2.948291899282263367e-04 6.089418566182930315e-01 6.116419068480801746e-01 1.220040285947132513e-01 1.557317908390906018e-03
0.000000000000000000e+00 1.119655439428189347e-01 1.321545338304517925e+00 1.614021922175938428e+00 5.502535871803508449e+00 7.125928907595144128e-03
0.000000000000000000e+00 2.948291899282263367e-04 1.234193880780603436e+00 7.976361428248402996e-01 1.559609806658919906e+00 3.425297347806059017e-03
0.000000000000000000e+00 2.948291899282263367e-04 6.256579739715540933e-01 3.367406219247719434e-01 1.300145903467339048e-01 1.538001414340884731e-03
0.000000000000000000e+00 9.632457581951780687e-03 1.210226067716854814e+00 7.557299502824180726e-01 1.850043046169629557e+00 4.188296692170177284e-03
0.000000000000000000e+00 7.475351253886731995e-02 1.437748964563889897e+00 9.525176938364869894e-01 2.516586241027450654e+00 5.054674246387597276e-03
0.000000000000000000e+00 9.632457581951780687e-03 1.612000177966360193e+00 1.002552587823528185e+00 1.196663196531767115e+00 4.175004230792832283e-03
0.000000000000000000e+00 2.948291899282263367e-04 9.046557564750559166e-01 6.334215578485216103e-01 1.037486650208965522e-01 1.879829185496945674e-03
0.000000000000000000e+00 2.948291899282263367e-04 4.336849464394381681e-01 2.594932931732543135e-01 1.119325910642839095e-02 1.016221439611456707e-03
0.000000000000000000e+00 8.405652038985514385e-02 1.408698915926512196e+00 2.761845496687397539e+00 3.523496321214604876e+00 6.088207243534765264e-03
0.000000000000000000e+00 2.948291899282263367e-04 1.234193880780603436e+00 7.557299502824180726e-01 8.046509021510100945e-01 2.772733325406348450e-03
0.000000000000000000e+00 2.948291899282263367e-04 2.054134415160812355e-01 3.180901557344608666e-01 9.228329372540122408e-03 8.302409961798260137e-04
0.000000000000000000e+00 2.948291899282263367e-04 1.234193880780603436e+00 7.557299502824180726e-01 1.486973219511164679e+00 3.413996198770658224e-03
0.000000000000000000e+00 9.632457581951780687e-03 1.210226067716854814e+00 4.226966348165303033e-01 6.743432936866058380e-01 2.741269557125495214e-03
0.000000000000000000e+00 2.948291899282263367e-04 1.234193880780603436e+00 7.557299502824180726e-01 1.777429080837936715e+00 4.181688411329299859e-03
0.000000000000000000e+00 1.119655439428189347e-01 1.321545338304517925e+00 2.689231531355704252e+00 5.831970797643720061e+00 7.165693936571593606e-03
0.000000000000000000e+00 2.948291899282263367e-04 9.046557564750559166e-01 3.499431050271873400e-01 3.131801106123559553e-01 1.875540923536637115e-03
0.000000000000000000e+00 4.423360971376018580e-01 1.444032002832416728e+00 2.181005413344297761e+00 1.950803349126077535e+01 8.517367655581847136e-03
0.000000000000000000e+00 9.632457581951780687e-03 1.582918290759783408e+00 1.733410603519320636e+00 1.544744477156614781e+00 4.232469740018197750e-03
0.000000000000000000e+00 2.948291899282263367e-04 2.054134415160812355e-01 2.512256863214175073e-01 4.097746535040616006e-02 8.248422938799761283e-04
0.000000000000000000e+00 1.119655439428189347e-01 1.321545338304517925e+00 2.761845496687397539e+00 5.399812449595221331e+00 7.152836834241897875e-03
0.000000000000000000e+00 2.948291899282263367e-04 2.192838368781426350e+00 7.523837439687657280e-01 1.341909635149086455e+00 4.194829562909471385e-03
0.000000000000000000e+00 7.475351253886731995e-02 1.437748964563889897e+00 2.834459462019090381e+00 3.399807539055767158e+00 6.088207243534765264e-03
0.000000000000000000e+00 8.405652038985514385e-02 1.408698915926512196e+00 2.834459462019090381e+00 3.276103954095932469e+00 6.081773469730368704e-03
0.000000000000000000e+00 8.405652038985514385e-02 1.408698915926512196e+00 2.761845496687397539e+00 3.399792736254769743e+00 6.081773469730368704e-03
0.000000000000000000e+00 1.119655439428189347e-01 1.321545338304517925e+00 2.689231531355704252e+00 4.389405805663370685e+00 7.132806364646197134e-03
0.000000000000000000e+00 1.119655439428189347e-01 1.321545338304517925e+00 2.761845496687397539e+00 4.265717830973611235e+00 7.132806364646197134e-03
0.000000000000000000e+00 7.475351253886731995e-02 1.379585190150736107e+00 2.689212874156824196e+00 4.760482887904961657e+00 7.139583165128193798e-03
0.000000000000000000e+00 1.483940297891106763e-01 1.263440200466842800e+00 2.616617566024011410e+00 7.272540093001451211e+00 8.407642268855809037e-03
0.000000000000000000e+00 9.632457581951780687e-03 1.210226067716854814e+00 5.881051801127299417e-01 6.243379415769514384e-01 2.746655397984113303e-03
0.000000000000000000e+00 2.948291899282263367e-04 6.423740913248149331e-01 3.127459274816242751e-01 1.368704152042660507e-02 1.259975545541750430e-03
0.000000000000000000e+00 2.948291899282263367e-04 9.046557564750559166e-01 6.334215578485216103e-01 1.875610501057406732e-01 2.254837397582940949e-03
0.000000000000000000e+00 9.632457581951780687e-03 8.648533008436580793e-01 3.790208874850933829e-01 5.227110733244663132e-01 2.264713145983220967e-03
0.000000000000000000e+00 1.378212003925456397e-01 1.263411150603699795e+00 2.834450171637997062e+00 8.973692273829241728e+00 8.438114777248506906e-03
0.000000000000000000e+00 7.475351253886731995e-02 1.437748964563889897e+00 9.525176938364869894e-01 2.693314080653641529e+00 5.068395854147879874e-03
0.000000000000000000e+00 7.475351253886731995e-02 1.437748964563889897e+00 9.024763974623615237e-01 2.516563025736570758e+00 5.047687269260405125e-03
0.000000000000000000e+00 6.545050468787938502e-02 1.466798422371767385e+00 9.525176938364869894e-01 2.516586241027450654e+00 5.054674246387597276e-03
0.000000000000000000e+00 2.948291899282263367e-04 1.234193880780603436e+00 1.302767555726550119e+00 1.414523600480779519e+00 4.201287506222509821e-03
0.000000000000000000e+00 2.948291899282263367e-04 9.046557564750559166e-01 5.982959190523616799e-01 7.744072396722931906e-01 2.746655397984113303e-03
0.000000000000000000e+00 9.632457581951780687e-03 1.210226067716854814e+00 4.226966348165303033e-01 7.243845900607309707e-01 2.746655397984113303e-03
0.000000000000000000e+00 2.948291899282263367e-04 1.234193880780603436e+00 4.226966348165303033e-01 6.743432936866058380e-01 2.741269557125495214e-03
0.000000000000000000e+00 2.948291899282263367e-04 9.046557564750559166e-01 6.334215578485216103e-01 5.239829183241454524e-01 2.283854663996026223e-03
0.000000000000000000e+00 2.948291899282263367e-04 9.046557564750559166e-01 6.334215578485216103e-01 5.742607009383553507e-01 2.288515285183565211e-03
0.000000000000000000e+00 2.948291899282263367e-04 9.046557564750559166e-01 6.334215578485216103e-01 5.242194045642312172e-01 2.283854663996026223e-03
0.000000000000000000e+00 2.948291899282263367e-04 8.847418870961011317e-01 6.334166000575041089e-01 3.551702048761711805e-01 5.231087053969769862e-02
0.000000000000000000e+00 8.405652038985514385e-02 1.350535141513358850e+00 2.979668735483596009e+00 4.018325463854941937e+00 7.125928907595144128e-03
0.000000000000000000e+00 1.893546543293971388e-02 1.186257690585580615e+00 7.138237577399961786e-01 8.046317988288279599e-01 2.767629867692652720e-03
0.000000000000000000e+00 2.948291899282263367e-04 1.210195598922230609e+00 8.395367038814112171e-01 6.255634699577625746e-01 2.762470752154248983e-03
0.000000000000000000e+00 7.002268082624433848e-04 9.543294229155686523e-03 6.592376094600532754e-02 4.074277540307133516e-03 3.527916112460444250e-04
0.000000000000000000e+00 2.948291899282263367e-04 4.479375711295799367e-01 1.997548390493141257e-01 2.917883879420409346e-02 8.407127398603329079e-04
0.000000000000000000e+00 9.632457581951780687e-03 1.948053904546860893e-01 1.714441050131904065e-01 5.773690970540857476e-02 6.877640888384153536e-04
0.000000000000000000e+00 9.632457581951780687e-03 1.948540356374741656e-01 1.714441050131904065e-01 2.438343574282136189e-02 7.007490027050267091e-04
0.000000000000000000e+00 2.948291899282263367e-04 1.156217516699837994e-01 7.430258083252756773e-02 5.546413822141509423e-03 4.802504258204194436e-04
0.000000000000000000e+00 9.632457581951780687e-03 1.210226067716854814e+00 7.557299502824180726e-01 6.255448706718846896e-01 2.757255576020701746e-03
0.000000000000000000e+00 2.948291899282263367e-04 6.423740913248149331e-01 2.167528000481311057e-01 3.524426481692154167e-02 1.031136476814329111e-03
0.000000000000000000e+00 9.632457581951780687e-03 1.210226067716854814e+00 4.226966348165303033e-01 6.243019973124805944e-01 2.735825977406862800e-03
0.000000000000000000e+00 2.948291899282263367e-04 2.054134415160812355e-01 1.429388556329068416e-01 7.485697700726301994e-03 6.757735621039013575e-04
0.000000000000000000e+00 3.025061749050248915e-04 1.885079793581502169e-02 3.795308959545902472e-02 2.146121600130027236e-03 2.469943230828653660e-04
0.000000000000000000e+00 9.632457581951780687e-03 6.256791971553454790e-01 5.534868630457142613e-01 1.922553061870328761e-01 1.866830250888604258e-03
0.000000000000000000e+00 2.948291899282263367e-04 1.062759972235110539e-01 5.315495476884204984e-02 4.717320389921356161e-03 4.057367717618593547e-04
0.000000000000000000e+00 6.865068516131970925e-04 9.538800276441742818e-03 1.947060368586222071e-02 4.020440140089575481e-03 3.437267926243655920e-04
0.000000000000000000e+00 7.475351253886731995e-02 1.437748964563889897e+00 1.673723932668980341e+00 2.887972206346792969e+00 5.107577186554398962e-03
0.000000000000000000e+00 7.475351253886731995e-02 1.437748964563889897e+00 1.673723932668980341e+00 3.308318854430449374e+00 6.041271343839825503e-03
0.000000000000000000e+00 7.475351253886731995e-02 1.437748964563889897e+00 1.733425943162021809e+00 2.993078597586887213e+00 6.027035142370487826e-03
0.000000000000000000e+00 7.475351253886731995e-02 1.437748964563889897e+00 1.673723932668980341e+00 3.098145530388614510e+00 6.027035142370487826e-03
0.000000000000000000e+00 7.475351253886731995e-02 1.437748964563889897e+00 1.673723932668980341e+00 2.993058868367697745e+00 6.019776842770279898e-03
0.000000000000000000e+00 7.475351253886731995e-02 1.408667077357312891e+00 1.673716294270126470e+00 3.623558357902310512e+00 6.055137120237564195e-03
0.000000000000000000e+00 7.475351253886731995e-02 1.408667077357312891e+00 1.733418304763168383e+00 3.518492178472283349e+00 6.055137120237564195e-03
0.000000000000000000e+00 7.475351253886731995e-02 1.437748964563889897e+00 1.673723932668980341e+00 2.993058868367697745e+00 6.019776842770279898e-03
0.000000000000000000e+00 2.948291899282263367e-04 1.210195598922230609e+00 8.395367038814112171e-01 1.414381875995533999e+00 3.413996198770658224e-03
0.000000000000000000e+00 2.948291899282263367e-04 9.046557564750559166e-01 4.929190026638822775e-01 4.808396244432532884e-01 2.269574165572461454e-03
0.000000000000000000e+00 2.948291899282263367e-04 1.234193880780603436e+00 7.976361428248402996e-01 8.046695014368880905e-01 3.378541684755252163e-03
0.000000000000000000e+00 1.893546543293971388e-02 1.186257690585580615e+00 7.976361428248402996e-01 5.658614594647206619e-01 2.757255576020701746e-03
0.000000000000000000e+00 2.948291899282263367e-04 1.234193880780603436e+00 7.138237577399961786e-01 1.043439840800995277e+00 3.390621909856050224e-03
0.000000000000000000e+00 9.632457581951780687e-03 1.948540356374741656e-01 1.571914803230486379e-01 2.437124302028925368e-02 6.982896957321033798e-04
0.000000000000000000e+00 2.948291899282263367e-04 4.479375711295799367e-01 4.567098743709693820e-01 4.275469237738815237e-02 1.259975545541750430e-03
0.000000000000000000e+00 2.948291899282263367e-04 1.948406121195161989e-01 8.683994791201227192e-02 6.338359628521667878e-03 5.823325558757573919e-04
0.000000000000000000e+00 7.141444995280789472e-04 8.396286308434509904e-02 2.220923008677000432e-02 1.523732603435293438e-02 4.087763255830095181e-04
0.000000000000000000e+00 1.893546543293971388e-02 1.186257690585580615e+00 7.976361428248402996e-01 8.046695014368880905e-01 3.378541684755252163e-03
0.000000000000000000e+00 2.948291899282263367e-04 4.479375711295799367e-01 1.175300266564544144e-01 6.896993750940480505e-02 8.381347536858466249e-04
0.000000000000000000e+00 2.948291899282263367e-04 4.479375711295799367e-01 1.997548390493141257e-01 9.264969415249202714e-03 8.381347536858466249e-04
0.000000000000000000e+00 2.948291899282263367e-04 1.118763805900228198e-01 2.228662624862175548e-02 1.522028612056087679e-02 4.144248485445090058e-04
0.000000000000000000e+00 2.948291899282263367e-04 4.479375711295799367e-01 1.175300266564544144e-01 9.228329372540122408e-03 8.517602486788319925e-04
0.000000000000000000e+00 2.948291899282263367e-04 2.054134415160812355e-01 3.180901557344608666e-01 2.914219875149501662e-02 8.328991795067213454e-04
0.000000000000000000e+00 2.969320093008083195e-01 1.695242655156218303e+00 2.253610679582609411e+00 1.333709679813939530e+01 9.231354346894629984e-03
0.000000000000000000e+00 2.969320093008083195e-01 1.737148847698640530e+00 2.253619378675990603e+00 1.333711851683751526e+01 9.235389870891275860e-03
0.000000000000000000e+00 2.948291899282263367e-04 2.190590579645674359e-04 1.013528447355532651e-02 9.645024014109732091e-02 4.068515140147669056e-04
0.000000000000000000e+00 4.423360971376018580e-01 1.485938195374838955e+00 2.181014040920934871e+00 1.950805520995890419e+01 8.517985964694682263e-03
0.000000000000000000e+00 2.948291899282263367e-04 1.234193880780603436e+00 7.976361428248402996e-01 1.486995841327227064e+00 3.419678580185831016e-03
0.000000000000000000e+00 9.632457581951780687e-03 1.210226067716854814e+00 7.557299502824180726e-01 1.043458944123177412e+00 3.396563075379768846e-03
0.000000000000000000e+00 2.948291899282263367e-04 1.234193880780603436e+00 7.557299502824180726e-01 5.658428601788428880e-01 2.751983929974989324e-03
0.000000000000000000e+00 2.948291899282263367e-04 1.234193880780603436e+00 7.557299502824180726e-01 6.255448706718846896e-01 2.757255576020701746e-03
0.000000000000000000e+00 2.948291899282263367e-04 8.648280177171461247e-01 4.080986361936254081e-01 5.227110733244663132e-01 2.264713145983220967e-03
0.000000000000000000e+00 9.632457581951780687e-03 8.648533008436580793e-01 3.790208874850933829e-01 5.646172658668883182e-01 2.269574165572461454e-03
0.000000000000000000e+00 2.948291899282263367e-04 9.046557564750559166e-01 6.334215578485216103e-01 6.184247247847449863e-02 1.875540923536637115e-03
0.000000000000000000e+00 2.948291899282263367e-04 9.046557564750559166e-01 6.334215578485216103e-01 1.037486650208965522e-01 1.879829185496945674e-03
0.000000000000000000e+00 1.893546543293971388e-02 1.186257690585580615e+00 7.557299502824180726e-01 5.658428601788428880e-01 2.751983929974989324e-03
0.000000000000000000e+00 8.405652038985514385e-02 1.379617028719935634e+00 2.761836206306303776e+00 4.018295050783868838e+00 7.111869952549535606e-03
0.000000000000000000e+00 7.475351253886731995e-02 1.408667077357312891e+00 2.907064136969689461e+00 3.894621878895106803e+00 7.118950277581386453e-03
0.000000000000000000e+00 7.475351253886731995e-02 1.437748964563889897e+00 1.673723932668980341e+00 2.887972206346792969e+00 5.107577186554398962e-03
0.000000000000000000e+00 2.948291899282263367e-04 9.046557564750559166e-01 4.929190026638822775e-01 4.806414792030943017e-01 2.269574165572461454e-03
0.000000000000000000e+00 7.475351253886731995e-02 1.437748964563889897e+00 9.024763974623615237e-01 2.781654785175856848e+00 5.068395854147879874e-03
0.000000000000000000e+00 7.475351253886731995e-02 1.437748964563889897e+00 1.673723932668980341e+00 3.098145530388614510e+00 6.027035142370487826e-03
0.000000000000000000e+00 7.475351253886731995e-02 1.437748964563889897e+00 1.673723932668980341e+00 3.308318854430449374e+00 6.041271343839825503e-03
0.000000000000000000e+00 7.475351253886731995e-02 1.437748964563889897e+00 1.673723932668980341e+00 2.677798882304958550e+00 5.094843490905763897e-03
0.000000000000000000e+00 2.948291899282263367e-04 4.479375711295799367e-01 1.175300266564544144e-01 2.914219875149501662e-02 8.544869038904105490e-04
0.000000000000000000e+00 8.405652038985514385e-02 1.379617028719935634e+00 2.907064136969689461e+00 3.770918293935272114e+00 7.111869952549535606e-03
0.000000000000000000e+00 1.378212003925456397e-01 1.631348164812488344e+00 9.024890458092007517e-01 6.491970196309341468e+00 7.132806364646197134e-03
0.000000000000000000e+00 2.948291899282263367e-04 6.256579739715540933e-01 5.825644029075279784e-01 1.571296673908730568e-01 1.862407072838024192e-03
0.000000000000000000e+00 7.475351253886731995e-02 1.437748964563889897e+00 1.002558990210612011e+00 2.428244843539775211e+00 5.054674246387597276e-03
0.000000000000000000e+00 7.475351253886731995e-02 1.437748964563889897e+00 9.525176938364869894e-01 2.428222321214354995e+00 5.047687269260405125e-03
0.000000000000000000e+00 7.475351253886731995e-02 1.437748964563889897e+00 9.525176938364869894e-01 2.693314080653641529e+00 5.068395854147879874e-03
0.000000000000000000e+00 1.119655439428189347e-01 1.321545338304517925e+00 2.689231531355704252e+00 4.389405805663370685e+00 7.132806364646197134e-03
0.000000000000000000e+00 2.948291899282263367e-04 1.419764651366909325e-01 6.373170165730211723e-02 5.546413822141509423e-03 4.927102825707362771e-04
0.000000000000000000e+00 2.948291899282263367e-04 6.256579739715540933e-01 2.647457763496522953e-01 3.525678060060599001e-02 1.253070060778923136e-03
0.000000000000000000e+00 7.475351253886731995e-02 1.437748964563889897e+00 9.525176938364869894e-01 2.339858401401259336e+00 5.040615501912253972e-03
0.000000000000000000e+00 9.632457581951780687e-03 1.582918290759783408e+00 1.793112614012362105e+00 1.456397780480920279e+00 4.232469740018197750e-03
0.000000000000000000e+00 2.948291899282263367e-04 9.046557564750559166e-01 3.499431050271873400e-01 5.175275100239359188e-02 1.549709819590839015e-03
0.000000000000000000e+00 2.948291899282263367e-04 6.423740913248149331e-01 5.534868630457142613e-01 1.662711220623376909e-02 1.545846878761815077e-03
0.000000000000000000e+00 2.948291899282263367e-04 6.423740913248149331e-01 5.534868630457142613e-01 5.175275100239359188e-02 1.589868128051083115e-03
0.000000000000000000e+00 4.138308477573182653e-01 1.140080076944594012e+00 5.783458531282033022e+00 2.186773195741972486e+01 5.310469764889012324e-03
0.000000000000000000e+00 3.995782230671765523e-01 1.175179112408188731e+00 5.783458531282033022e+00 2.204923009545271384e+01 5.309161204743373906e-03
0.000000000000000000e+00 9.632457581951780687e-03 6.256791971553454790e-01 5.534868630457142613e-01 8.687838979855341814e-02 1.553533379173402049e-03
0.000000000000000000e+00 8.405652038985514385e-02 1.408698915926512196e+00 2.689231531355704252e+00 4.389405805663370685e+00 7.132806364646197134e-03
0.000000000000000000e+00 2.948291899282263367e-04 4.479375711295799367e-01 2.794103165651337095e-01 5.921672385992302751e-02 1.028213886099563993e-03
0.000000000000000000e+00 9.632457581951780687e-03 4.337030419138188098e-01 2.794103165651337095e-01 1.122016014317617043e-02 1.048772578772210612e-03
0.000000000000000000e+00 2.845780711251666983e-01 1.420917863258483571e+00 2.326215873791623867e+00 1.424458748830429933e+01 9.250481612573807286e-03
0.000000000000000000e+00 1.483940297891106763e-01 1.561131974179711168e+00 2.689240745882834460e+00 9.141476960091159398e+00 8.443886522081764379e-03
0.000000000000000000e+00 1.378212003925456397e-01 1.292493037810276801e+00 2.834459462019090381e+00 9.309281724051896134e+00 8.455111209307461517e-03
0.000000000000000000e+00 9.335952824084306489e-02 1.350566400765335962e+00 2.689222240974610489e+00 4.265685795570149708e+00 7.118950277581386453e-03
0.000000000000000000e+00 2.948291899282263367e-04 2.054134415160812355e-01 2.679418036746781806e-01 7.713837204627602487e-03 6.900888411347994500e-04
0.000000000000000000e+00 2.948291899282263367e-04 2.054134415160812355e-01 2.512256863214175073e-01 7.623693384297818357e-03 6.877640888384153536e-04
0.000000000000000000e+00 9.632457581951780687e-03 1.210226067716854814e+00 7.976361428248402996e-01 1.414381875995533999e+00 3.413996198770658224e-03
0.000000000000000000e+00 2.948291899282263367e-04 1.210195598922230609e+00 8.395367038814112171e-01 6.255634699577625746e-01 2.762470752154248983e-03
0.000000000000000000e+00 2.948291899282263367e-04 1.234193880780603436e+00 7.557299502824180726e-01 9.240549231370936978e-01 3.384614932964378261e-03
0.000000000000000000e+00 2.948291899282263367e-04 9.046557564750559166e-01 6.334215578485216103e-01 6.184247247847449863e-02 1.875540923536637115e-03
0.000000000000000000e+00 2.948291899282263367e-04 6.423740913248149331e-01 5.244049758391373661e-01 1.661204368262268055e-02 1.541944198748227681e-03
0.000000000000000000e+00 9.632457581951780687e-03 6.256022869401460795e-01 2.407510819065045438e-01 3.525678060060599001e-02 1.253070060778923136e-03
0.000000000000000000e+00 8.405652038985514385e-02 1.408698915926512196e+00 2.761845496687397539e+00 3.523496321214604876e+00 6.088207243534765264e-03
0.000000000000000000e+00 8.405652038985514385e-02 1.379617028719935634e+00 2.761836206306303776e+00 4.141998635743703971e+00 7.118950277581386453e-03
0.000000000000000000e+00 9.335952824084306489e-02 1.350566400765335962e+00 2.689222240974610489e+00 4.265685795570149708e+00 7.118950277581386453e-03
0.000000000000000000e+00 1.026625360918309998e-01 1.350597091837867580e+00 2.544003600692318567e+00 7.272520007443418422e+00 8.401221474249619126e-03
0.000000000000000000e+00 6.545050468787938502e-02 1.466798422371767385e+00 9.024763974623615237e-01 2.339835186110379439e+00 4.232469740018197750e-03
0.000000000000000000e+00 7.475351253886731995e-02 1.437748964563889897e+00 9.525176938364869894e-01 2.339858401401259336e+00 5.040615501912253972e-03
0.000000000000000000e+00 2.948291899282263367e-04 6.423740913248149331e-01 5.534868630457142613e-01 8.687838979855341814e-02 1.553533379173402049e-03
0.000000000000000000e+00 2.948291899282263367e-04 9.046557564750559166e-01 3.499431050271873400e-01 1.571296673908730568e-01 1.862407072838024192e-03
0.000000000000000000e+00 2.948291899282263367e-04 2.054134415160812355e-01 2.177934516148959387e-01 2.439539990258047034e-02 7.031830737285352326e-04
0.000000000000000000e+00 1.026625360918309998e-01 1.321515204631290796e+00 2.689222240974610489e+00 6.120069354421793228e+00 7.171975008785623842e-03
0.000000000000000000e+00 7.475351253886731995e-02 1.437748964563889897e+00 1.002558990210612011e+00 2.516608763352870870e+00 5.061576940986141360e-03
0.000000000000000000e+00 2.948291899282263367e-04 1.234193880780603436e+00 7.557299502824180726e-01 1.414359254179471392e+00 3.408249777131578187e-03
0.000000000000000000e+00 2.948291899282263367e-04 4.336849464394381681e-01 2.993210319311641054e-01 1.312115694350433348e-01 1.256540380903994327e-03
0.000000000000000000e+00 2.948291899282263367e-04 4.336849464394381681e-01 2.993210319311641054e-01 8.321500571829647253e-02 1.031136476814329111e-03
0.000000000000000000e+00 9.632457581951780687e-03 1.948053904546860893e-01 1.144336062526232628e-01 2.068017299963382377e-02 5.889587063209039946e-04
0.000000000000000000e+00 2.948291899282263367e-04 1.234193880780603436e+00 7.976361428248402996e-01 8.046695014368880905e-01 3.378541684755252163e-03
0.000000000000000000e+00 2.948291899282263367e-04 1.210195598922230609e+00 8.395367038814112171e-01 6.852654804508043762e-01 2.767629867692652720e-03
0.000000000000000000e+00 2.948291899282263367e-04 6.423740913248149331e-01 5.534868630457142613e-01 1.662711220623376909e-02 1.545846878761815077e-03
0.000000000000000000e+00 2.948291899282263367e-04 6.423740913248149331e-01 3.127459274816242751e-01 4.276892872700342740e-02 1.263375897318236383e-03
0.000000000000000000e+00 2.948291899282263367e-04 6.423740913248149331e-01 3.127459274816242751e-01 4.276892872700342740e-02 1.263375897318236383e-03
0.000000000000000000e+00 2.948291899282263367e-04 6.423740913248149331e-01 3.127459274816242751e-01 7.185081593358025320e-02 1.266741771619090936e-03
0.000000000000000000e+00 2.948291899282263367e-04 6.423740913248149331e-01 3.127459274816242751e-01 7.185081593358025320e-02 1.266741771619090936e-03
0.000000000000000000e+00 9.632457581951780687e-03 1.582918290759783408e+00 1.793112614012362105e+00 1.456397780480920279e+00 4.232469740018197750e-03
0.000000000000000000e+00 2.948291899282263367e-04 6.423740913248149331e-01 5.534868630457142613e-01 5.175275100239359188e-02 1.589868128051083115e-03
0.000000000000000000e+00 2.948291899282263367e-04 1.948406121195161989e-01 1.144390727769346722e-01 6.349705850991945941e-03 5.845644042305142779e-04
0.000000000000000000e+00 7.475351253886731995e-02 1.841916586255676780e+00 2.108347227005146429e+00 3.098219998775595396e+00 6.055137120237564195e-03
0.000000000000000000e+00 4.423360971376018580e-01 1.485938195374838955e+00 2.181014040920934871e+00 1.950805520995890419e+01 8.517985964694682263e-03
0.000000000000000000e+00 9.632457581951780687e-03 1.210226067716854814e+00 7.976361428248402996e-01 1.414381875995533999e+00 3.413996198770658224e-03
0.000000000000000000e+00 2.948291899282263367e-04 9.046557564750559166e-01 6.334215578485216103e-01 1.875610501057406732e-01 2.254837397582940949e-03
0.000000000000000000e+00 9.632457581951780687e-03 1.948053904546860893e-01 6.213428410122372875e-02 6.393399450917046020e-03 5.654137768741487402e-04
0.000000000000000000e+00 2.948291899282263367e-04 1.154942208950798938e-01 1.362354161498821881e-01 6.448484861154244255e-03 5.777978925172334163e-04
0.000000000000000000e+00 2.948291899282263367e-04 1.234193880780603436e+00 7.976361428248402996e-01 1.240071972473690970e-01 5.232044090273806070e-02
0.000000000000000000e+00 4.423360971376018580e-01 1.485938195374838955e+00 2.035786110257549186e+00 1.950801058784246322e+01 8.516664572416869292e-03
0.000000000000000000e+00 5.689399620324996354e-01 1.444120297766733341e+00 2.035803152871610511e+00 1.823756824372802399e+01 8.511866517073007551e-03
0.000000000000000000e+00 2.948291899282263367e-04 2.054134415160812355e-01 2.506551874139483632e-02 5.568322757890861729e-03 4.842497761741859771e-04
0.000000000000000000e+00 9.632457581951780687e-03 1.314170592580838071e-01 8.682194220477537638e-02 5.557468991830506917e-03 4.822608070889896422e-04
0.000000000000000000e+00 1.801125179788058417e-01 1.526107822329152652e+00 2.398803088331918243e+00 1.132263443045046714e+01 9.195219109887105627e-03
0.000000000000000000e+00 1.483940297891106763e-01 1.631383251772030807e+00 2.544031018995303928e+00 6.408224345852423731e+00 8.381297186237195163e-03
0.000000000000000000e+00 2.948291899282263367e-04 4.336849464394381681e-01 2.993210319311641054e-01 8.321500571829647253e-02 1.031136476814329111e-03
0.000000000000000000e+00 2.948291899282263367e-04 4.336849464394381681e-01 2.993210319311641054e-01 1.072132875766698967e-01 1.285543926305532597e-03
0.000000000000000000e+00 9.632457581951780687e-03 4.337030419138188098e-01 2.794103165651337095e-01 3.521844200154960330e-02 1.025261399181150558e-03
0.000000000000000000e+00 2.948291899282263367e-04 1.210195598922230609e+00 2.091583200240850093e+00 1.368033860667824841e+00 4.226379425185804693e-03
0.000000000000000000e+00 2.948291899282263367e-04 1.234193880780603436e+00 2.091591223184643855e+00 1.368050450319726830e+00 4.232469740018197750e-03
0.000000000000000000e+00 2.948291899282263367e-04 4.479375711295799367e-01 2.794103165651337095e-01 3.521844200154960330e-02 1.025261399181150558e-03
0.000000000000000000e+00 9.632457581951780687e-03 4.337030419138188098e-01 2.794103165651337095e-01 5.921672385992302751e-02 1.028213886099563993e-03
