2.288650033363464331e+01 3.066965007867006321e-02
-3.910475151956424700e+00 6.108248516397114969e+01
inf 3.050862938451199061e-02
-3.859183171932471179e+00 5.611857163687695760e+01
-3.813246295096649696e+00 4.875391722948716478e+01
-3.837754117862546277e+00 5.232517634275392737e+01
-3.815490359222055261e+00 5.212447950281491416e+01
-3.862467937289409736e+00 5.799511514835882053e+01
-3.787008142117697762e+00 4.609379472011663381e+01
-3.792942250639721902e+00 4.755102540706324987e+01
-3.783291550888084220e+00 4.540983272546065308e+01
-3.775570716142302885e+00 4.456004830824618068e+01
-3.869036624714906836e+00 5.877493263938008994e+01
-3.872145563821330683e+00 5.953507726168238889e+01
-3.590669647707651180e+00 4.295985900050641959e+01
-3.585497828744203641e+00 4.232367349074623775e+01
-2.472317153590349648e+00 3.743492715828166695e+01
-3.802618168154960454e+00 4.816850730129637270e+01
-3.570818324778987307e+00 4.139500102173433760e+01
-3.881723732412321048e+00 5.994287001950444704e+01
9.112383367480193785e-03 1.352073507583542700e+01
-3.544770451363902453e+00 4.113932098379875413e+01
-3.735583100441319360e+00 4.382229992515603101e+01
-3.526528172980539999e+00 4.039397372624392801e+01
-1.304183531956156772e+00 2.891056490337508933e+01
-1.283507136985366559e+00 2.811265266485848358e+01
-2.037618533642296725e+00 3.439524805231958027e+01
-3.866698273974470190e+00 5.832189765951004290e+01
3.567321260648956271e-02 1.288060525322573469e+01
-3.216360270152587741e+00 3.984041297970884443e+01
-7.925697795191984918e-01 2.260653332415885686e+01
2.751221720232406298e-01 1.059311912614646012e+01
-2.467815255084872206e+00 3.674506777354281439e+01
-3.214854248354590549e+00 3.915956607452058336e+01
-3.037903887643915724e-01 1.727175456069734238e+01
-3.180518257064026244e+00 3.850304257749899506e+01
-3.214854248354590549e+00 3.915956607452058336e+01
-2.220589300120477283e+00 3.544925451267818772e+01
-2.011715047427819592e+00 3.397697094012333707e+01
-2.075597440608368149e+00 3.475822542386030278e+01
-3.884500200848416629e+00 6.052521256858653231e+01
-3.755853125742727450e+00 4.400378748170717103e+01
-1.887499838937634414e-02 1.391992136445091077e+01
-3.884500200848416629e+00 6.052521256858653231e+01
-4.837339169504600300e-01 1.918795923837490847e+01
-2.108512117493303167e-02 1.437409485485378724e+01
4.172535079859251983e-01 9.757733158337037693e+00
-9.739700959463207797e-01 2.447396032495766605e+01
-8.228888567909224960e-01 2.311447928344910352e+01
-1.110184955874579105e+00 2.620567302706484369e+01
-2.271257148009756310e+00 3.595018052649598417e+01
-3.141960974544243945e-01 1.777140784473657575e+01
-2.684511120479395441e+00 3.785830150024388985e+01
-2.673189358031531349e-01 1.650376492855108168e+01
-1.103477824721689871e+00 2.574108071537312625e+01
-5.624054954122797989e-01 2.045648352207000187e+01
-1.221561366414368299e+00 2.729923318259434240e+01
-1.157109430588062260e+00 2.649796189140553082e+01
-1.175232965261268747e+00 2.696062665745993669e+01
-3.802032758989649430e+00 4.771045918931054786e+01
-1.457658286077909426e-01 1.564172430617118259e+01
-1.457358278597716272e-01 1.518544989512284005e+01
3.650526463472242855e-01 1.021946607298976240e+01
-2.386166923657398797e+00 3.615808296106423825e+01
4.408297231649919712e-01 9.309027773379263238e+00
7.686708134685855676e-01 7.132266324589578765e+00
8.174648516003513166e-01 6.702263868443656847e+00
2.733510065190049576e-01 1.095147467260348684e+01
-1.317465820778273233e+00 2.919805617241386386e+01
-3.587683686909438396e+00 4.265574734219139685e+01
-9.913856603501731701e-01 2.487903677997602969e+01
5.858288808816414228e-02 1.261090189567337028e+01
-2.391151703086435099e+00 3.644943153034197536e+01
-5.476399636475531851e-03 1.381621745551165148e+01
-5.082278732593505932e-01 1.958431909955207928e+01
-4.215185044552907101e-01 1.852557182420650506e+01
-1.224822475969281621e+00 2.768662643294037551e+01
-1.409498312203069981e+00 2.970332295440897852e+01
3.903560100232941199e-01 1.014200613014856067e+01
-5.511773636226179329e-01 2.012701430091928501e+01
-2.757623687349034514e-01 1.672594867906354565e+01
-9.570090362959459140e-01 2.437049226869919138e+01
-9.301778238255860032e-01 2.400014928845707729e+01
-2.797954559734163182e-01 1.709526994178564152e+01
-2.568741157285313603e-01 1.623391146552358322e+01
1.203075558891545827e+00 4.862644077795416742e+00
-1.889650370470097984e+00 3.317490656834402785e+01
-4.595776312785525008e-01 1.903634517182884878e+01
-1.032937927462185046e+00 2.572650742090320719e+01
-1.012443651667403799e+00 2.538124197152856354e+01
-5.422820071268492637e-01 1.994551616288629603e+01
-1.957374270213381839e+00 3.340880465237128050e+01
-1.961004580887575122e+00 3.376331589229685903e+01
1.008836408638789095e+00 5.505347210357510512e+00
9.894491841050461201e-01 6.053865298763617453e+00
-1.214077982468475314e+00 2.722374670123150153e+01
1.215218469445299432e+00 4.604778247797266744e+00
-3.587331366872161809e+00 4.254687492887452294e+01
-1.000182228014162567e+00 2.512213800699023025e+01
-7.561619562805008687e-01 2.219684756090915201e+01
-7.427141526171241459e-01 2.206183649697676685e+01
9.913828439215552901e-01 5.780003713021541145e+00
4.034471399641436085e-01 9.837955388390586364e+00
1.435432327256785046e+00 3.892209853576781953e+00
1.025400659313290413e-01 1.214504819984858308e+01
1.180478373997424779e-01 1.184421097644466947e+01
-4.111082092989605252e-01 1.822749339077544306e+01
2.407888550147417039e-01 1.131297780054933710e+01
7.090951292056540955e-02 1.233910772322760785e+01
6.634679636858874519e-01 7.612301612224323222e+00
-1.497330602478813777e+00 3.042382811734226777e+01
-1.313010445703510554e+00 2.891085063553837742e+01
-1.726362446686843466e+00 3.207871725458046797e+01
5.331286437764541919e-01 8.345089176317410207e+00
1.185232617729375049e+00 5.148342804932582339e+00
-1.429147447103048307e+00 3.019022790981844651e+01
-3.271703444978526498e+00 4.032202396820647294e+01
-3.252936414102590934e+00 4.004552965188099733e+01
1.007517316379155314e+00 5.747671347109917228e+00
-9.159966545936171212e-01 2.372808464347411928e+01
-1.680441690728235793e+00 3.177002581979593288e+01
-9.227086368514841874e-01 2.399997934728819970e+01
4.854739560870498238e-02 1.274622048893473902e+01
4.702729925722381465e-01 8.980336583960577101e+00
5.839511443365147381e-01 8.056740464336815677e+00
4.937638308678655719e-01 8.713864562646012502e+00
-2.079789314211359486e+00 3.502442853501389664e+01
-2.409820087198084160e+00 3.656096292690592264e+01
-1.743184905239752780e+00 3.251700019477335957e+01
-1.419886595664861417e+00 2.996593171189514493e+01
-8.699650253584344517e-01 2.337772550922348103e+01
-8.228888567909224960e-01 2.311447928344910352e+01
-1.175232965261268747e+00 2.696062665745993669e+01
-5.283374771654174573e-01 1.971986785297864486e+01
-6.650737365138836843e-01 2.122020752900013107e+01
-6.753103393841479729e-01 2.148226706788107521e+01
-1.004962338545605682e+00 2.536753827946595052e+01
-1.267237579258874147e+00 2.786382754582924548e+01
-5.822895384896089599e-01 2.059317280041841869e+01
-1.137582670231585213e+00 2.627165882515122419e+01
-4.367046935809615893e-01 1.882567093633729982e+01
-1.364436104795033744e+00 2.956172262395682893e+01
-1.654658505523463496e+00 3.167871326004934573e+01
-1.647343216387077591e+00 3.142688755616128304e+01
-1.787388796934444635e+00 3.272057505225899376e+01
6.751864236061850821e-01 7.362326487690155297e+00
-1.279845121925076601e+00 2.799760633059768722e+01
8.990327863858150748e-01 6.257744963881650690e+00
1.556566933900638272e+00 3.416058165693305337e+00
5.062334185284828036e-01 8.652638287091093616e+00
-1.000049205727728596e+00 2.504682146623794736e+01
1.233999317451236061e-01 1.173682794897247206e+01
-1.334224275302538842e+00 2.933077754137315196e+01
-9.048974003329313121e-02 1.479127459567390446e+01
-7.636788429695412495e-02 1.456312952340635825e+01
-7.790285263684525452e-01 2.237910046779379769e+01
-7.124852120579731052e-01 2.167709923265023519e+01
-6.068958515716879054e-01 2.071285813175978774e+01
-1.157109430588062260e+00 2.649796189140553082e+01
-1.742304523534622840e+00 3.229211225996022705e+01
-1.427283386238375140e+00 2.996658348437703978e+01
2.079510859007088985e+00 2.537332399537641781e+00
-2.716078282742144800e-01 1.672276157914697237e+01
-1.549528804792251746e+00 3.091058778033684007e+01
-1.540886342942706655e+00 3.068976476655235430e+01
-2.880603736019534011e+00 3.829596810523418071e+01
1.344003441982608571e+00 4.154384044568136147e+00
2.531107652923795914e+00 1.931316964818676318e+00
-1.961004580887575122e+00 3.376331589229685903e+01
-7.192214173368784991e-01 2.188920746541517204e+01
-1.505127850466281059e+00 3.062006290097291128e+01
1.885963688827245299e+00 2.833088343019406707e+00
-3.823692874078889137e+00 5.212471416999147777e+01
-3.837754117862546277e+00 5.232517634275392737e+01
-1.869216259882758191e+00 3.297503809340449266e+01
-1.646384142385099114e+00 3.124420430305912078e+01
-8.950273510325534865e-01 2.372699932100627507e+01
-8.754404549956101844e-01 2.353025702825055987e+01
5.941682441643144630e-01 7.921250067733711653e+00
1.770530426175705996e+00 3.083907295370174939e+00
-1.569105324302663806e+00 3.105279811387436339e+01
-6.835655162545287711e-01 2.166197573786131869e+01
4.502781369595719174e-01 8.981302450165715712e+00
9.015959654768955500e-02 1.231750299224312961e+01
4.463213774291498459e-01 9.174270902626359359e+00
1.934392035703721646e+00 2.692438542854141303e+00
8.885506977632365855e-01 6.387911207235555722e+00
-6.188852159351951876e-01 2.084932699041607762e+01
-6.368412471100330929e-01 2.103794875748042159e+01
-1.891449612697921001e+00 3.334075319994241227e+01
1.543186217846557629e+00 3.592558757817255533e+00
2.455476586903170277e-01 1.112738420902232761e+01
1.778504409201058678e+00 2.987712971521470973e+00
-2.782365723168512162e+00 3.811305327828074496e+01
-1.647343216387077591e+00 3.142688755616128304e+01
-6.650737365138836843e-01 2.122020752900013107e+01
-6.368412471100330929e-01 2.103794875748042159e+01
-7.790285263684525452e-01 2.237910046779379769e+01
1.273313536172372862e+00 4.444491920954341424e+00
-1.703068107013981702e+00 3.195147074503874052e+01
-3.747617064970361955e+00 4.399448447385618266e+01
-2.778117098117930617e+00 3.796001088583265926e+01
-1.445469537512142910e-01 1.507172078789549907e+01
-6.753103393841479729e-01 2.148226706788107521e+01
-2.168708907743412406e-01 1.613635086006366848e+01
-1.806580903118906622e+00 3.283841891567698923e+01
1.214353754699976973e+00 4.782482256761454664e+00
-1.242440365512996525e+00 2.773965680627022579e+01
5.120211709957762647e-01 8.475711722722268249e+00
-2.797954559734163182e-01 1.709526994178564152e+01
-1.234384187029349683e-01 1.496785066884642390e+01
-9.838502428187809179e-02 1.479144265451676077e+01
-1.600508357980486851e+00 3.110544493504675856e+01
-4.037464495018375787e-01 1.807564551908736661e+01
2.087845116346196406e+00 2.418564070090190476e+00
-7.270611245261116018e-01 2.188942703812442758e+01
9.471879418199385947e-02 1.214518066133410734e+01
-3.735583100441319360e+00 4.382229992515603101e+01
-3.584630640170612947e-01 1.788267236967939056e+01
-3.870981815987116215e-01 1.805405252278972839e+01
-2.892970995376029197e+00 3.844235084470307839e+01
-2.168469949475734793e-01 1.605480987708198981e+01
-9.949111880241716666e-01 2.488599827914787355e+01
-4.218568281129244646e-01 1.868455664686288742e+01
1.310616187148616829e+00 4.308212495971046607e+00
1.437425509570413151e+00 3.727726867749082018e+00
6.221120731634955936e-01 7.860265135080473087e+00
-1.748680212471974693e+00 3.258677762754659568e+01
-2.079789314211359486e+00 3.502442853501389664e+01
-2.093406228260020097e+00 3.518572183767452799e+01
1.023369560536788514e+00 5.400089113252523276e+00
-1.735421587637712149e+00 3.223903455680634522e+01
-2.374235311138103821e+00 3.599832760052136393e+01
-3.793886667244501076e+00 4.771026129514619640e+01
-1.920871502890850180e-01 1.584999512395861920e+01
5.568431084628171490e-01 8.188342458638537380e+00
1.858192981930494314e+00 2.900146669308077740e+00
-2.447407619135742340e+00 3.671545715377320107e+01
-2.782365723168512162e+00 3.811305327828074496e+01
-2.209687276941759038e+00 3.530430941741712303e+01
-8.754404549956101844e-01 2.353025702825055987e+01
-8.699650253584344517e-01 2.337772550922348103e+01
-4.111082092989605252e-01 1.822749339077544306e+01
2.469924066412635177e+00 2.078761023707394795e+00
1.753632672956995542e+00 3.182866700674447102e+00
8.804966065641550710e-01 6.455363757218142595e+00
-3.234583673472821275e+00 3.990069163787646289e+01
-3.252936414102590934e+00 4.004552965188099733e+01
-3.548946801616483793e+00 4.128411705143850696e+01
6.231673384988671849e-01 7.757622133243970097e+00
-1.549528804792251746e+00 3.091058778033684007e+01
-1.379336503066934450e+00 2.958397254323036307e+01
-4.269627554237926947e-01 1.878286206269756065e+01
-1.637774091191597892e+00 3.122748927467645075e+01
1.425904011473374311e+00 4.028857285052069415e+00
8.761890620815016018e-01 6.592659476587507505e+00
-1.867627302472709472e+00 3.289862586874440353e+01
-6.119856139355851488e-01 2.081984693293166799e+01
-5.084556568778267893e-01 1.968334346298660265e+01
1.846322686263844326e-01 1.155287980386042079e+01
-1.517175258913738833e-01 1.564240302579795561e+01
4.408297231649919712e-01 9.309027773379263238e+00
4.463213774291498459e-01 9.174270902626359359e+00
-1.682012205189680754e-01 1.577658188030935449e+01
9.063792065338560633e-01 6.145640094596250158e+00
-1.334224275302538842e+00 2.933077754137315196e+01
5.568431084628171490e-01 8.188342458638537380e+00
5.169055514637304061e-01 8.474978196872068992e+00
1.984838277331546219e-01 1.147581784270232674e+01
-5.507835791474844367e-01 2.007527335538462054e+01
-1.467976817399863743e+00 3.033218897060229224e+01
1.722291900176244894e+00 3.231024890026148011e+00
1.142795981782546821e+00 5.222780880048042640e+00
-1.711842771802982277e+00 3.195175647720203216e+01
1.724431385658513338e-01 1.161143765224196578e+01
2.769989841451288459e+00 1.679170778427161892e+00
1.470643381172471287e+00 3.705250753805887420e+00
1.375657199466582048e+00 4.092063818951626963e+00
1.283354051684736152e+00 4.422925967042415252e+00
7.209198786326690422e-01 7.256999777248054784e+00
1.049780242397341024e+00 5.345023820549377191e+00
1.697887283622917742e+00 3.311684170574497266e+00
-2.125659493459732818e-01 1.596842864634416159e+01
-6.302269624982204110e-02 1.445942629910953059e+01
2.917530972021990188e+00 1.459366702271441163e+00
-1.283507136985366559e+00 2.811265266485848358e+01
1.306083350996037451e+00 4.319852299271591534e+00
-1.457358278597716272e-01 1.518544989512284005e+01
1.518420472588952519e+00 3.602558059057249018e+00
-3.291509333624307865e-01 1.788251032258579798e+01
-3.141960974544243945e-01 1.777140784473657575e+01
-3.548946801616483793e+00 4.128411705143850696e+01
3.501062685493258275e+00 1.116009803321844851e+00
-2.163566681761145638e+00 3.520804555317760531e+01
2.122691005770621919e-01 1.142296791299908065e+01
2.903098457609696759e+00 1.490864349030176061e+00
8.233993308659545152e-01 6.701948067593094471e+00
8.761890620815016018e-01 6.592659476587507505e+00
-2.892324078095432238e+00 3.833347601148764028e+01
1.180478373997424779e-01 1.184421097644466947e+01
6.751864236061850821e-01 7.362326487690155297e+00
7.621928533518220750e-01 7.132669567133821609e+00
7.240170242268115786e-01 7.237692025170395560e+00
2.057808185680748636e+00 2.641930932485423433e+00
-1.452016337318707384e+00 3.024986277342907925e+01
1.602428687801642271e+00 3.353758346791380074e+00
6.442479617652830948e-01 7.716106923439203236e+00
-7.347245624117355878e-02 1.449165845385905449e+01
-9.720356244858532335e-01 2.437083242216190726e+01
3.011542524118965058e+00 1.375498005103446886e+00
2.559131376150286741e+00 1.863079728074079400e+00
-2.691262098919421586e+00 3.793195836350081862e+01
2.862956971254406291e+00 1.569079904612727949e+00
-5.082278732593505932e-01 1.958431909955207928e+01
3.231465471379265875e+00 1.304305817779620291e+00
-2.198227514538780181e+00 3.529622288090463655e+01
3.490105770216621828e+00 1.207692883793827887e+00
2.407176182878864257e+00 2.134644628035317293e+00
2.549445678432802342e-01 1.103529371929500336e+01
2.455476586903170277e-01 1.112738420902232761e+01
9.392787595235165821e-01 6.123781867038797344e+00
-4.216937767422712646e-01 1.861722051314918502e+01
-1.654658505523463496e+00 3.167871326004934573e+01
2.798200427764664155e+00 1.613104219220860003e+00
2.115000479269403932e+00 2.364465166971602361e+00
-2.125659493459732818e-01 1.596842864634416159e+01
2.679171317068599900e-01 1.101526903535246404e+01
-1.465385021177249003e+00 3.029473246201045100e+01
4.034471399641436085e-01 9.837955388390586364e+00
1.214353754699976973e+00 4.782482256761454664e+00
2.324905248191654561e+00 2.240873981143257421e+00
-1.869216259882758191e+00 3.297503809340449266e+01
1.185232617729375049e+00 5.148342804932582339e+00
-1.768224902879283189e-01 1.580956147223969310e+01
-3.280235068111679642e+00 4.032230613713132072e+01
3.286146850616855186e+00 1.232731838624613108e+00
-7.636788429695412495e-02 1.456312952340635825e+01
-1.746496735554355473e+00 3.255757944588224717e+01
2.345306095341144648e+00 2.204258840891648585e+00
1.075767727945239782e+00 5.276941110391902612e+00
-1.948321879151233560e+00 3.336342625878962309e+01
-1.443841110917570836e-01 1.500438378592229860e+01
8.869759287491185695e-01 6.446619082009451773e+00
-4.216937767422712646e-01 1.861722051314918502e+01
3.828509275035790971e+00 9.886677256842177908e-01
-1.117726025109451848e+00 2.624310328225980626e+01
2.609669620823417802e+00 1.828569594168679258e+00
1.387194602500064100e+00 4.029744119027992788e+00
6.600123113364603222e-01 7.653841148806469263e+00
4.937638308678655719e-01 8.713864562646012502e+00
-3.180518257064026244e+00 3.850304257749899506e+01
-3.234583673472821275e+00 3.990069163787646289e+01
2.744859117577783003e+00 1.738481971616938848e+00
1.802887325352238723e-01 1.161130491853498015e+01
-1.530860116780648150e+00 3.065807257940699060e+01
2.423630532745544741e+00 2.109998087217368923e+00
4.839192391462129983e+00 7.483414791191005389e-01
2.137120332906822018e+00 2.332125960879328552e+00
1.075767727945239782e+00 5.276941110391902612e+00
-1.742304523534622840e+00 3.229211225996022705e+01
-1.735421587637712149e+00 3.223903455680634522e+01
-1.224822475969281621e+00 2.768662643294037551e+01
2.122691005770621919e-01 1.142296791299908065e+01
3.231139873635454407e+00 1.329402503984018713e+00
-5.507835791474844367e-01 2.007527335538462054e+01
2.045535223012841186e+00 2.642202885081938124e+00
2.220899493115375822e+00 2.309521105351872716e+00
4.779350870089341896e+00 7.774087615745164381e-01
3.748942866430697851e+00 1.037332142647926725e+00
6.976259439283586161e+00 3.809810454375750499e-01
-2.278951256041146678e+00 3.595074772412787212e+01
-2.374235311138103821e+00 3.599832760052136393e+01
5.342500555443381316e+00 6.605694676455017289e-01
3.123438180413758314e+00 1.356177377782820548e+00
-1.957374270213381839e+00 3.340880465237128050e+01
2.695445068281633105e+00 1.784710405628021412e+00
4.064434571038766819e+00 9.373059883618249932e-01
2.643005884546785200e+00 1.798923220753410934e+00
6.749612762202367833e+00 4.161112707215716133e-01
6.171173532635129355e+00 4.958628074783432149e-01
6.600123113364603222e-01 7.653841148806469263e+00
2.253932441128272401e+00 2.282359803788284847e+00
4.574640137085008718e+00 7.975302391765638488e-01
6.646619202680372318e+00 4.239566384524776077e-01
7.648737846706622712e+00 2.929201343133994717e-01
2.706987220797585803e+00 1.754156046678180925e+00
6.106637174303588544e+00 5.155560850247492555e-01
-1.529024563323456043e+00 3.063200164442386253e+01
-2.892324078095432238e+00 3.833347601148764028e+01
4.251527646422586848e+00 8.919379359257975093e-01
2.345306095341144648e+00 2.204258840891648585e+00
-1.364767941186206257e-01 1.500421555912050131e+01
6.540346078656126494e+00 4.573570936484976368e-01
-1.234384187029349683e-01 1.496785066884642390e+01
6.401131913959259734e+00 4.735499119994517336e-01
7.211504766844634595e+00 3.458499814488686930e-01
7.560065176691084687e+00 3.156777819129599205e-01
4.458745479270859846e+00 8.187602097263172451e-01
5.224255895773135094e+00 6.856435945431895718e-01
5.864149054992491727e+00 5.792069026437862700e-01
4.955327814031728728e+00 7.222575701610642884e-01
3.981915077410414838e+00 9.601703710569698957e-01
4.296198419813351599e+00 8.682820683664715933e-01
-1.682012205189680754e-01 1.577658188030935449e+01
3.587473628369765244e+00 1.091571866937499635e+00
4.138895709002545331e+00 9.155139951725240754e-01
-1.540886342942706655e+00 3.068976476655235430e+01
2.469924066412635177e+00 2.078761023707394795e+00
6.012777085847146097e+00 5.340373770040035550e-01
7.478313724710226040e+00 3.281157515617177944e-01
5.711353509937875828e+00 5.918209153546081236e-01
5.901443949185301463e+00 5.577013833155600731e-01
-2.467815255084872206e+00 3.674506777354281439e+01
-2.447407619135742340e+00 3.671545715377320107e+01
-6.188852159351951876e-01 2.084932699041607762e+01
5.469124269561708829e+00 6.330071300575593751e-01
4.337287706611441251e+00 8.586833337612292949e-01
3.894931398233115072e+00 9.707980351241213279e-01
5.411652788434671457e+00 6.388193195530825763e-01
3.653826788080317023e+00 1.064699869234293494e+00
3.748942866430697851e+00 1.037332142647926725e+00
2.253932441128272401e+00 2.282359803788284847e+00
1.317638145092693946e+01 3.784357128263846071e-02
3.653826788080317023e+00 1.064699869234293494e+00
4.372406850785988119e+00 8.392513797172429513e-01
8.127302988361178038e+00 2.673135119571393714e-01
7.801282183993389907e+00 2.753214098399718868e-01
3.329187906092526905e+00 1.210939898113808866e+00
3.529249322961307112e+00 1.097096530726597408e+00
5.516351893839338771e+00 6.094617948925606932e-01
4.208740546627764978e+00 9.050916635205986660e-01
1.437425509570413151e+00 3.727726867749082018e+00
8.849026100570442921e+00 1.899216008895694419e-01
-2.093406228260020097e+00 3.518572183767452799e+01
2.837243645623279686e+00 1.590836242386014732e+00
1.033526790634351933e+01 1.030928427667600067e-01
1.094801167963702504e+01 8.118333693960615161e-02
9.461579743418521815e+00 1.464848404609544186e-01
9.928089539501472771e+00 1.245049943247561186e-01
9.779616284351149602e+00 1.449422058356323040e-01
