0.000000000000000000e+00 2.262668557909372838e-02 8.901172712619649869e-04 5.189268467345230576e-03 1.073461489707179918e-03 8.901172712619649869e-04
0.000000000000000000e+00 2.262668557909372838e-02 1.965959705691140980e-01 5.703590345131392780e+01 3.827148042556800078e+00 2.110139522177564885e-04
0.000000000000000000e+00 2.262668557909372838e-02 9.558319148389736496e-04 4.896818486033138913e-03 1.073461489707179918e-03 9.558319148389736496e-04
0.000000000000000000e+00 1.092801686515678522e-03 8.704660009969770185e-01 5.141031132714064711e+01 3.827160797155778393e+00 9.540709897039310536e-03
0.000000000000000000e+00 1.092801686515678522e-03 1.913880073819783645e+00 4.306187555650034682e+01 3.776857783528301482e+00 2.110139522177564885e-04
0.000000000000000000e+00 1.092801686515678522e-03 1.392173037408381386e+00 4.705473305973812614e+01 3.876966429968693006e+00 2.110139522177564885e-04
0.000000000000000000e+00 1.092801686515678522e-03 1.413910830592190582e+00 4.687324469422117090e+01 3.826690466417997261e+00 9.540709897039310536e-03
0.000000000000000000e+00 3.704313765200279440e-01 1.592717274262555882e-01 5.358799893693041838e+01 3.877202093529904303e+00 2.110139522177564885e-04
0.000000000000000000e+00 1.092801686515678522e-03 4.306291131057549570e+00 3.289770969958193803e+01 8.879160377893587253e+00 9.540709897039310536e-03
0.000000000000000000e+00 2.262668557909372838e-02 2.183341786966488396e+00 4.251733391140589902e+01 2.827512009159547812e+00 2.110139522177564885e-04
0.000000000000000000e+00 1.092801686515678522e-03 4.525173656475447892e+00 3.217160910364307824e+01 8.702416453758573311e+00 9.540709897039310536e-03
0.000000000000000000e+00 2.262668557909372838e-02 4.415735008859591026e+00 3.326063597130023197e+01 6.860812940461214815e+00 2.377020460513788378e-04
0.000000000000000000e+00 3.269557901524119958e-01 1.767689909382016145e-01 5.340641782579130847e+01 4.864579018545954092e+00 2.110139522177564885e-04
0.000000000000000000e+00 3.486935833362209691e-01 1.063789390418222736e-01 5.540281020665778300e+01 3.676983518694342035e+00 2.110139522177564885e-04
0.000000000000000000e+00 1.761650140283771204e+00 5.615230736668109124e+00 2.908542656590517339e+01 6.497340543697147197e+00 2.110139522177564885e-04
0.000000000000000000e+00 1.739912347099963119e+00 6.416845271421689922e+00 2.781461726168011594e+01 6.352087596592257412e+00 2.110139522177564885e-04
0.000000000000000000e+00 2.116466193347340763e+00 8.102039093773086620e+00 2.128014279170919565e+01 5.935283151082988873e+00 9.959283690522840495e-04
0.000000000000000000e+00 2.262668557909372838e-02 2.116534768687817536e+00 4.324334525058438317e+01 2.785789582492860461e+00 2.110139522177564885e-04
0.000000000000000000e+00 1.674698967548537087e+00 4.427721622231818976e+00 2.835924627366267359e+01 6.933096456245260164e+00 2.377020460513788378e-04
0.000000000000000000e+00 1.092801686515678522e-03 3.487589645855745935e-01 5.576561975403053140e+01 3.827160797155778393e+00 2.377020460513788378e-04
0.000000000000000000e+00 1.092801686515678522e-03 4.525173656475447892e+00 5.424508162880681716e+00 3.562530309319092758e+00 7.430145473689043698e-03
0.000000000000000000e+00 1.957290278938047523e+00 5.695424344301179609e+00 2.690708811586286586e+01 6.569977534799618546e+00 9.540709897039310536e-03
0.000000000000000000e+00 2.182668242333688502e-01 6.014290509367063109e+00 3.071937835971549902e+01 6.860821629700728508e+00 9.542602139372528131e-03
0.000000000000000000e+00 2.227811223811790864e+00 4.813676851381651467e+00 2.835883075800947140e+01 4.984020559481726842e+00 9.634333559284065374e-03
0.000000000000000000e+00 2.205542217718901021e+00 3.056747368684997745e+00 1.982883378611255054e+01 3.814415582872221044e+00 5.025947986417602341e-03
0.000000000000000000e+00 4.436447876290276066e-02 4.379257192313430025e+00 5.632143298688444766e+00 1.805095090639405697e+01 5.936788699649452224e-03
0.000000000000000000e+00 2.227811223811790864e+00 7.686832923442627141e+00 2.073560297116093309e+01 3.623382599927298386e+00 1.216183339769360827e-01
0.000000000000000000e+00 3.486935833362209691e-01 1.448506078974793332e-01 5.395094036079422040e+01 3.877202093529904303e+00 2.110139522177564885e-04
0.000000000000000000e+00 2.262668557909372838e-02 4.488695850665557430e+00 5.424340104037823629e+00 2.771496066801624192e+00 1.734465461416361265e-01
0.000000000000000000e+00 2.116466193347340763e+00 5.214470057704245320e+00 2.944810050397695278e+01 2.475617449989580887e+00 5.857587746907261250e-01
0.000000000000000000e+00 2.262668557909372838e-02 4.488695850665557430e+00 9.654485148404173600e+00 8.251377408726623841e+00 1.893482307834062350e-01
0.000000000000000000e+00 1.092801686515678522e-03 2.227878202802155982e+00 4.910524496165547426e+00 3.447528965990106720e+00 6.094659502133684993e-03
0.000000000000000000e+00 2.116466193347340763e+00 8.309652473157413510e+00 1.964656819686557654e+01 6.671384981803436531e+00 9.959283690522840495e-04
0.000000000000000000e+00 1.935552485754239216e+00 3.679918841706452781e+00 2.472956924516634913e+01 8.037027410253003268e+00 7.774980916405362930e-01
0.000000000000000000e+00 2.262668557909372838e-02 2.116534768687817536e+00 8.227316809761434868e+00 6.716699703038936597e+00 1.885765936300594636e-01
0.000000000000000000e+00 2.161004205533120892e+00 5.134314685662881850e+00 2.781457880602777522e+01 2.535980786255371378e+00 8.571640940198406167e-01
0.000000000000000000e+00 1.935552485754239216e+00 3.679918841706452781e+00 2.472956924516634913e+01 8.037027410253003268e+00 7.774980916405362930e-01
0.000000000000000000e+00 2.227811223811790864e+00 4.573191388279774117e+00 2.091780020702842435e+01 7.728954048273283917e+00 1.497645284917316875e-03
0.000000000000000000e+00 3.050389875424673214e+00 4.252565098671092336e+00 2.273266939675664489e+01 3.939132256280076128e+00 2.214312990852456905e-03
0.000000000000000000e+00 2.227811223811790864e+00 7.686832923442627141e+00 2.109859924722689684e+01 3.623376586622814255e+00 1.216054427561768930e-01
0.000000000000000000e+00 1.092801686515678522e-03 3.052833782179564803e-01 5.649154638385911653e+01 3.727052302776889814e+00 2.377020460513788378e-04
0.000000000000000000e+00 2.182668242333688502e-01 6.014290509367063109e+00 3.090087649774848444e+01 6.860812940461214815e+00 9.540709897039310536e-03
0.000000000000000000e+00 1.092801686515678522e-03 4.488693235572464246e+00 5.528157649010464247e+00 3.894555450555091447e+00 7.422227626374231120e-03
0.000000000000000000e+00 1.092801686515678522e-03 3.052833782179564803e-01 5.649154638385911653e+01 3.727052302776889814e+00 2.377020460513788378e-04
0.000000000000000000e+00 2.262668557909372838e-02 2.205610793059377794e+00 8.019860537182236015e+00 8.750396353471892041e+00 1.894648690823090564e-01
0.000000000000000000e+00 4.436447876290276066e-02 3.136003073482029446e+00 6.462518323240330709e+00 4.723799277038263966e+00 7.409702330261456853e-03
0.000000000000000000e+00 1.092801686515678522e-03 2.205609196709266584e+00 4.910395144735471007e+00 2.634526177351873777e+00 6.109837853911007782e-03
0.000000000000000000e+00 1.092801686515678522e-03 3.192962717262357586e+00 6.670301643793529855e+00 1.460248628376739966e+01 7.116878447863728835e-03
0.000000000000000000e+00 2.262668557909372838e-02 4.452215429762573784e+00 9.654499536138574811e+00 8.795806778150394578e+00 1.893308538184643730e-01
0.000000000000000000e+00 4.436447876290276066e-02 3.078977090951048545e+00 6.877759636784404051e+00 1.605447138803125995e+01 1.501004325352275071e-01
0.000000000000000000e+00 2.227811223811790864e+00 4.653353209313732641e+00 2.146225775298222516e+01 7.605275756381419505e+00 1.482584006818539772e-03
0.000000000000000000e+00 1.965290310495598214e-01 4.087431752990243972e+00 5.632153742135872498e+00 7.847320475499991232e+00 7.972843060909774043e-03
0.000000000000000000e+00 2.094197187254450476e+00 8.621068309020751386e+00 1.692372938280898609e+01 6.614482659415096499e+00 3.604823961744609395e+00
0.000000000000000000e+00 2.262668557909372838e-02 4.269813325247659108e+00 6.151216785684499477e+00 6.052105319904108605e+00 8.002812135721204881e-03
0.000000000000000000e+00 1.092801686515678522e-03 3.164465291364554123e+00 6.877922586463621535e+00 1.569154950077889410e+01 6.050535079543403229e-03
0.000000000000000000e+00 1.092801686515678522e-03 4.525173656475447892e+00 8.976813811902470519e+00 6.945457949761247640e+00 7.945302244318526788e-03
0.000000000000000000e+00 2.262668557909372838e-02 3.078975056504523966e+00 7.085550233737216708e+00 1.696203646700976719e+01 1.500447397637436064e-01
0.000000000000000000e+00 2.262668557909372838e-02 3.107472482402327429e+00 6.981736553113708332e+00 1.623604391487783971e+01 1.500822554325604019e-01
0.000000000000000000e+00 6.610227194671179640e-02 2.993486839298995950e+00 7.189363628634035663e+00 1.641754205291082158e+01 2.941318646693694694e-01
0.000000000000000000e+00 2.262668557909372838e-02 2.161072780873597665e+00 4.269883880558173672e+01 2.827709903323902374e+00 2.110139522177564885e-04
0.000000000000000000e+00 4.436447876290276066e-02 2.161074370669891387e+00 7.708444615040265901e+00 5.719805311237049494e+00 8.035530461073863914e-03
0.000000000000000000e+00 2.262668557909372838e-02 4.452215429762573784e+00 5.631964338702630357e+00 4.890017325578116747e+00 1.886261155004264889e-01
0.000000000000000000e+00 1.092801686515678522e-03 2.205609196709266584e+00 4.830233323701509818e+00 3.176427016447253671e+00 6.103734445217627938e-03
0.000000000000000000e+00 2.183273211626010735e+00 7.894438183396208508e+00 1.982811228099604506e+01 6.251038333719768580e+00 1.220951326207006787e-03
0.000000000000000000e+00 2.262668557909372838e-02 2.094265762594927693e+00 5.311347431444736422e+00 1.603691755712575384e+00 2.770961380479299296e-01
0.000000000000000000e+00 2.262668557909372838e-02 2.205610793059377794e+00 2.882762649419612355e+00 1.912761816044819208e+00 1.085043804866761136e-01
0.000000000000000000e+00 2.269206682844730760e-02 2.005122417691525438e+00 3.568192076240089605e+00 9.977503660270947705e-01 1.085069416564993783e-01
0.000000000000000000e+00 2.262668557909372838e-02 2.964985352913306116e+00 4.509696095652564019e+00 3.448071878956390002e+00 6.094659502133684993e-03
0.000000000000000000e+00 2.205542217718901021e+00 2.932107968837733392e+00 1.982918223523363466e+01 4.102494217677344679e+00 1.287295329462525006e-01
0.000000000000000000e+00 1.761650140283771204e+00 5.855716199769984698e+00 2.854082944448827419e+01 6.497340543697147197e+00 2.110139522177564885e-04
0.000000000000000000e+00 2.262668557909372838e-02 3.135969908300132669e+00 6.566502517387129423e+00 1.514683044188296357e+01 7.107226826706938491e-03
0.000000000000000000e+00 2.262668557909372838e-02 4.488695850665557430e+00 5.320701473188521824e+00 2.771440166217673529e+00 7.437720022525148508e-03
0.000000000000000000e+00 2.183273211626010735e+00 7.998374088396942305e+00 2.019106261096452215e+01 6.040379486586174629e+00 3.634213276832835848e-02
0.000000000000000000e+00 1.092801686515678522e-03 4.488693235572464246e+00 5.424519186120100755e+00 3.894486002532949076e+00 7.426229599621183772e-03
0.000000000000000000e+00 2.262668557909372838e-02 4.488695850665557430e+00 9.383504355197958446e+00 5.681558636715386079e+00 7.933571394081975758e-03
0.000000000000000000e+00 2.262668557909372838e-02 4.342774167053625511e+00 5.943583965240451406e+00 8.208639939074835468e+00 7.947067258497223993e-03
0.000000000000000000e+00 4.436447876290276066e-02 3.079008221686421187e+00 6.981566326476570161e+00 1.714353460504274906e+01 4.381528009717307603e-01
0.000000000000000000e+00 2.227811223811790864e+00 2.994430094342919180e+00 2.037361393237478424e+01 4.103238826019421026e+00 4.228877860063129900e-03
0.000000000000000000e+00 1.092801686515678522e-03 2.183340190616375853e+00 4.910530682488508880e+00 3.040936619844149202e+00 6.105835513011830494e-03
0.000000000000000000e+00 2.262668557909372838e-02 4.488695850665557430e+00 9.383504355197958446e+00 6.042729579646754168e+00 1.894578298299218200e-01
0.000000000000000000e+00 4.436447876290276066e-02 3.050479665053244194e+00 6.877936854352890705e+00 6.383993925827421201e+00 3.691737550670894374e-01
0.000000000000000000e+00 1.092801686515678522e-03 3.192962717262357586e+00 6.566154800638653199e+00 1.460315552667451300e+01 7.126422437151037903e-03
0.000000000000000000e+00 2.262668557909372838e-02 3.164467334197935688e+00 6.566494954101369075e+00 1.423941512525843223e+01 7.145189320245941451e-03
0.000000000000000000e+00 1.313156514981368428e-01 4.233345818295827456e+00 5.632143298688444766e+00 6.548717636741806736e+00 5.497475365614276077e-01
0.000000000000000000e+00 2.262668557909372838e-02 3.107472482402327429e+00 6.877759636784404051e+00 6.218049848622038134e+00 8.002812135721204881e-03
0.000000000000000000e+00 2.262668557909372838e-02 2.183341786966488396e+00 7.389486051771981812e-01 1.833933145839481860e+00 8.379385423315401094e-02
0.000000000000000000e+00 2.227811223811790864e+00 4.573191388279774117e+00 2.309549569449936968e+01 3.203040957290819168e+00 7.536730446227765667e-02
0.000000000000000000e+00 1.092801686515678522e-03 4.306291131057549570e+00 6.151216785684499477e+00 8.569810882006203556e+00 7.933571394081975758e-03
0.000000000000000000e+00 4.442446180859253857e-02 3.107474516848853341e+00 6.877752501551524844e+00 1.569080540561469483e+01 6.050535079543403229e-03
0.000000000000000000e+00 2.262668557909372838e-02 3.107472482402327429e+00 6.566509794345057216e+00 1.550975085582189905e+01 1.748821533801868666e-01
0.000000000000000000e+00 2.262668557909372838e-02 4.488695850665557430e+00 9.383504355197958446e+00 6.042729579646754168e+00 7.959691796935560587e-03
0.000000000000000000e+00 3.107384727220281473e+00 4.172409001738722978e+00 2.218813652700535854e+01 3.938647407644544796e+00 2.226988762370240779e-03
0.000000000000000000e+00 3.021892449526868418e+00 4.172400369609619908e+00 2.273274471921309825e+01 3.834045107238676753e+00 2.233246708589746270e-03
0.000000000000000000e+00 2.262668557909372838e-02 2.161072780873597665e+00 1.840087930636849833e+00 1.397766318194991753e+00 8.379349507297767508e-02
0.000000000000000000e+00 4.436447876290276066e-02 1.805194218043660648e+00 2.320990750799860169e+00 1.878613807333121555e+00 4.702043824072256115e-03
0.000000000000000000e+00 2.262668557909372838e-02 3.107472482402327429e+00 6.981566326476570161e+00 1.696203646700976719e+01 1.500447397637436064e-01
0.000000000000000000e+00 2.262668557909372838e-02 2.116534768687817536e+00 1.936205749772331730e+00 5.257793707792937088e-01 3.631672978729773727e-03
0.000000000000000000e+00 1.761650140283771204e+00 5.855716199769984698e+00 2.835933130645529232e+01 6.569966268413253374e+00 2.110139522177564885e-04
0.000000000000000000e+00 2.262668557909372838e-02 3.107472482402327429e+00 6.670316484037217108e+00 1.514683044188296357e+01 1.748919130886247009e-01
0.000000000000000000e+00 2.262668557909372838e-02 4.488695850665557430e+00 9.789975545007283841e+00 7.706184308470789723e+00 1.893651711864266507e-01
0.000000000000000000e+00 2.262668557909372838e-02 4.488695850665557430e+00 9.654265794918003962e+00 7.888381132660660988e+00 7.867033153448976454e-03
0.000000000000000000e+00 2.262668557909372838e-02 2.049727750409147564e+00 1.984306562431127130e+00 1.718640342028267654e+00 4.702372573904673586e-03
0.000000000000000000e+00 1.092801686515678522e-03 2.205609196709266584e+00 4.990556965769428643e+00 2.499096189768358123e+00 1.416002344570152505e-01
0.000000000000000000e+00 4.436447876290276066e-02 2.138805364577001100e+00 9.214123908542345420e-01 5.978474116344557610e-01 1.897802077481876570e-01
0.000000000000000000e+00 4.436447876290276066e-02 2.183343376762781229e+00 4.910392034680023166e+00 4.667485448384353752e+00 3.394628612585241512e-01
0.000000000000000000e+00 2.262668557909372838e-02 2.205610793059377794e+00 4.910524496165547426e+00 4.531995051781249728e+00 1.734539498594008522e-01
0.000000000000000000e+00 6.610227194671179640e-02 4.415740206813527635e+00 5.528314852572848714e+00 8.028796925315960564e+00 1.885391341263924214e-01
0.000000000000000000e+00 1.092801686515678522e-03 2.964983310079924550e+00 4.589862214310466371e+00 3.583562275559500687e+00 1.734771989129287317e-01
0.000000000000000000e+00 4.436447876290276066e-02 2.161074370669891387e+00 4.990689519554035058e+00 4.803520237481139432e+00 3.394591167596395231e-01
0.000000000000000000e+00 4.436447876290276066e-02 2.183367703540159965e+00 2.944979370644372985e+00 2.433465468782264995e+00 6.124590494621765489e-03
0.000000000000000000e+00 1.092801686515678522e-03 4.525173656475447892e+00 9.654485148404173600e+00 1.623805995985393835e+01 5.016550922191595485e-03
0.000000000000000000e+00 2.205542217718901021e+00 3.056747368684997745e+00 1.982911951827583863e+01 3.814415582872221044e+00 5.025947986417602341e-03
0.000000000000000000e+00 2.138735199440230605e+00 3.243699052245200498e+00 2.255130585660727505e+01 4.141550084438073931e+00 3.427061849683639763e-03
0.000000000000000000e+00 6.610227194671179640e-02 2.094268935619389094e+00 3.194368108632390957e+00 2.848742414637000842e+00 1.416074454819181427e-01
0.000000000000000000e+00 2.262668557909372838e-02 3.021980204708914375e+00 1.262822082553102243e+00 8.372819074965369701e-01 3.631924594934231136e-03
0.000000000000000000e+00 2.227811223811790864e+00 2.869790694495655270e+00 2.073667292539854401e+01 4.246645895859986197e+00 1.093071702524711780e-01
0.000000000000000000e+00 2.183273211626010735e+00 4.733508760343744903e+00 2.672545845515897867e+01 6.642302811866036549e+00 3.748072921170193111e-02
0.000000000000000000e+00 2.138735199440230605e+00 4.973987833953620985e+00 2.981117210249936988e+01 2.535878018796231981e+00 5.857564971915436569e-01
0.000000000000000000e+00 2.262668557909372838e-02 2.049727750409147564e+00 2.032403724355478225e+00 1.638210814192292641e+00 4.702372573904673586e-03
0.000000000000000000e+00 2.262668557909372838e-02 3.164467334197935688e+00 6.670301643793529855e+00 1.369574076260762396e+01 1.749482172959360149e-01
0.000000000000000000e+00 3.050389875424673214e+00 4.332726919705049973e+00 2.073615142274150358e+01 3.647322402809959563e+00 3.435199114746509061e-03
0.000000000000000000e+00 2.262668557909372838e-02 3.164467334197935688e+00 6.566325012932495930e+00 1.423941512525843223e+01 7.145189320245941451e-03
0.000000000000000000e+00 2.262668557909372838e-02 4.488695850665557430e+00 5.320533414345662848e+00 2.906930562820784214e+00 7.433975523640549976e-03
0.000000000000000000e+00 1.092801686515678522e-03 2.138802178430595724e+00 5.231050458952702265e+00 1.603275800049046795e+00 6.115344841715077834e-03
0.000000000000000000e+00 8.784006513051878517e-02 2.116539518357955618e+00 3.069621188322462668e+00 2.641129035252674839e+00 1.416106572732040159e-01
0.000000000000000000e+00 2.262668557909372838e-02 2.049727750409147564e+00 3.443550360912231767e+00 3.056355794021326400e+00 1.416039717242120188e-01
0.000000000000000000e+00 2.227811223811790864e+00 7.479349006357469243e+00 1.837594185440559258e+01 6.739332619047883277e+00 2.019938313911544270e-01
0.000000000000000000e+00 2.161004205533120892e+00 7.998369845704075054e+00 2.000961041902902693e+01 6.355640817918332353e+00 3.633763872136240580e-02
0.000000000000000000e+00 1.957290278938047523e+00 3.492962397566487187e+00 2.491113010015712703e+01 2.152174153288952674e+00 3.443264822745008107e-03
0.000000000000000000e+00 2.227811223811790864e+00 2.932110394419289001e+00 2.055514368957252813e+01 4.246645895859986197e+00 4.220508231554010760e-03
0.000000000000000000e+00 2.262668557909372838e-02 3.164467334197935688e+00 6.669961490330813980e+00 1.351349745556950666e+01 7.172543546132010249e-03
0.000000000000000000e+00 2.262668557909372838e-02 4.452215429762573784e+00 9.654499536138574811e+00 8.795806778150394578e+00 1.893308538184643730e-01
0.000000000000000000e+00 6.610227194671179640e-02 2.993486839298995950e+00 7.189363628634035663e+00 1.641754205291082158e+01 2.941318646693694694e-01
0.000000000000000000e+00 2.262668557909372838e-02 4.488695850665557430e+00 9.518994751801070464e+00 5.681623894730263302e+00 7.926670202657252334e-03
0.000000000000000000e+00 2.262668557909372838e-02 4.452215429762573784e+00 9.789989932741679723e+00 6.765962074607974941e+00 1.894134063088105668e-01
0.000000000000000000e+00 8.784006513051878517e-02 4.379302360974331343e+00 9.518994751801070464e+00 7.488238257442341173e+00 7.891632532813237094e-03
0.000000000000000000e+00 2.262668557909372838e-02 3.107472482402327429e+00 6.566509794345057216e+00 1.532825271778892251e+01 3.426765993505502816e-01
0.000000000000000000e+00 4.436447876290276066e-02 4.415737613216412782e+00 5.528325875812259760e+00 1.786945276836107510e+01 5.946809676594026414e-03
0.000000000000000000e+00 1.092801686515678522e-03 4.525173656475447892e+00 9.112523561991743293e+00 6.764939339987405376e+00 1.894434402773047532e-01
0.000000000000000000e+00 4.436447876290276066e-02 3.107474516848853341e+00 6.877752501551524844e+00 1.623604391487783971e+01 6.023413110103104616e-03
0.000000000000000000e+00 2.262668557909372838e-02 2.205610793059377794e+00 8.019689004298541590e+00 8.569810882006203556e+00 7.933571394081975758e-03
0.000000000000000000e+00 2.205542217718901021e+00 2.932107968837733392e+00 2.019217851129959485e+01 4.103183277438686716e+00 1.287106486619125634e-01
0.000000000000000000e+00 2.138735199440230605e+00 5.054149654987579510e+00 2.182521663240389742e+01 2.657144736638028082e+00 3.467036579611369046e-03
0.000000000000000000e+00 2.161004205533120892e+00 5.054152864628924213e+00 2.146218243052577179e+01 2.657709315650051529e+00 9.183873982341619890e-02
0.000000000000000000e+00 1.892076899386622157e+00 3.804552862352204912e+00 2.291430213267323879e+01 4.017860385411288426e+00 9.178277243564632315e-02
0.000000000000000000e+00 2.262668557909372838e-02 2.205610793059377794e+00 3.007299070568003163e+00 2.122095586791858057e+00 4.694351691822226495e-03
0.000000000000000000e+00 4.436447876290276066e-02 4.379257192313430025e+00 5.735949988380610876e+00 1.768802901914169112e+01 1.500056519990513315e-01
0.000000000000000000e+00 4.436447876290276066e-02 1.848669804411277484e+00 2.320990509381044120e+00 2.039019919362087485e+00 4.700251964338894237e-03
0.000000000000000000e+00 1.313156514981368428e-01 1.443800329514406400e+00 1.322583591197142638e+00 4.532185824774183636e-01 6.514001100620099571e-02
0.000000000000000000e+00 1.092801686515678522e-03 2.071995160151925752e+00 3.381230660988600700e+00 3.056713922819225715e+00 1.416057414448257390e-01
0.000000000000000000e+00 2.262668557909372838e-02 3.135969908300132669e+00 6.566502517387129423e+00 1.514683044188296357e+01 1.748919130886247009e-01
0.000000000000000000e+00 1.092801686515678522e-03 2.205609196709266584e+00 4.990689519554035058e+00 4.531995051781249728e+00 7.441379241405285221e-03
0.000000000000000000e+00 2.205542217718901021e+00 2.932107968837733392e+00 2.037367664933257672e+01 3.814434154561749057e+00 5.016550922191595485e-03
0.000000000000000000e+00 2.262668557909372838e-02 4.488695850665557430e+00 5.216726724653497627e+00 5.055824418274261767e+00 7.400916501491892723e-03
0.000000000000000000e+00 2.262668557909372838e-02 4.488695850665557430e+00 5.320533414345662848e+00 4.723868219647425981e+00 7.405353168619779533e-03
0.000000000000000000e+00 2.262668557909372838e-02 4.488695850665557430e+00 9.789975545007283841e+00 7.888445631197919639e+00 1.893567553439423068e-01
0.000000000000000000e+00 1.092801686515678522e-03 4.525173656475447892e+00 9.654485148404173600e+00 7.306957855518307454e+00 1.893897705657909547e-01
0.000000000000000000e+00 2.262668557909372838e-02 4.488695850665557430e+00 9.248013958594853534e+00 6.945591141489288134e+00 7.930495430994112874e-03
0.000000000000000000e+00 2.262668557909372838e-02 3.107472482402327429e+00 6.981736553113708332e+00 1.623604391487783971e+01 1.500822554325604019e-01
0.000000000000000000e+00 2.183273211626010735e+00 3.119064619740480993e+00 2.472956924516634913e+01 2.256778121577703189e+00 3.427061849683639763e-03
0.000000000000000000e+00 2.227811223811790864e+00 2.932110394419289001e+00 2.055514368957252813e+01 4.247297668341879273e+00 4.220508231554010760e-03
0.000000000000000000e+00 1.313156514981368428e-01 1.426202520890248238e+00 6.342469248994541120e-01 2.935197241264358992e-01 5.204757812336643918e-02
0.000000000000000000e+00 2.262668557909372838e-02 2.205610793059377794e+00 7.604633778413584011e+00 6.881893305563043128e+00 7.997016531874227840e-03
0.000000000000000000e+00 1.913814692570430243e+00 5.855741125337650566e+00 1.946566445651063759e+01 3.671181265586547227e+00 4.186240331575035584e-03
0.000000000000000000e+00 2.116466193347340763e+00 5.294631878738202957e+00 1.873967190437870656e+01 4.534826163089194395e+00 4.168626998908236438e-03
0.000000000000000000e+00 2.907902745935651900e+00 7.375420818216086971e+00 1.982788255746984873e+01 6.040863911065738279e+00 2.143898072546856159e+00
0.000000000000000000e+00 2.262668557909372838e-02 2.183341786966488396e+00 9.214110328957586526e-01 1.024181912911335202e+00 2.822626215459748955e-03
0.000000000000000000e+00 1.092801686515678522e-03 3.487589645855745935e-01 1.262943781113172959e+00 2.317529984888952732e-01 8.676841894451783888e-02
0.000000000000000000e+00 3.021892449526868418e+00 4.172400369609619908e+00 2.273274471921309825e+01 3.834045107238676753e+00 2.233246708589746270e-03
0.000000000000000000e+00 8.784006513051878517e-02 4.342781947821434230e+00 9.925260756635536197e+00 7.525449355131955897e+00 7.875340695729756563e-03
0.000000000000000000e+00 1.935552485754239216e+00 5.695420928363499335e+00 1.892120849806402560e+01 3.958590793799365404e+00 1.092901949917805954e-01
0.000000000000000000e+00 1.313156514981368428e-01 1.478995946762724056e+00 1.103761123821207502e+00 2.217947584417568219e-03 1.167976733529207806e-01
0.000000000000000000e+00 1.092801686515678522e-03 1.413910830592190582e+00 4.687324469422117090e+01 3.826925133594567541e+00 9.540709897039310536e-03
0.000000000000000000e+00 1.092801686515678522e-03 1.392173037408381386e+00 4.705473305973812614e+01 3.876966429968693006e+00 2.110139522177564885e-04
0.000000000000000000e+00 2.116466193347340763e+00 5.134308236670283243e+00 2.255092784619269608e+01 3.097954111477208006e+00 7.538170571696201083e-02
0.000000000000000000e+00 2.161004205533120892e+00 5.054152864628924213e+00 2.218817498265769927e+01 1.837397430229056994e+00 3.474820010320691342e-03
0.000000000000000000e+00 2.262668557909372838e-02 3.164467334197935688e+00 6.669961490330813980e+00 1.369499559360249563e+01 1.749482172959360149e-01
0.000000000000000000e+00 2.262668557909372838e-02 3.135969908300132669e+00 6.670309207079294644e+00 1.369417868374590341e+01 7.172543546132010249e-03
0.000000000000000000e+00 8.784006513051878517e-02 2.116539518357955618e+00 3.069621188322462668e+00 2.641129035252674839e+00 6.120260670099773176e-03
0.000000000000000000e+00 1.313156514981368428e-01 1.426221880249604279e+00 1.359125076303508761e+00 5.031732345594614603e-02 1.169273638629789724e-01
0.000000000000000000e+00 2.138735199440230605e+00 8.413463357693530043e+00 1.746822379690793170e+01 3.028225070252841711e+00 4.150689579829547164e-03
0.000000000000000000e+00 2.262668557909372838e-02 4.488735631280122540e+00 9.654265794918003962e+00 7.306957855518307454e+00 1.893897705657909547e-01
0.000000000000000000e+00 1.092801686515678522e-03 2.138802178430595724e+00 5.231183280282985848e+00 1.604108844923902932e+00 6.115344841715077834e-03
0.000000000000000000e+00 1.092801686515678522e-03 2.183340190616375853e+00 4.990692503522469181e+00 4.802914635159244661e+00 3.394628612585241512e-01
0.000000000000000000e+00 1.092801686515678522e-03 2.116533172337706326e+00 5.311347431444736422e+00 1.603691755712575384e+00 1.416057414448257390e-01
0.000000000000000000e+00 1.313156514981368428e-01 1.267822243272819893e+00 9.477645465414141768e-01 3.433654410368083276e-01 2.170660504962362760e-03
0.000000000000000000e+00 4.436447876290276066e-02 1.826932011227469843e+00 2.369087856226596234e+00 2.039019919362087485e+00 1.085069416564993783e-01
0.000000000000000000e+00 2.262668557909372838e-02 4.488695850665557430e+00 9.383504355197958446e+00 6.765071465509490345e+00 1.894286334639803671e-01
0.000000000000000000e+00 2.262668557909372838e-02 4.452215429762573784e+00 9.789989932741679723e+00 6.765201441121250880e+00 7.915268275824331734e-03
0.000000000000000000e+00 2.094197187254450476e+00 5.054143146655532881e+00 2.291399755646638781e+01 3.203040773498125215e+00 7.537453606791999494e-02
0.000000000000000000e+00 2.262668557909372838e-02 2.094290046162008867e+00 1.067337553036673103e+00 4.054846007587820655e-01 2.819872280697389554e-03
0.000000000000000000e+00 2.262668557909372838e-02 2.116534768687817536e+00 5.231183280282985848e+00 3.583562275559500687e+00 1.734771989129287317e-01
0.000000000000000000e+00 1.313156514981368428e-01 1.426221880249604279e+00 1.359125076303508761e+00 5.031732345594614603e-02 2.073304001427470761e-02
0.000000000000000000e+00 3.050389875424673214e+00 6.856406593066717292e+00 1.783167816908256498e+01 7.481539017578795914e+00 2.893039623127993565e+00
0.000000000000000000e+00 2.161004205533120892e+00 5.054152864628924213e+00 2.146218243052577179e+01 2.657709315650051529e+00 9.183873982341619890e-02
0.000000000000000000e+00 2.262668557909372838e-02 4.452215429762573784e+00 9.789989932741679723e+00 6.765962074607974941e+00 1.894134063088105668e-01
0.000000000000000000e+00 2.262668557909372838e-02 4.452215429762573784e+00 9.789989932741679723e+00 6.765201441121250880e+00 7.915268275824331734e-03
0.000000000000000000e+00 2.262668557909372838e-02 4.488695850665557430e+00 9.789975545007283841e+00 7.888445631197919639e+00 1.893567553439423068e-01
0.000000000000000000e+00 2.262668557909372838e-02 2.183341786966488396e+00 1.647697492555803445e+00 5.256834078783786390e-01 6.514254797457619262e-02
0.000000000000000000e+00 2.071928181161560634e+00 3.430650527928754911e+00 2.255130585660727505e+01 3.894142914518404552e+00 3.443264822745008107e-03
0.000000000000000000e+00 2.182668242333688502e-01 6.014290509367063109e+00 3.090087649774848444e+01 6.860812940461214815e+00 2.377020460513788378e-04
0.000000000000000000e+00 3.078887301322476677e+00 6.856410319203129156e+00 1.765013462460026261e+01 7.481539017578795914e+00 2.893039623127993565e+00
0.000000000000000000e+00 2.262668557909372838e-02 4.415735008859591026e+00 5.735949988380610876e+00 4.890017325578116747e+00 7.391779498087863720e-03
0.000000000000000000e+00 8.784006513051878517e-02 4.379302360974331343e+00 9.518994751801070464e+00 7.488238257442341173e+00 7.891632532813237094e-03
0.000000000000000000e+00 2.262668557909372838e-02 2.116534768687817536e+00 8.435102188015541458e+00 5.554067608050115012e+00 8.019609731100862601e-03
0.000000000000000000e+00 1.957290278938047523e+00 3.617601797413751541e+00 2.327758414090249417e+01 3.894168207586375274e+00 9.177449083631898652e-02
0.000000000000000000e+00 2.262668557909372838e-02 2.183341786966488396e+00 7.389486051771981812e-01 1.833933145839481860e+00 3.632033199192757997e-03
0.000000000000000000e+00 2.262668557909372838e-02 3.078975056504523966e+00 6.981573177701074329e+00 1.750645649229511136e+01 1.500253941904229060e-01
0.000000000000000000e+00 1.092801686515678522e-03 2.071995160151925752e+00 3.443550360912231767e+00 2.952958055129879522e+00 6.115344841715077834e-03
0.000000000000000000e+00 1.313156514981368428e-01 4.233345818295827456e+00 5.632143298688444766e+00 6.548717636741806736e+00 5.497475365614276077e-01
0.000000000000000000e+00 2.262668557909372838e-02 4.415735008859591026e+00 5.632143298688444766e+00 4.889949283678042491e+00 7.396392041250430920e-03
0.000000000000000000e+00 2.262668557909372838e-02 4.488695850665557430e+00 5.216894783496355714e+00 5.055824418274261767e+00 7.400916501491892723e-03
0.000000000000000000e+00 2.161004205533120892e+00 5.134314685662881850e+00 2.164364211290641293e+01 2.162333241364510883e+00 4.150689579829547164e-03
0.000000000000000000e+00 2.262668557909372838e-02 4.488695850665557430e+00 5.528314852572848714e+00 8.028054467609155864e+00 7.953662660712571691e-03
0.000000000000000000e+00 1.313156514981368428e-01 1.461398138138565672e+00 6.627439030975988965e-01 7.463899147846961291e-02 8.846738587741956317e-02
0.000000000000000000e+00 8.784006513051878517e-02 4.342781947821434230e+00 9.925480329344791741e+00 7.525449355131955897e+00 7.875340695729756563e-03
0.000000000000000000e+00 4.436447876290276066e-02 2.183343376762781229e+00 4.910524496165547426e+00 4.667485448384353752e+00 3.394628612585241512e-01
0.000000000000000000e+00 2.182668242333688502e-01 6.014290509367063109e+00 3.071937835971549902e+01 6.860821629700728508e+00 9.542602139372528131e-03
0.000000000000000000e+00 1.092801686515678522e-03 4.525173656475447892e+00 5.320533414345662848e+00 8.027905946965679718e+00 7.966550206084676428e-03
0.000000000000000000e+00 1.092801686515678522e-03 4.488693235572464246e+00 5.528325875812259760e+00 8.027980452861003258e+00 7.960156857485080686e-03
0.000000000000000000e+00 2.094197187254450476e+00 5.054143146655532881e+00 2.708873690014978663e+01 3.011924120156046936e+00 1.193349490487264797e+00
0.000000000000000000e+00 2.262668557909372838e-02 2.138803774780707823e+00 8.331292198940973392e+00 5.554067608050115012e+00 8.019609731100862601e-03
0.000000000000000000e+00 1.092801686515678522e-03 3.164465291364554123e+00 6.566502517387129423e+00 1.514683044188296357e+01 7.107226826706938491e-03
0.000000000000000000e+00 1.092801686515678522e-03 4.342771551960532328e+00 5.943593830164970448e+00 8.389151395792371346e+00 7.947067258497223993e-03
0.000000000000000000e+00 2.262668557909372838e-02 2.205610793059377794e+00 1.551501247291614760e+00 5.256511438255002666e-01 2.822626215459748955e-03
0.000000000000000000e+00 4.436447876290276066e-02 2.161074370669891387e+00 9.214110328957586526e-01 5.980555194865460056e-01 2.821465933982872376e-03
0.000000000000000000e+00 8.784006513051878517e-02 2.138808524450845017e+00 2.882659670720739253e+00 2.744835105973496781e+00 6.121768804873205065e-03
0.000000000000000000e+00 2.027390168975780949e+00 3.492965030470232879e+00 2.491081289190418957e+01 2.152174337081647515e+00 3.435199114746509061e-03
0.000000000000000000e+00 2.227811223811790864e+00 7.479349006357469243e+00 1.837594185440559258e+01 6.739332619047883277e+00 2.019938313911544270e-01
0.000000000000000000e+00 2.227811223811790864e+00 7.790899937480517679e+00 1.837580704386548547e+01 6.739350661662575348e+00 5.185297085415507823e-02
0.000000000000000000e+00 1.092801686515678522e-03 2.205609196709266584e+00 1.791988978328858284e+00 1.317604497161030341e+00 8.379363936685270409e-02
0.000000000000000000e+00 2.161004205533120892e+00 3.181381847572834598e+00 2.454807110713336371e+01 2.256778277639178931e+00 9.179911892784202443e-02
0.000000000000000000e+00 2.205542217718901021e+00 7.894442262505966035e+00 1.964656819686557654e+01 6.250553972104719413e+00 1.220951326207006787e-03
0.000000000000000000e+00 2.262668557909372838e-02 2.161072780873597665e+00 4.269883880558173672e+01 2.827512009159547812e+00 2.110139522177564885e-04
0.000000000000000000e+00 2.262668557909372838e-02 2.183341786966488396e+00 7.916057994424591904e+00 5.719943643355422935e+00 8.025013633020947404e-03
0.000000000000000000e+00 2.262668557909372838e-02 2.116534768687817536e+00 3.194370089396079138e+00 2.848692227550916112e+00 6.118687424630711927e-03
0.000000000000000000e+00 1.313156514981368428e-01 1.461398138138565672e+00 1.140241977771671911e+00 1.465094333574728236e-01 2.068146854223028991e-02
0.000000000000000000e+00 2.138735199440230605e+00 7.894429909232712816e+00 2.000970069300559118e+01 6.671383883191240649e+00 1.207468903425312377e-03
0.000000000000000000e+00 3.050389875424673214e+00 6.856406593066717292e+00 1.783167816908256498e+01 7.481539017578795914e+00 2.893039623127993565e+00
0.000000000000000000e+00 2.227811223811790864e+00 4.733515030347689390e+00 2.073622780420600265e+01 7.605257713766727434e+00 1.497645284917316875e-03
0.000000000000000000e+00 2.262668557909372838e-02 3.135969908300132669e+00 6.670309207079294644e+00 1.369417868374590341e+01 7.172543546132010249e-03
0.000000000000000000e+00 2.262668557909372838e-02 3.164467334197935688e+00 6.669961490330813980e+00 1.351349745556950666e+01 7.172543546132010249e-03
0.000000000000000000e+00 6.610227194671179640e-02 4.415740206813527635e+00 5.528314852572848714e+00 8.028796925315960564e+00 1.885391341263924214e-01
0.000000000000000000e+00 1.092801686515678522e-03 1.748566191151064431e-01 1.377032612201281259e+00 5.245000134349317999e-01 1.278977269559459758e-03
0.000000000000000000e+00 1.092801686515678522e-03 2.116533172337706326e+00 9.943162271043759493e-01 2.065552999624885658e-02 5.026896954959996638e-02
0.000000000000000000e+00 4.436447876290276066e-02 2.027460334112550999e+00 3.381127052469765193e+00 9.977111201528002793e-01 4.700771720122749048e-03
0.000000000000000000e+00 2.116486560207482270e+00 5.214470057704245320e+00 2.944810050397695278e+01 2.535878018796231981e+00 5.857564971915436569e-01
0.000000000000000000e+00 2.138735199440230605e+00 4.973987833953620985e+00 2.981117210249936988e+01 2.535878018796231981e+00 5.857564971915436569e-01
0.000000000000000000e+00 1.935552485754239216e+00 5.535097286295579622e+00 2.708870003200464183e+01 6.715226537487003711e+00 9.540709897039310536e-03
0.000000000000000000e+00 4.436447876290276066e-02 2.183343376762781229e+00 2.882762649419612355e+00 2.641028416281336888e+00 6.123212017336289795e-03
0.000000000000000000e+00 1.913814692570430243e+00 5.855741125337650566e+00 1.946566445651063759e+01 3.671181265586547227e+00 4.186240331575035584e-03
0.000000000000000000e+00 2.227811223811790864e+00 2.932110394419289001e+00 2.019214741350656084e+01 4.103202440654744265e+00 1.287010708379777157e-01
0.000000000000000000e+00 2.262668557909372838e-02 4.342774167053625511e+00 5.839777275548285296e+00 8.389151395792371346e+00 1.885325387241855721e-01
0.000000000000000000e+00 2.161004205533120892e+00 5.054152864628924213e+00 2.218817498265769927e+01 1.732310768208139784e+00 9.184645364856737493e-02
0.000000000000000000e+00 4.436447876290276066e-02 2.161074370669891387e+00 9.212902951090780057e-01 8.369866437811235294e-01 6.514149672907362798e-02
0.000000000000000000e+00 2.269206682844730760e-02 1.913815917446407555e+00 3.630409570527810104e+00 9.172339885650215852e-01 1.085079332198206903e-01
0.000000000000000000e+00 2.116466193347340763e+00 5.134308236670283243e+00 2.236942970815971776e+01 3.203040024850100309e+00 7.538170571696201083e-02
0.000000000000000000e+00 6.610227194671179640e-02 4.415740206813527635e+00 9.383504355197958446e+00 6.765071465509490345e+00 1.894286334639803671e-01
0.000000000000000000e+00 2.262668557909372838e-02 4.452215429762573784e+00 9.519009139535464570e+00 5.681558636715386079e+00 7.933571394081975758e-03
0.000000000000000000e+00 4.436447876290276066e-02 2.138805364577001100e+00 5.070721680031333278e+00 4.125523861971924333e+00 1.734644185172589947e-01
0.000000000000000000e+00 4.436447876290276066e-02 2.161074370669891387e+00 7.708444615040265901e+00 5.720484030863823399e+00 8.035530461073863914e-03
0.000000000000000000e+00 2.262668557909372838e-02 2.094265762594927693e+00 5.311347431444736422e+00 1.603691755712575384e+00 2.770961380479299296e-01
0.000000000000000000e+00 1.092801686515678522e-03 2.116533172337706326e+00 5.311347431444736422e+00 1.603691755712575384e+00 1.416057414448257390e-01
0.000000000000000000e+00 2.262668557909372838e-02 4.379254587956607381e+00 5.632153742135872498e+00 5.553931072737428032e+00 1.886157919003546013e-01
0.000000000000000000e+00 4.436447876290276066e-02 1.848669804411277484e+00 2.369167795303202873e+00 1.878737244398744011e+00 4.700771720122749048e-03
0.000000000000000000e+00 2.205542217718901021e+00 2.932107968837733392e+00 2.037367664933257672e+01 3.814434154561749057e+00 5.016550922191595485e-03
0.000000000000000000e+00 2.262668557909372838e-02 2.116534768687817536e+00 3.194370089396079138e+00 2.848692227550916112e+00 6.118687424630711927e-03
0.000000000000000000e+00 2.262668557909372838e-02 2.049727750409147564e+00 3.443550360912231767e+00 2.952958055129879522e+00 6.115344841715077834e-03
0.000000000000000000e+00 2.262668557909372838e-02 2.138803774780707823e+00 5.150886177685995548e+00 3.990033465368819421e+00 1.734677392877097823e-01
0.000000000000000000e+00 2.262668557909372838e-02 2.993482778811110467e+00 7.396989562440212218e+00 9.472738239334626442e+00 1.894360892195813273e-01
0.000000000000000000e+00 2.205542217718901021e+00 2.994427668761367123e+00 2.073664182760551000e+01 4.391373723545651586e+00 4.203532970863427254e-03
0.000000000000000000e+00 1.092801686515678522e-03 2.116533172337706326e+00 9.943767112307068112e-01 6.875269192059985102e-02 5.026951285061933422e-02
0.000000000000000000e+00 1.092801686515678522e-03 2.227878202802155982e+00 2.321885350106926094e+00 5.881307798235496653e-01 8.379374562889549405e-02
0.000000000000000000e+00 2.071928181161560634e+00 3.430650527928754911e+00 2.255159158877056669e+01 3.894142914518404552e+00 3.443264822745008107e-03
0.000000000000000000e+00 2.262668557909372838e-02 2.138803774780707823e+00 5.151018911392981181e+00 4.125523861971924333e+00 1.734644185172589947e-01
0.000000000000000000e+00 8.784006513051878517e-02 3.705029524093735316e-01 8.544318034506036552e-01 3.208631560454748288e-01 4.553280139119120218e-02
0.000000000000000000e+00 4.436447876290276066e-02 2.138805364577001100e+00 9.214123908542345420e-01 5.978474116344557610e-01 2.821107977293293816e-03
0.000000000000000000e+00 2.262668557909372838e-02 2.183341786966488396e+00 9.214110328957586526e-01 8.995425130640714029e-01 6.514180044621437071e-02
0.000000000000000000e+00 1.092801686515678522e-03 2.183340190616375853e+00 1.647699282939443455e+00 5.879708437491336648e-01 2.822848050945708353e-03
0.000000000000000000e+00 2.262668557909372838e-02 2.205610793059377794e+00 3.007402049266875821e+00 1.912857440618085603e+00 1.085028087246223127e-01
0.000000000000000000e+00 2.262668557909372838e-02 2.161072780873597665e+00 1.840087930636849833e+00 1.237442676127072927e+00 8.379374733276293008e-02
0.000000000000000000e+00 4.436447876290276066e-02 2.094267352391220971e+00 9.578347849625437060e-01 1.649470157693040950e-01 5.027053868852569829e-02
0.000000000000000000e+00 4.436447876290276066e-02 2.964987387359831139e+00 7.396989562440212218e+00 5.554067608050115012e+00 8.019609731100862601e-03
0.000000000000000000e+00 2.262668557909372838e-02 4.488695850665557430e+00 5.216894783496355714e+00 4.723799277038263966e+00 7.409702330261456853e-03
0.000000000000000000e+00 2.262668557909372838e-02 3.270227296719662169e-01 9.120999682613057935e-01 1.966246374128624297e-01 9.926813462127770122e-04
0.000000000000000000e+00 4.436447876290276066e-02 4.379257192313430025e+00 5.632143298688444766e+00 1.805095090639405697e+01 5.936788699649452224e-03
0.000000000000000000e+00 2.262668557909372838e-02 2.183341786966488396e+00 1.647697492555803445e+00 4.633637079547452964e-01 2.822626215459748955e-03
0.000000000000000000e+00 2.262668557909372838e-02 4.452215429762573784e+00 5.631964338702630357e+00 4.890017325578116747e+00 1.886261155004264889e-01
0.000000000000000000e+00 1.313355325198448942e-01 1.426202520890248238e+00 1.286225006423525219e+00 6.936538333660146050e-01 6.514116585761628442e-02
0.000000000000000000e+00 1.092801686515678522e-03 4.525173656475447892e+00 5.320365074397246374e+00 7.847320475499991232e+00 1.885583145265981309e-01
0.000000000000000000e+00 1.965290310495598214e-01 4.087431752990243972e+00 5.632153742135872498e+00 7.847320475499991232e+00 7.972843060909774043e-03
0.000000000000000000e+00 1.935552485754239216e+00 5.535097286295579622e+00 2.708870003200464183e+01 6.715226537487003711e+00 9.540709897039310536e-03
0.000000000000000000e+00 1.313156514981368428e-01 3.351383861924080443e-01 4.612598410409375904e-01 1.530521545293157537e-01 3.524377006104651572e-02
0.000000000000000000e+00 2.227852073042989822e+00 4.653353209313732641e+00 2.055448530742233970e+01 7.728946187498466180e+00 4.340877590007524017e-02
0.000000000000000000e+00 2.262668557909372838e-02 2.116534768687817536e+00 5.150888637918745516e+00 4.125462652143709441e+00 7.455168669714204964e-03
0.000000000000000000e+00 2.262668557909372838e-02 4.139739024072002782e-01 8.688495405623255508e-01 1.621530817581248174e-01 2.326113872343154448e-02
0.000000000000000000e+00 2.269206682844730760e-02 2.005122417691525438e+00 3.568192076240089605e+00 9.974345651765321730e-01 1.085069416564993783e-01
0.000000000000000000e+00 2.269206682844730760e-02 1.913815917446407555e+00 3.630409570527810104e+00 9.172339885650215852e-01 1.085079332198206903e-01
0.000000000000000000e+00 2.094197187254450476e+00 5.054143146655532881e+00 2.690723876211680832e+01 3.084547424973585361e+00 1.193349490487264797e+00
0.000000000000000000e+00 2.262668557909372838e-02 2.205610793059377794e+00 4.910524496165547426e+00 4.531995051781249728e+00 1.734539498594008522e-01
0.000000000000000000e+00 2.262668557909372838e-02 2.205610793059377794e+00 3.007299070568003163e+00 2.122095586791858057e+00 4.694351691822226495e-03
0.000000000000000000e+00 2.262668557909372838e-02 2.205610793059377794e+00 2.882762649419612355e+00 1.913165058589062273e+00 1.085043804866761136e-01
0.000000000000000000e+00 2.262668557909372838e-02 2.205610793059377794e+00 2.882762649419612355e+00 2.018188278128359325e+00 1.085036189839519299e-01
0.000000000000000000e+00 1.313156514981368428e-01 1.426202520890248238e+00 9.943816391996611603e-01 3.815968929786799080e-02 5.187143159950913240e-02
0.000000000000000000e+00 2.205542217718901021e+00 3.056747368684997745e+00 2.073603821942047531e+01 4.247331434633843550e+00 4.203532970863427254e-03
0.000000000000000000e+00 1.313355325198448942e-01 1.443800329514406400e+00 1.322583591197142638e+00 4.532185824774183636e-01 2.820311082567585840e-03
0.000000000000000000e+00 4.436447876290276066e-02 2.183367703540159965e+00 2.944979370644372985e+00 2.537272158474430661e+00 6.123212017336289795e-03
0.000000000000000000e+00 1.092801686515678522e-03 3.192962717262357586e+00 6.566325012932495930e+00 4.557855649029430190e+00 1.734222729482570446e-01
0.000000000000000000e+00 1.092801686515678522e-03 3.192962717262357586e+00 6.566494954101369075e+00 1.460315552667451300e+01 7.126422437151037903e-03
0.000000000000000000e+00 1.313156514981368428e-01 3.351383861924080443e-01 7.286683398002357093e-01 1.793834949821243308e-01 9.921326305419883671e-04
0.000000000000000000e+00 1.092801686515678522e-03 3.487589645855745935e-01 1.280184923543911113e+00 2.317663070312228069e-01 1.276731226855258019e-03
0.000000000000000000e+00 2.094197187254450476e+00 8.621068309020751386e+00 1.692372938280898609e+01 6.738186244374930745e+00 3.554777240041699038e+00
0.000000000000000000e+00 2.262668557909372838e-02 3.270227296719662169e-01 8.976798134023286080e-01 2.984884484857098230e-01 2.326222747362961460e-02
0.000000000000000000e+00 2.262668557909372838e-02 4.488695850665557430e+00 9.383504355197958446e+00 5.681558636715386079e+00 7.933571394081975758e-03
0.000000000000000000e+00 1.313156514981368428e-01 4.055296206890430244e-01 4.494962645084327191e-01 2.999404027657570637e-01 1.802387831825055103e-02
0.000000000000000000e+00 2.227811223811790864e+00 4.733515030347689390e+00 2.109894274192884112e+01 7.234159610162255838e+00 1.794274654062986930e-03
0.000000000000000000e+00 1.313555262970309556e-01 5.815270662899858500e-01 2.973465832601911996e-01 1.214886200118709819e-01 7.597508793474885835e-02
0.000000000000000000e+00 1.530534446819437899e-01 1.391008133892992493e+00 4.632149119684338956e-01 8.679811616541445451e-02 4.057002132653242388e-02
0.000000000000000000e+00 2.262668557909372838e-02 2.993482778811110467e+00 4.429529757265907364e+00 3.583562275559500687e+00 6.092222079389997616e-03
0.000000000000000000e+00 2.262668557909372838e-02 2.116534768687817536e+00 5.231183280282985848e+00 3.583562275559500687e+00 1.734771989129287317e-01
0.000000000000000000e+00 4.436447876290276066e-02 1.826932011227469843e+00 2.369087856226596234e+00 1.878696277294168882e+00 4.701243527660214049e-03
0.000000000000000000e+00 1.092801686515678522e-03 4.379251972863515974e+00 5.839777275548285296e+00 8.389151395792371346e+00 7.947067258497223993e-03
0.000000000000000000e+00 2.138735199440230605e+00 5.054149654987579510e+00 2.182521663240389742e+01 2.657144736638028082e+00 3.467036579611369046e-03
0.000000000000000000e+00 2.262668557909372838e-02 3.487605228557731363e-01 8.976823774480087170e-01 3.207713519154513637e-01 2.326328142253307474e-02
0.000000000000000000e+00 1.313156514981368428e-01 1.443800329514406400e+00 6.627441650671455076e-01 7.463840914427573303e-02 5.196661174763814173e-02
0.000000000000000000e+00 4.436447876290276066e-02 2.964987387359831139e+00 7.396989562440212218e+00 5.554067608050115012e+00 8.019609731100862601e-03
0.000000000000000000e+00 2.262668557909372838e-02 2.116534768687817536e+00 5.151021459249029100e+00 3.583501065731280022e+00 1.415850561052443279e-01
0.000000000000000000e+00 2.205542217718901021e+00 2.994427668761367123e+00 2.055514368957252813e+01 4.535415352986793103e+00 4.203532970863427254e-03
0.000000000000000000e+00 1.092801686515678522e-03 2.205609196709266584e+00 4.990556965769428643e+00 2.499096189768358123e+00 1.416002344570152505e-01
0.000000000000000000e+00 2.262668557909372838e-02 2.183341786966488396e+00 7.389486051771981812e-01 1.833933145839481860e+00 3.632033199192757997e-03
0.000000000000000000e+00 1.530534446819437899e-01 1.461399368389626696e+00 4.632141212168518485e-01 1.111878644769496438e-01 5.201918237788525495e-02
0.000000000000000000e+00 2.116466193347340763e+00 5.134308236670283243e+00 2.255092784619269608e+01 3.097954111477208006e+00 7.538170571696201083e-02
0.000000000000000000e+00 2.262668557909372838e-02 3.021980204708914375e+00 1.262822082553102243e+00 8.372819074965369701e-01 3.631924594934231136e-03
0.000000000000000000e+00 6.610227194671179640e-02 2.936491987503387247e+00 7.396989562440212218e+00 5.221361858449028226e+00 1.886157919003546013e-01
0.000000000000000000e+00 2.183273211626010735e+00 4.733508760343744903e+00 2.672574062408382645e+01 6.642302811866036549e+00 3.748072921170193111e-02
0.000000000000000000e+00 1.747912378657528187e-01 3.351408414468831642e-01 5.082669271459490101e-01 2.137678625451540360e-01 7.649696208743374031e-04
0.000000000000000000e+00 2.262668557909372838e-02 4.488695850665557430e+00 5.320533414345662848e+00 4.723868219647425981e+00 7.405353168619779533e-03
0.000000000000000000e+00 1.935552485754239216e+00 3.555279441859189316e+00 2.491113010015712703e+01 2.152174153288952674e+00 3.443264822745008107e-03
0.000000000000000000e+00 1.530534446819437899e-01 1.461399368389626696e+00 4.632141212168518485e-01 1.111878644769496438e-01 1.540404212627659829e-02
0.000000000000000000e+00 2.262668557909372838e-02 2.205610793059377794e+00 1.647695571140318949e+00 1.397376134314306295e+00 3.631926298805455804e-03
0.000000000000000000e+00 3.107384727220281473e+00 4.172409001738722978e+00 2.218813652700535854e+01 3.833560745623627586e+00 6.193525720163155224e-02
0.000000000000000000e+00 2.262668557909372838e-02 4.452215429762573784e+00 5.632132565504425870e+00 4.890017325578116747e+00 7.391779498087863720e-03
0.000000000000000000e+00 4.436447876290276066e-02 2.027460334112550999e+00 3.132055316835967940e+00 1.238037708770370005e+00 4.701243527660214049e-03
0.000000000000000000e+00 1.092801686515678522e-03 4.379251972863515974e+00 5.839777275548285296e+00 8.389151395792371346e+00 7.947067258497223993e-03
0.000000000000000000e+00 1.313156514981368428e-01 3.351383861924080443e-01 3.789839618137922361e-01 1.157760476457311144e-01 2.745367853414958786e-02
0.000000000000000000e+00 4.436447876290276066e-02 3.078977090951048545e+00 6.877759636784404051e+00 1.623596952606424182e+01 6.032549697208685648e-03
0.000000000000000000e+00 1.092801686515678522e-03 3.487589645855745935e-01 1.245702638682433916e+00 2.317396492732395341e-01 1.275539940915598053e-03
0.000000000000000000e+00 2.262668557909372838e-02 2.183341786966488396e+00 9.214110328957586526e-01 8.995425130640714029e-01 2.822100522580959971e-03
0.000000000000000000e+00 4.436447876290276066e-02 2.183367703540159965e+00 2.882762649419612355e+00 2.537221726589171666e+00 6.124590494621765489e-03
0.000000000000000000e+00 2.262668557909372838e-02 2.049727750409147564e+00 3.443550360912231767e+00 3.056355794021326400e+00 1.416039717242120188e-01
0.000000000000000000e+00 2.161004205533120892e+00 5.134314685662881850e+00 2.781457880602777522e+01 2.535980786255371378e+00 8.571640940198406167e-01
0.000000000000000000e+00 2.116486560207482270e+00 5.214470057704245320e+00 2.944810050397695278e+01 2.535878018796231981e+00 5.857564971915436569e-01
0.000000000000000000e+00 1.313156514981368428e-01 6.519183007866207191e-01 2.770223106543465708e-01 6.769489774509793723e-01 1.276731226855258019e-03
0.000000000000000000e+00 2.262668557909372838e-02 2.138803774780707823e+00 5.150886177685995548e+00 4.125523861971924333e+00 1.734644185172589947e-01
0.000000000000000000e+00 2.116466193347340763e+00 5.294631878738202957e+00 1.928416631847765217e+01 3.958630714881683499e+00 4.177473962111879872e-03
0.000000000000000000e+00 2.269206682844730760e-02 3.269570150283891974e-01 1.262914792042626910e+00 4.391603842527377899e-01 5.827382906516790501e-02
0.000000000000000000e+00 1.092801686515678522e-03 3.487589645855745935e-01 2.920090634327386359e-01 9.675098574174645361e-02 9.729663672525127108e-03
0.000000000000000000e+00 1.530534446819437899e-01 1.426203751141309262e+00 6.627441650671455076e-01 7.463840914427573303e-02 1.548619084465423928e-02
0.000000000000000000e+00 2.262668557909372838e-02 2.205610793059377794e+00 1.647695571140318949e+00 1.397376134314306295e+00 3.631926298805455804e-03
0.000000000000000000e+00 2.183273211626010735e+00 3.119064619740480993e+00 2.472956924516634913e+01 2.256778121577703189e+00 3.427061849683639763e-03
0.000000000000000000e+00 2.161004205533120892e+00 3.181381847572834598e+00 2.454807110713336371e+01 2.256778277639178931e+00 9.179911892784202443e-02
0.000000000000000000e+00 4.436447876290276066e-02 3.079008221686421187e+00 6.981566326476570161e+00 1.714353460504274906e+01 4.381528009717307603e-01
0.000000000000000000e+00 2.262668557909372838e-02 2.116534768687817536e+00 5.150888637918745516e+00 4.125462652143709441e+00 7.455168669714204964e-03
0.000000000000000000e+00 1.092801686515678522e-03 3.487589645855745935e-01 7.823185745305076821e-01 1.964676716321259453e-01 7.644915492947770451e-04
0.000000000000000000e+00 2.262668557909372838e-02 2.993482778811110467e+00 7.396989562440212218e+00 9.472738239334626442e+00 1.894360892195813273e-01
0.000000000000000000e+00 1.313156514981368428e-01 1.426202520890248238e+00 9.943816391996611603e-01 3.815968929786799080e-02 5.214338419602389252e-02
0.000000000000000000e+00 1.313555262970309556e-01 1.355811286393613146e+00 8.052314622991916249e-01 1.677567338311366585e-03 1.544526302372551362e-02
0.000000000000000000e+00 1.092801686515678522e-03 3.922345509531905416e-01 2.775939871088681232e-01 9.675737902395908918e-02 9.730042801983083620e-03
0.000000000000000000e+00 1.313156514981368428e-01 5.287142810581537677e-01 3.176717533006600536e-01 2.746624587106054685e-02 3.216421091991544107e-02
0.000000000000000000e+00 1.092801686515678522e-03 1.748566191151064431e-01 1.451860085101720765e-01 5.910816964347899438e-02 7.374464823018738943e-04
0.000000000000000000e+00 2.227811223811790864e+00 4.653353209313732641e+00 2.146225775298222516e+01 7.605842954013311896e+00 1.482584006818539772e-03
0.000000000000000000e+00 2.205542217718901021e+00 7.894442262505966035e+00 1.964656819686557654e+01 6.250553972104719413e+00 1.220951326207006787e-03
0.000000000000000000e+00 1.092801686515678522e-03 1.748566191151064431e-01 3.387619033759177722e-01 1.336043674681821336e-01 1.225377599977967372e-02
0.000000000000000000e+00 1.313156514981368428e-01 4.231274293132021302e-01 4.612488313308950594e-01 3.172036890449398960e-01 2.328177659564659510e-02
0.000000000000000000e+00 3.107384727220281473e+00 4.172409001738722978e+00 2.218813652700535854e+01 3.938647407644544796e+00 2.226988762370240779e-03
0.000000000000000000e+00 1.092801686515678522e-03 2.183322054827224468e-01 1.377010003976737673e+00 1.427425930908544083e-01 4.553280139119120218e-02
0.000000000000000000e+00 1.313156514981368428e-01 3.703340034407263670e-01 3.907186083142945576e-01 3.093733322242347983e-02 1.400039188624383271e-02
0.000000000000000000e+00 1.092801686515678522e-03 1.748566191151064431e-01 1.412228229449598027e+00 2.094706431803499969e-01 1.274927321840945088e-03
0.000000000000000000e+00 1.092801686515678522e-03 1.748566191151064431e-01 1.627838171343295726e-01 7.677230995967958271e-02 6.057228259403469846e-04
0.000000000000000000e+00 1.092801686515678522e-03 1.531188259312973865e-01 1.627802883744768059e-01 1.782602911010664204e-01 6.106003849869242727e-04
0.000000000000000000e+00 4.436447876290276066e-02 2.183367703540159965e+00 2.882762649419612355e+00 2.537221726589171666e+00 6.124590494621765489e-03
0.000000000000000000e+00 1.313156514981368428e-01 1.320615669145295712e+00 7.767335718950626466e-01 3.815614977488673842e-02 1.553876147490307336e-02
0.000000000000000000e+00 1.530534446819437899e-01 3.351396164434696234e-01 2.027425503962760334e-01 1.061529755820683069e-01 4.416520728062174410e-04
0.000000000000000000e+00 1.092801686515678522e-03 1.965944122989134180e-01 1.627873016190788669e-01 6.287568846807524425e-02 6.064343798944251502e-04
0.000000000000000000e+00 1.092801686515678522e-03 1.748566191151064431e-01 9.236307111073656373e-02 2.387468645937521061e-02 7.329559416655675487e-04
0.000000000000000000e+00 2.262668557909372838e-02 3.487605228557731363e-01 8.544219128710763833e-01 4.985739595335172414e-01 2.977296583872049429e-02
0.000000000000000000e+00 1.092801686515678522e-03 1.313810327474904116e-01 2.331089423157911289e-01 1.349425530309871502e-01 1.503075524396486375e-02
0.000000000000000000e+00 2.138735199440230605e+00 8.413463357693530043e+00 1.692372938280898609e+01 3.151905077482207940e+00 4.168626998908236438e-03
0.000000000000000000e+00 2.094197187254450476e+00 5.054143146655532881e+00 2.690723876211680832e+01 3.084547424973585361e+00 1.193349490487264797e+00
0.000000000000000000e+00 1.313156514981368428e-01 3.351577455517642523e-01 3.907348305091202789e-01 2.078191582957860176e-02 1.394779253719759596e-02
0.000000000000000000e+00 1.530534446819437899e-01 1.461399368389626696e+00 4.632141212168518485e-01 1.111878644769496438e-01 1.540404212627659829e-02
0.000000000000000000e+00 2.262668557909372838e-02 4.452215429762573784e+00 5.631964338702630357e+00 4.890017325578116747e+00 7.391779498087863720e-03
0.000000000000000000e+00 1.092801686515678522e-03 1.531188259312973865e-01 2.683671401194284156e-01 1.506732885764482111e-02 1.971099705361135934e-02
0.000000000000000000e+00 2.262668557909372838e-02 4.415735008859591026e+00 5.632143298688444766e+00 4.889949283678042491e+00 7.396392041250430920e-03
0.000000000000000000e+00 2.269206682844730760e-02 1.095790831903050572e-01 3.211275041875367164e-01 1.954271821665471212e-02 6.085395765079340113e-04
0.000000000000000000e+00 1.092801686515678522e-03 1.748566191151064431e-01 1.627838171343295726e-01 6.381075463044627756e-03 7.356680498723839777e-04
0.000000000000000000e+00 1.092801686515678522e-03 1.965944122989134180e-01 5.443801461304042556e-03 1.118129005748087629e-01 7.338658914179793571e-04
0.000000000000000000e+00 1.313156514981368428e-01 3.703340034407263670e-01 1.909934723720838889e-01 1.155105687911490014e-01 1.060651362422130629e-02
0.000000000000000000e+00 1.092801686515678522e-03 1.531188259312973865e-01 3.739539918643799976e-01 1.570775825374681467e-01 4.003925235283245987e-04
0.000000000000000000e+00 2.262668557909372838e-02 1.531203842014980665e-01 2.155772430068070566e-01 1.638816361393670151e-01 2.400095371702036171e-02
0.000000000000000000e+00 1.313156514981368428e-01 3.351577455517642523e-01 2.144718000791947243e-01 2.838315806250539877e-02 1.292921496946311012e-02
0.000000000000000000e+00 1.313156514981368428e-01 4.055296206890430244e-01 2.732332340785071367e-01 1.360712346620278623e-01 1.402063012925503817e-02
0.000000000000000000e+00 1.313156514981368428e-01 4.231274293132021302e-01 1.792477955611532503e-01 1.341476570211762032e-01 4.435349728031134941e-04
0.000000000000000000e+00 2.262668557909372838e-02 4.379254587956607381e+00 5.632153742135872498e+00 5.553931072737428032e+00 1.886157919003546013e-01
0.000000000000000000e+00 1.530933194808379305e-01 4.935198940608986895e-01 3.583283500298448110e-01 5.433098806016598004e-02 3.229931530575218951e-02
0.000000000000000000e+00 1.313156514981368428e-01 4.055296206890430244e-01 3.437582567132572153e-01 1.413797611536651150e-02 2.077249015672046062e-02
0.000000000000000000e+00 2.116466193347340763e+00 5.294631878738202957e+00 1.873967190437870656e+01 4.534826163089194395e+00 4.168626998908236438e-03
0.000000000000000000e+00 1.092801686515678522e-03 1.748566191151064431e-01 1.377032612201281259e+00 5.245000134349317999e-01 1.278977269559459758e-03
0.000000000000000000e+00 1.092801686515678522e-03 1.531188259312973865e-01 2.155442139113270261e-01 1.637828627489430200e-01 4.986727259203574880e-04
0.000000000000000000e+00 1.092801686515678522e-03 1.748566191151064431e-01 9.236307111073656373e-02 2.387468645937521061e-02 3.592857318998386729e-02
0.000000000000000000e+00 1.092801686515678522e-03 1.531663811622223925e-01 3.739539918643799976e-01 6.310744931425177340e-02 5.002913272382392574e-04
0.000000000000000000e+00 1.092801686515678522e-03 1.531188259312973865e-01 2.155737142469526246e-01 1.639156313342179094e-01 2.400041011657650172e-02
0.000000000000000000e+00 2.116466193347340763e+00 8.309652473157413510e+00 1.964656819686557654e+01 6.671384981803436531e+00 9.959283690522840495e-04
0.000000000000000000e+00 2.138735199440230605e+00 7.894429909232712816e+00 2.000970069300559118e+01 6.671383883191240649e+00 1.207468903425312377e-03
0.000000000000000000e+00 2.262668557909372838e-02 4.488695850665557430e+00 9.383504355197958446e+00 6.765071465509490345e+00 1.894286334639803671e-01
0.000000000000000000e+00 1.313156514981368428e-01 3.527361948165672056e-01 1.439684051918450614e-01 5.140699554444474366e-04 4.472808595565713925e-03
0.000000000000000000e+00 1.313156514981368428e-01 3.527361948165672056e-01 1.909718799731584538e-01 1.527230089104368305e-01 3.093659856293004551e-02
0.000000000000000000e+00 1.313156514981368428e-01 3.879511714242400711e-01 3.554875869931281573e-01 9.545379685103590195e-02 5.898283575802024592e-04
0.000000000000000000e+00 1.092801686515678522e-03 1.531188259312973865e-01 3.387583746160633957e-01 1.335960563096234566e-01 1.225326100958266939e-02
0.000000000000000000e+00 1.530933194808379305e-01 4.935198940608986895e-01 3.583283500298448110e-01 4.089928464575974532e-02 1.885902101695237712e-02
0.000000000000000000e+00 1.313156514981368428e-01 5.287142810581537677e-01 3.176717533006600536e-01 2.746624587106054685e-02 3.216421091991544107e-02
0.000000000000000000e+00 1.313156514981368428e-01 1.320615669145295712e+00 7.767335718950626466e-01 3.815614977488673842e-02 1.553876147490307336e-02
0.000000000000000000e+00 1.291254619826548086e-03 2.262668557909372838e-02 5.407838579360856046e-03 7.627675233095362883e-03 8.901172712619649869e-04
0.000000000000000000e+00 1.530933194808379305e-01 4.935198940608986895e-01 3.583283500298448110e-01 4.089928464575974532e-02 1.885902101695237712e-02
0.000000000000000000e+00 1.313156514981368428e-01 3.527361948165672056e-01 1.909718799731584538e-01 1.434559053486974822e-01 2.077174808068301542e-02
0.000000000000000000e+00 1.141823646555060285e-03 1.173181201448080142e-03 2.227810298085906859e-01 2.388947793884206583e-02 1.832799936170348074e-02
0.000000000000000000e+00 1.092801686515678522e-03 1.748566191151064431e-01 9.236307111073656373e-02 6.276877835216057924e-03 7.320400923971376751e-04
0.000000000000000000e+00 1.530534446819437899e-01 3.351396164434696234e-01 5.082255109785920322e-01 2.137568344605086934e-01 7.644915492947770451e-04
0.000000000000000000e+00 1.313156514981368428e-01 3.351383861924080443e-01 4.730107097362662438e-01 1.396291556694776725e-01 1.800262763030838209e-02
0.000000000000000000e+00 1.092801686515678522e-03 1.531188259312973865e-01 3.211605659919042344e-01 1.335877280691935565e-01 5.018732136499049618e-04
0.000000000000000000e+00 1.530534446819437899e-01 3.351590093658419756e-01 4.024875164890681090e-01 4.439004465472273114e-04 1.394779253719759596e-02
0.000000000000000000e+00 4.436447876290276066e-02 2.161074370669891387e+00 9.214110328957586526e-01 5.980555194865460056e-01 2.821465933982872376e-03
0.000000000000000000e+00 1.092801686515678522e-03 1.531188259312973865e-01 2.713649103747979227e-02 7.674990942979601979e-03 8.984912912969966834e-04
0.000000000000000000e+00 2.227811223811790864e+00 7.790899937480517679e+00 1.837580704386548547e+01 6.739350661662575348e+00 5.185297085415507823e-02
0.000000000000000000e+00 4.436447876290276066e-02 3.270242815446835483e-01 8.976823774480087170e-01 2.985023458225607440e-01 2.326275880785907968e-02
0.000000000000000000e+00 1.261305992118845302e-03 8.784006513051878517e-02 5.421733815267270988e-03 7.675988710706737293e-03 8.937491181483686901e-04
0.000000000000000000e+00 1.092801686515678522e-03 2.271572880413281342e-02 2.703648075738130860e-02 2.944578004644039793e-02 8.925456451359593162e-04
0.000000000000000000e+00 1.173181201448080142e-03 2.262668557909372838e-02 9.235901131459492430e-02 2.942982779209259159e-02 8.961345737250833200e-04
0.000000000000000000e+00 1.092801686515678522e-03 2.269206682844730760e-02 9.228627794626143022e-02 7.498795682566881428e-03 9.350521809648149833e-04
0.000000000000000000e+00 1.092801686515678522e-03 2.269206682844730760e-02 2.648840010368659625e-02 9.377280264325761616e-02 8.961345737250833200e-04
