1.362684685116199468e+01 1.658937126754349289e-02
6.564525176258036332e+00 3.820635154075699091e+01
1.302299104217161663e+01 1.660245652884536141e-02
1.140666966462776166e+01 2.588662966827556811e-02
1.230999883903735892e+01 1.771609976205609088e-02
9.894581323184448607e+00 4.495454555726792478e-02
1.033586126035555708e+01 3.641548607389646919e-02
1.076112944816313366e+01 3.548743640831011903e-02
1.265942605881090444e+01 1.670995119179395985e-02
1.048016412276340503e+01 3.571345243218713300e-02
1.106601701771019464e+01 2.699210889407948830e-02
1.235463070968337007e+01 1.690555883629754619e-02
1.265942605881090444e+01 1.670995119179395985e-02
1.139130933724211125e+01 2.614967769769355882e-02
1.110440843888658335e+01 2.633654690102429224e-02
1.069111712034266759e+01 3.564683596896234957e-02
6.574284312946241826e+00 3.079696923010536480e+01
6.573821242469803927e+00 3.204739070592493277e+01
6.567891709396449507e+00 3.455509407048072745e+01
6.568009156148300498e+00 3.392827963609600062e+01
6.567584310025471162e+00 3.584424365611070584e+01
6.567637200759889993e+00 3.502210817052196745e+01
6.577281118576816077e+00 2.920577261052027396e+01
9.633042548468333521e+00 5.432763971842161088e-02
6.565502235545021215e+00 3.719796316978927564e+01
6.571000512363173840e+00 3.290797463073398177e+01
6.575274717370018784e+00 2.991750327587837432e+01
6.575581497596670211e+00 2.968844484801786621e+01
6.574789239959667242e+00 3.061545030746573204e+01
6.564838937122428497e+00 3.756318351516424769e+01
9.447783019782049152e+00 5.666607364623613835e-02
6.565670254635993075e+00 3.681436283260388365e+01
9.721930901419986171e+00 5.430043211338599768e-02
1.037096245296948105e+01 3.586021167603449522e-02
6.572826757482768123e+00 3.236407275337031564e+01
9.833118575190825439e+00 4.624779975990331304e-02
9.353080562380032603e+00 6.336432330725773332e-02
6.615717766432484659e+00 2.068169926077384346e+01
6.568870203066835778e+00 3.347577637037238674e+01
8.811625111538649691e+00 8.248693164602122208e-02
6.649577722970617444e+00 1.588977779892429076e+01
6.649822244053591902e+00 1.539583524090539690e+01
9.743665254267392939e+00 5.407984512613814992e-02
6.567637200759889993e+00 3.502210817052196745e+01
6.678007997076517377e+00 1.210057418370450577e+01
9.581206726808781937e+00 5.432948128369172874e-02
9.496435029704146658e+00 5.462754017796610240e-02
8.892391591504550163e+00 8.235794275627152106e-02
6.634468842853844528e+00 1.770541369369255946e+01
9.279839991823051193e+00 6.360603389305458100e-02
9.353080562380032603e+00 6.336432330725773332e-02
6.676728585906153590e+00 1.248584541508609114e+01
6.604782955954425105e+00 2.239643015624147537e+01
6.757746102338348493e+00 5.644636164818686019e+00
6.702853369854956611e+00 9.749345782298224350e+00
6.631851488498877956e+00 1.806855540258715109e+01
8.312456086565065405e+00 1.127370521181253055e-01
8.380090267683081962e+00 1.085138239658775400e-01
6.565258075443034080e+00 3.755967205811222698e+01
6.679319766030751282e+00 1.171528916842229684e+01
6.720809681708501238e+00 8.451190771858136941e+00
6.616220059500333761e+00 2.038488349563530733e+01
6.631248889498714938e+00 1.841854132779000253e+01
6.631851488498877956e+00 1.806855540258715109e+01
6.739402187169872604e+00 6.772864794236825858e+00
6.569796786753728135e+00 3.323840772357763029e+01
9.150061514664612261e+00 6.996585821350675971e-02
6.586429985746772964e+00 2.654380393546912131e+01
9.087911653666038703e+00 7.297644523969004648e-02
6.700015357516625691e+00 9.891012672661771532e+00
6.570735418357751101e+00 3.309726793334597517e+01
6.577729838945140628e+00 2.892446928777961901e+01
6.738846328565552213e+00 7.088841923443042425e+00
6.678601762305960143e+00 1.203062617130625966e+01
6.768052747351934961e+00 5.296074482877767942e+00
6.756417655774901831e+00 5.897377385346533885e+00
6.618225096971849908e+00 2.008490955972550651e+01
6.593770279764099129e+00 2.460820289968193464e+01
6.617880875333625568e+00 2.033279454046213885e+01
8.925251601425779668e+00 7.770862483910283280e-02
6.784226187770603822e+00 4.433716176588787583e+00
8.982384115541211855e+00 7.762950100542857779e-02
9.230655453117561748e+00 6.398914112467674054e-02
6.572953851769125500e+00 3.225108593342928032e+01
6.588465469621547221e+00 2.613062198856969331e+01
6.736730841596312302e+00 7.297350776053931121e+00
6.582279399024315580e+00 2.763021985439069184e+01
6.583008727230690305e+00 2.734035272005785444e+01
6.699500038974935734e+00 1.007022661330602986e+01
6.663771301506140610e+00 1.370729708477539432e+01
9.581206726808781937e+00 5.432948128369172874e-02
6.768569871332475785e+00 5.022322675252962831e+00
6.604527117337231523e+00 2.267093016902508751e+01
6.609926090667891607e+00 2.150655044116750148e+01
6.676218522075998862e+00 1.271098892531425584e+01
6.600004082202562294e+00 2.337178660637893657e+01
6.566498481301098700e+00 3.653593328850683974e+01
9.056657633576437050e+00 7.322828929762051353e-02
9.467841089156959100e+00 5.522984437161729959e-02
6.614707402185487695e+00 2.088114991724612679e+01
9.265499682825259598e+00 6.390887979306709987e-02
6.586706137721647814e+00 2.636828035593487130e+01
6.666513154794730056e+00 1.351695237395064630e+01
6.602511480870855820e+00 2.292465276014081610e+01
6.593461358793121896e+00 2.485947668160219237e+01
6.609500840351016038e+00 2.172873705397153898e+01
8.492303049736234399e+00 1.029148075822000352e-01
9.028993680173281078e+00 7.449641615913230042e-02
6.587214746036728741e+00 2.628679847971567796e+01
6.638382833757376922e+00 1.742744271669067047e+01
6.565932901607198779e+00 3.657228206960811434e+01
6.596292325301107873e+00 2.407100071200726177e+01
6.595410768306697591e+00 2.417615003810194807e+01
6.569759051590670751e+00 3.343677379119893800e+01
6.810667070988650096e+00 3.344076416398799712e+00
6.598955819242754650e+00 2.360275393445542846e+01
6.689802566837387054e+00 1.077495805718434951e+01
6.743076268275682850e+00 6.619201067886625545e+00
6.692605122417362828e+00 1.056084873236826382e+01
6.721873806440659571e+00 8.228845464973456814e+00
6.676728585906153590e+00 1.248584541508609114e+01
6.566828691539972951e+00 3.631016959081910045e+01
6.705350565642564931e+00 9.539341341295642707e+00
6.578835503854275402e+00 2.881807356048688717e+01
6.737143667807687919e+00 7.089257469156478031e+00
6.683101918109066730e+00 1.139034487383814565e+01
6.712802382972376414e+00 8.888915822254087828e+00
6.575381329275871600e+00 2.990165204441571234e+01
9.872133773583055216e+00 4.538632155494051745e-02
6.680171021989936619e+00 1.167141649621452082e+01
8.510430600610355611e+00 1.026239277910009629e-01
6.650442472365686086e+00 1.536483762738439651e+01
6.730744767247369253e+00 7.706544475152901974e+00
6.567350248852587669e+00 3.594814191542724302e+01
6.579722348048291813e+00 2.844525414219714676e+01
6.726348365283776332e+00 7.985816219496447488e+00
6.780861051022636588e+00 4.559609362787532483e+00
6.573503107096401621e+00 3.206837493657150162e+01
8.413154991390278781e+00 1.071127663220527160e-01
6.627460517469811130e+00 1.892995113186892908e+01
6.647431738124921274e+00 1.614620660642580674e+01
6.766317854604533721e+00 5.446596448046538086e+00
6.643676013105020317e+00 1.666005232611366438e+01
6.821312386213283396e+00 3.108227959106555804e+00
6.629276710926220062e+00 1.860193554068855804e+01
8.992337698717019379e+00 7.457153275707639750e-02
6.588551080531760640e+00 2.599920541279450248e+01
6.715406045077051189e+00 8.822010269532478688e+00
6.663632919400556354e+00 1.390294683091743977e+01
6.768569871332475785e+00 5.022322675252962831e+00
6.769045473317548911e+00 4.830162289023369304e+00
6.567185721404438681e+00 3.605240078020688088e+01
6.607759153846494371e+00 2.200920918996586195e+01
8.610044978333526444e+00 9.320534947117248281e-02
6.602020356047407112e+00 2.309852098406466681e+01
8.738741972014102188e+00 8.407496006285743173e-02
8.635953428490514838e+00 9.279227270248720238e-02
6.579011328653093571e+00 2.866120856451390253e+01
6.628061788667981347e+00 1.878350437727550926e+01
6.628704316417280751e+00 1.874838401542198696e+01
6.655451064441621156e+00 1.469506558716155098e+01
6.637133898562836087e+00 1.760880537051928130e+01
6.598036785353302847e+00 2.370790490647998894e+01
6.597906069690353981e+00 2.386631574004127998e+01
6.596572135431908457e+00 2.393956940587323245e+01
6.931960703326179640e+00 1.299722586716948403e+00
6.589737965895976046e+00 2.566105680028021041e+01
6.589261566325235187e+00 2.579721759614220744e+01
6.586156188903264486e+00 2.670965011161328562e+01
6.590502027845864141e+00 2.555592016071242867e+01
6.923422261598403793e+00 1.350996602997572404e+00
6.574789239959667242e+00 3.061545030746573204e+01
6.699049738058776349e+00 1.017752080713215967e+01
6.706568866908649618e+00 9.295613120351788439e+00
6.643563139993269751e+00 1.681064944298800867e+01
6.727331488496469447e+00 7.865730188093174036e+00
6.590757539173262458e+00 2.543414908212020009e+01
6.621737493979598987e+00 1.970150030950849285e+01
1.034229911179792971e+01 3.632225872107433529e-02
6.606052158879712977e+00 2.229098918475430935e+01
6.647194497998268226e+00 1.625975234031903938e+01
6.650512081287667243e+00 1.518800989387477429e+01
6.622895913318401995e+00 1.964241046447305550e+01
6.752121951646986808e+00 6.028253753038323559e+00
6.649097516736469871e+00 1.602239546702454476e+01
9.209695657454091133e+00 6.400984811998047808e-02
6.671915257641838792e+00 1.315045498709595861e+01
7.104553164833919077e+00 6.271535762628162036e-01
7.690361574958465951e+00 2.017231836915534537e-01
6.724372725261751782e+00 8.058529075379643913e+00
8.397464167325354722e+00 1.078406049369479425e-01
8.600264312827389901e+00 9.336015793833886411e-02
6.751524674602423559e+00 6.177535736697666202e+00
8.218394737705084552e+00 1.217595665792533949e-01
6.580219010237797761e+00 2.830370806339629652e+01
8.708051486444347233e+00 8.464393733977410017e-02
9.087329319259149329e+00 7.299978002449709902e-02
6.595136492416463270e+00 2.430758124495730499e+01
8.577981250443681205e+00 9.386742984191079331e-02
9.848566082573078972e+00 4.565209523349378351e-02
7.577095308408285490e+00 2.316305472673203247e-01
6.708688000113538941e+00 9.136486330732553895e+00
8.435454347034093914e+00 1.056308758577733792e-01
6.612021313142080636e+00 2.114344035481574480e+01
6.611585765513193103e+00 2.130784453900810860e+01
6.639814931051272850e+00 1.725208590145395249e+01
6.625435566929822606e+00 1.923949433884848048e+01
6.600730723621000884e+00 2.322101932594142326e+01
6.582216101969932787e+00 2.768316390826601747e+01
6.680296568275920777e+00 1.150854314072223161e+01
7.119053385247720911e+00 5.974260057593900886e-01
6.683295829762313289e+00 1.122842427760175177e+01
7.266356249970064241e+00 3.939380977031795572e-01
6.611207977425011428e+00 2.143927515498535641e+01
6.766715820641094226e+00 5.328272257597318706e+00
6.759959875590577205e+00 5.535791654641863069e+00
6.588753281521405825e+00 2.593270799274531058e+01
6.787668275280688057e+00 4.286543796179988597e+00
6.607887948774028075e+00 2.186965846891085974e+01
6.842004617303325986e+00 2.565620938122600947e+00
6.580902471416095523e+00 2.804828476732682319e+01
6.580624980327393736e+00 2.820398256514616264e+01
8.167543855664032293e+00 1.227712710211684571e-01
9.496435029704146658e+00 5.462754017796610240e-02
7.560018301091389503e+00 2.424753357171473278e-01
6.600324330844689058e+00 2.334278629803819882e+01
6.604527117337231523e+00 2.267093016902508751e+01
6.815961203412500780e+00 3.234374475506279545e+00
6.985945217683988240e+00 9.746301267104077182e-01
6.668613778667844549e+00 1.322323395500495913e+01
6.666980981904260695e+00 1.336852736175172218e+01
6.754283585293435088e+00 5.940867251983140918e+00
6.797746664469092259e+00 3.945425063073271676e+00
6.751584053711250810e+00 6.102819831084159929e+00
8.742893278133447410e+00 8.354620504429020877e-02
6.660463390038835918e+00 1.406560801492937607e+01
6.694523703305206297e+00 1.049329619375443556e+01
6.938427836758529921e+00 1.246021488425101520e+00
6.798651076195371346e+00 3.836061909044555573e+00
6.688727176222995396e+00 1.084912826540235464e+01
6.688087664134204857e+00 1.099702731077353768e+01
8.464330417695780540e+00 1.029583856690882981e-01
6.773708589333939045e+00 4.635521089896916358e+00
6.666980981904260695e+00 1.336852736175172218e+01
9.038253246140968145e+00 7.326750046303051600e-02
6.603396756331110673e+00 2.281951423935838363e+01
8.530801665435802761e+00 9.924798629901694647e-02
6.623223369514127157e+00 1.953247838364996625e+01
7.775818401177143180e+00 1.811672183889570520e-01
6.705696947383374074e+00 9.439658918249859809e+00
7.956840068361702656e+00 1.577033558190329421e-01
1.036882325952732842e+01 3.590288793679829310e-02
6.592696161540961164e+00 2.508191537739401511e+01
6.607061417713739893e+00 2.205933122697291893e+01
7.486668006228437200e+00 2.679374126414891255e-01
7.201450490245746572e+00 4.894775690927434253e-01
7.346732404153479834e+00 3.356312802779364279e-01
6.743053261637274254e+00 6.739137152351783122e+00
6.641665711672312788e+00 1.697522572508508176e+01
6.642534221745787448e+00 1.690110829369307410e+01
6.581637951142504050e+00 2.781174303888711208e+01
6.856084844578316684e+00 2.270806465688468556e+00
6.732309171366609668e+00 7.571591511867636903e+00
8.193954664501813312e+00 1.221772609515049401e-01
8.050722023192864896e+00 1.376357298548301078e-01
6.640218521175830446e+00 1.717845212905827168e+01
6.581395397175323403e+00 2.793351408126983060e+01
6.958895885337903486e+00 1.095368076477603481e+00
6.630935620793866114e+00 1.849217521178679746e+01
7.282756772706523662e+00 3.787637265492546645e-01
8.238949618672311459e+00 1.215437355356493304e-01
6.657205283694253239e+00 1.447534312471376339e+01
6.858319875579906189e+00 2.226238147735688955e+00
6.684572630631373968e+00 1.114744688797889793e+01
6.718460404176201273e+00 8.577737781733464573e+00
6.594569874869460335e+00 2.435026776445983998e+01
6.818260390516917901e+00 3.161700938650804815e+00
7.233035462320610343e+00 4.417170962086018893e-01
7.407537234188056097e+00 2.947549669262147232e-01
6.882026689727217317e+00 1.883738037940255294e+00
6.566949226095204040e+00 3.624789008018974812e+01
6.717042459507478469e+00 8.641343279739537309e+00
6.588997790547604261e+00 2.584259085448617554e+01
7.527307471379478088e+00 2.529956442130777416e-01
6.896566331124979854e+00 1.648558502400732984e+00
6.708317115548111609e+00 9.236168849152059934e+00
6.746045343605903355e+00 6.436901865264560207e+00
7.080131131335005712e+00 6.954442048011164612e-01
6.829621773316319810e+00 2.808404561468496041e+00
8.298990378951803137e+00 1.131183511752452686e-01
6.675602546821112426e+00 1.278463780232454816e+01
8.766715864175061768e+00 8.349493920639526612e-02
6.649577722970617444e+00 1.588977779892429076e+01
6.710729793049959646e+00 9.012701330176559722e+00
7.978057198005852335e+00 1.482399214408072485e-01
6.592223356631162545e+00 2.519946289452703070e+01
6.646529076188477880e+00 1.637329716075493380e+01
6.673907557209908248e+00 1.300881146625623330e+01
6.611585765513193103e+00 2.130784453900810860e+01
6.682409735480097979e+00 1.144232133542947416e+01
6.619489089753805899e+00 1.991146438320640755e+01
6.607035721118538873e+00 2.215271741108637826e+01
6.593913606548686523e+00 2.454969247593293957e+01
6.648013293808970658e+00 1.605765849557174718e+01
7.049655435745754595e+00 7.321434685823978716e-01
8.207220982240862384e+00 1.221050115817465809e-01
6.869653010062559240e+00 2.059716332493637836e+00
6.592899094900870338e+00 2.495049928870800215e+01
6.674261278457360724e+00 1.294489263164916437e+01
6.822190916866589738e+00 2.980710457119834178e+00
6.872836794683927941e+00 1.945714937593371108e+00
7.992180253496603548e+00 1.482345880094458335e-01
6.913219161199551266e+00 1.497906048655382349e+00
6.860449089177735438e+00 2.154188352076263246e+00
1.232012701771238561e+01 1.763120119730980997e-02
6.646231468060899594e+00 1.645231033074626126e+01
6.825790307535562818e+00 2.914898813491252572e+00
6.581994839930579211e+00 2.779280202126767207e+01
8.687165475157357264e+00 9.211939492970540322e-02
6.869728462397681312e+00 1.995801481058765647e+00
6.922414956445218870e+00 1.433139065825919767e+00
7.498353169508807703e+00 2.676024165293373613e-01
7.941535236976197787e+00 1.577333034404654055e-01
1.108572967964526690e+01 2.669479286105871235e-02
8.656183642931184252e+00 9.248423749058833077e-02
6.625835267359883041e+00 1.917550606363576193e+01
7.247501911529539598e+00 4.109535056394886254e-01
6.886189892474532392e+00 1.813917594757077145e+00
8.116778156831179203e+00 1.335065898283196995e-01
6.594041931348090024e+00 2.447677159354790533e+01
9.198405685339970717e+00 6.502526611183322147e-02
6.803922941710572658e+00 3.604333818176710391e+00
7.471630805055861302e+00 2.699472321277919806e-01
6.585244534507910252e+00 2.691651309925450875e+01
6.844068496506721111e+00 2.483560177653446832e+00
6.583329549132329817e+00 2.726670429974432963e+01
8.036979818865587433e+00 1.467646934464918174e-01
6.828581330652722770e+00 2.883430074275983301e+00
6.660445477516346635e+00 1.415073106197798580e+01
7.627782454210024987e+00 2.147847345554503851e-01
8.086988555151302549e+00 1.366629197310328669e-01
9.743665254267392939e+00 5.407984512613814992e-02
6.751378631986811207e+00 6.274300334781918842e+00
7.330296065399426020e+00 3.495105783473304584e-01
7.711348263950243975e+00 2.008713847519036644e-01
6.639051439954268830e+00 1.733837400513312943e+01
7.967307131825838162e+00 1.485803843578422656e-01
8.271984411890374034e+00 1.170677655087205143e-01
6.579310129476242608e+00 2.855329887858814786e+01
6.653348418528015173e+00 1.497811629945152312e+01
6.729983166299256858e+00 7.770186547129067201e+00
6.608254521121032177e+00 2.185411728258822350e+01
6.715614955100230432e+00 8.704860580410443305e+00
6.645796707638484513e+00 1.650117630226239740e+01
9.887870275983974722e+00 4.504160291332763577e-02
7.654649500438843290e+00 2.140937866293106673e-01
9.186117866361486861e+00 6.520607165647160364e-02
6.732864949083315231e+00 7.461294016480138680e+00
6.592464943757271989e+00 2.509603251136779534e+01
7.764033885243603272e+00 1.814130483349649381e-01
7.255761650217686487e+00 3.943280044017324903e-01
6.771331882561163695e+00 4.741730242396109851e+00
7.217865111318837457e+00 4.583766041070865271e-01
6.630524263174136124e+00 1.855616348699951956e+01
6.645379359998751845e+00 1.657006459915905694e+01
6.590891980606113698e+00 2.537913023117585709e+01
7.091798465953604413e+00 6.753691805412886939e-01
6.686655268274360076e+00 1.107493139588012632e+01
6.647072193260723516e+00 1.632289392521353122e+01
7.150729096188865874e+00 5.338462146431264266e-01
7.439263479407223656e+00 2.822471956838175644e-01
7.865646733577936978e+00 1.686085686494285807e-01
7.755525483837375944e+00 1.907980684362116375e-01
6.619402483635758117e+00 1.998951055265067112e+01
7.057049214205247445e+00 7.151916456521233423e-01
6.656715118860637936e+00 1.453851110839526584e+01
6.791400070874666461e+00 4.143780469033865543e+00
8.700719436366769699e+00 8.869235219920126867e-02
6.658713182227533167e+00 1.421793519965553543e+01
7.899709562050073686e+00 1.589944603183565119e-01
7.791555779030156614e+00 1.806751089091686857e-01
6.653859308043526433e+00 1.480024708707405168e+01
6.653823990561429369e+00 1.491494841926879111e+01
6.626750784128628169e+00 1.906757329107844257e+01
6.600889827361532625e+00 2.318114480159020374e+01
6.666187881304970198e+00 1.362023348749160512e+01
7.932761650839660561e+00 1.579763119511554958e-01
6.777236111059428580e+00 4.604382301965756596e+00
6.917954203332683960e+00 1.452369390804654659e+00
8.557338681342230302e+00 9.438859939520294340e-02
6.748558297575048215e+00 6.399652197893358263e+00
7.796928268262134587e+00 1.803747161857647829e-01
7.002817120741502421e+00 9.114432372016082473e-01
6.791936631507746291e+00 4.122782738530442970e+00
8.002335472099918690e+00 1.474363344679551213e-01
8.287471103180159560e+00 1.134897066173285729e-01
6.653859308043526433e+00 1.480024708707405168e+01
6.652476941558190582e+00 1.503079879081432146e+01
6.655548063859506591e+00 1.462124299867796040e+01
6.572826757482768123e+00 3.236407275337031564e+01
7.744418290584715869e+00 1.911277739917506269e-01
6.620713202234299821e+00 1.980947173686070428e+01
8.670694188359291843e+00 9.242581412989328560e-02
6.732440587240227536e+00 7.498087931074017831e+00
6.662097242554754217e+00 1.400791874525269343e+01
6.663632919400556354e+00 1.390294683091743977e+01
7.422334442773522056e+00 2.942870014420261304e-01
6.626662501010042838e+00 1.911571022250715757e+01
7.908616014757839707e+00 1.587391631744213827e-01
6.743671154821638147e+00 6.509607037022985487e+00
6.613120237028777382e+00 2.103828235792249046e+01
6.578551577427641739e+00 2.888206194730072340e+01
8.569161502559614618e+00 9.401928193638153797e-02
6.877155501350451949e+00 1.903742318269436629e+00
6.650743026778935807e+00 1.518799503034057174e+01
8.135789968261548211e+00 1.327115848011316823e-01
6.612651521924336251e+00 2.105497711427329932e+01
8.464330417695780540e+00 1.029583856690882981e-01
8.443856883525246104e+00 1.033131630636747317e-01
6.636747693071649579e+00 1.767197325070200975e+01
6.657354494815139745e+00 1.440134480873301470e+01
6.579438974847185762e+00 2.850924252901097589e+01
1.234758014906912926e+01 1.712275071589350675e-02
7.185831785495423674e+00 4.920220991837981339e-01
6.651756775332847482e+00 1.508329720266075924e+01
6.598801389085029889e+00 2.368476707939537818e+01
6.603006866225509697e+00 2.284852940382626585e+01
6.728847140178177533e+00 7.819319616488398239e+00
6.641249837802171818e+00 1.703839360526781022e+01
6.579165812489963905e+00 2.863101323283537880e+01
6.589971428235484652e+00 2.561501273706727133e+01
6.792252696790479050e+00 4.034418818717346866e+00
7.238344483175792377e+00 4.303684107560994954e-01
6.803067794666495693e+00 3.670762086058882101e+00
6.585745563931873825e+00 2.672533596992601801e+01
6.584711970967926042e+00 2.701529173725774058e+01
6.944656713169742979e+00 1.216886466649899079e+00
6.619748401820956474e+00 1.985807934579531420e+01
6.845064278238224276e+00 2.454172035990365153e+00
6.613382550566669238e+00 2.094648049856674277e+01
6.567183991790947140e+00 3.614161662135563802e+01
8.786342005886341511e+00 8.338007943976694092e-02
7.391884417261075590e+00 3.079131083666613034e-01
6.584036222100624336e+00 2.712042514738262611e+01
1.106609647180463618e+01 2.698780885358527740e-02
6.723797515610599795e+00 8.146845722945524670e+00
6.581095397695903237e+00 2.795095148898959891e+01
8.767961825032536183e+00 8.339699081621260168e-02
7.873155281733647648e+00 1.684221285914169752e-01
6.833593308707552438e+00 2.743244220638451747e+00
7.140731123008955628e+00 5.431806446849339887e-01
6.954773362667398651e+00 1.133003061358938357e+00
6.608726682749202830e+00 2.175125761277696057e+01
6.567584310025471162e+00 3.584424365611070584e+01
7.133156192948208130e+00 5.445196264994076607e-01
8.079913509343125355e+00 1.368159845682098141e-01
7.663710232431228953e+00 2.025317344790541207e-01
6.623834594364247152e+00 1.949754133252357846e+01
7.463328707234652803e+00 2.701195337457831802e-01
6.606057932504387331e+00 2.222466143500420799e+01
7.513434212978221005e+00 2.552194714627985528e-01
7.289585895232193025e+00 3.785497417879046256e-01
6.734970694210754338e+00 7.372037727043119659e+00
8.126302435777272848e+00 1.328584904482849050e-01
6.810518632467428723e+00 3.446642153732304426e+00
6.972513063844236747e+00 1.032862505847563783e+00
6.585461016074856566e+00 2.681478472867533824e+01
6.696729508180303547e+00 1.026751781562956900e+01
6.698339874053546694e+00 1.024746881953040401e+01
6.909705077724471955e+00 1.539851034923282791e+00
6.580503545313942659e+00 2.827761633754185056e+01
6.618518177791280266e+00 2.002175665891876477e+01
6.584712542480658293e+00 2.693889391700948721e+01
7.827593566720267404e+00 1.797185457062116520e-01
6.705696947383374074e+00 9.439658918249859809e+00
6.705350565642564931e+00 9.539341341295642707e+00
6.894894795020902301e+00 1.713255384975548079e+00
8.894753276654245866e+00 8.224366213518136126e-02
6.641116625582493604e+00 1.711675160972888321e+01
7.679217975317545353e+00 2.020629540068832053e-01
7.159754807755835948e+00 5.296127350648750509e-01
6.771394864390048340e+00 4.723953527767672966e+00
6.674366711560629106e+00 1.287885462484836907e+01
6.769045473317548911e+00 4.830162289023369304e+00
6.624207889818446660e+00 1.943355250630948206e+01
6.625432573225266353e+00 1.933948572829553214e+01
6.734492070127743091e+00 7.388873195933395088e+00
9.176019869669721274e+00 6.525763765671786787e-02
6.664769169782591263e+00 1.362213155222380756e+01
6.625432573225266353e+00 1.933948572829553214e+01
6.584036222100624336e+00 2.712042514738262611e+01
6.795561208757391114e+00 3.972563752457423103e+00
7.207202044305215161e+00 4.613794806213513677e-01
6.644350148059714023e+00 1.661207509639517710e+01
6.852058740607275489e+00 2.335965329702971438e+00
6.580939619228414195e+00 2.803732077096199049e+01
6.583707354049844085e+00 2.721660351652400323e+01
7.398788443988817853e+00 3.056865029795992617e-01
7.326192484301864205e+00 3.496430415628579147e-01
6.996685088146295861e+00 9.353287887708554571e-01
7.366732984489308578e+00 3.221284855368268807e-01
6.642933735349149771e+00 1.683794031001157165e+01
6.866934165391697320e+00 2.113262866631257175e+00
8.243698094845889557e+00 1.178986470187654290e-01
7.018960165027501752e+00 8.697899335055756520e-01
8.381217554847973261e+00 1.084657396304787996e-01
6.592899094900870338e+00 2.495049928870800215e+01
6.593461358793121896e+00 2.485947668160219237e+01
7.508702041295242324e+00 2.563823792597841322e-01
7.722184558214964412e+00 1.917184702267413221e-01
9.162263631854072443e+00 6.946216077823418045e-02
8.537463035047473170e+00 9.884184459604364315e-02
6.950301923192053977e+00 1.201515733460859492e+00
6.952827679517390891e+00 1.168157953173758923e+00
6.638855743438580426e+00 1.737118585600441989e+01
8.151609992779311753e+00 1.266603267879571892e-01
6.722817693234352632e+00 8.156518998492614969e+00
6.612021313142080636e+00 2.114344035481574480e+01
7.029445679718970830e+00 7.720538909008183293e-01
8.146042917009184592e+00 1.284973841880159562e-01
6.789816677809686674e+00 4.226766619241686840e+00
7.066944769266090276e+00 7.101423743775924224e-01
8.910344986914122245e+00 7.808662257530606110e-02
6.908276173281605814e+00 1.573485251284701958e+00
6.585461016074856566e+00 2.681478472867533824e+01
6.591400111566641407e+00 2.531936653919850500e+01
6.668613778667844549e+00 1.322323395500495913e+01
6.806972614039358049e+00 3.530356569368604536e+00
7.039341387204533618e+00 7.520989001355583570e-01
8.677105764029775514e+00 9.226072014169298119e-02
7.010087854855803435e+00 8.937274578735674435e-01
6.567183991790947140e+00 3.614161662135563802e+01
6.656017077914925473e+00 1.458440253523218111e+01
6.601067069655191411e+00 2.310822391920516949e+01
6.901992395624941601e+00 1.614243533789294860e+00
7.354559188981927953e+00 3.353651444468774279e-01
6.683295829762313289e+00 1.122842427760175177e+01
7.889079655988100903e+00 1.680800677694951339e-01
8.255870739880879938e+00 1.174213985407812494e-01
8.278027295756896109e+00 1.135781632233763966e-01
7.027782470114503077e+00 7.960521727591917118e-01
6.841011076767288479e+00 2.624613235646771958e+00
8.102990037710901206e+00 1.361863797295753964e-01
6.832479388147164379e+00 2.768620490186827876e+00
6.695412856068607255e+00 1.041157665795202547e+01
7.885193641649639318e+00 1.681777454335496580e-01
7.381783003438989077e+00 3.211282408350799034e-01
8.016439032043738422e+00 1.471158112802980755e-01
7.073004375660796761e+00 7.099639197537938040e-01
6.591787539577699917e+00 2.522718942862727687e+01
6.688087664134204857e+00 1.099702731077353768e+01
6.743671154821638147e+00 6.509607037022985487e+00
6.822190916866589738e+00 2.980710457119834178e+00
7.639521226419531352e+00 2.146924574625569959e-01
6.817766453020018602e+00 3.227882058606050819e+00
7.615736771137266103e+00 2.193642687830167914e-01
7.812538015341994324e+00 1.799374397091514921e-01
6.762094510088533461e+00 5.508470749195861771e+00
7.602713674078465544e+00 2.270536947703128416e-01
6.672433622296908062e+00 1.306868787721825598e+01
6.836907550969760550e+00 2.625302556542162158e+00
7.734615322397082160e+00 1.913891122871638761e-01
7.671762829571203923e+00 2.023321174305816872e-01
9.841129361802439135e+00 4.581453641522560682e-02
6.685233035245351729e+00 1.109947160492242269e+01
6.627153616613929543e+00 1.900358501586572046e+01
7.454024818996446200e+00 2.789822577517155899e-01
6.598955819242754650e+00 2.360275393445542846e+01
6.888235082504883700e+00 1.752197405945780773e+00
8.061631500163011665e+00 1.374057204612413596e-01
7.095573588949820376e+00 6.454522871695286268e-01
7.643456860239157713e+00 2.144334784632931923e-01
7.378398211314104671e+00 3.212229635578759956e-01
6.979892690184750670e+00 9.986796731352721723e-01
6.966922262246682429e+00 1.056911626824046602e+00
7.812538015341994324e+00 1.799374397091514921e-01
6.847667207948330947e+00 2.394418438118963266e+00
6.597158168762548236e+00 2.388945306162672821e+01
6.658409603388975917e+00 1.429664459202615667e+01
7.169646883211147959e+00 5.096883331903309111e-01
6.689576622661014049e+00 1.077866394681274542e+01
6.794606916258094209e+00 4.028202088155127925e+00
8.910889473231387470e+00 7.808199468932654208e-02
6.641243034738489648e+00 1.708268272678463617e+01
7.360786615862956239e+00 3.233641267925916885e-01
7.851810107977891917e+00 1.690601720266032004e-01
7.589040381191312967e+00 2.315474100670693314e-01
8.162101893901551719e+00 1.228694682199030774e-01
8.924984672583478940e+00 7.779340901852192791e-02
6.693245275670230754e+00 1.055154947446821190e+01
9.279044652935734661e+00 6.390855352554784818e-02
7.299566968729242156e+00 3.657317593355338681e-01
6.680296568275920777e+00 1.150854314072223161e+01
6.721873806440659571e+00 8.228845464973456814e+00
1.109012590921078001e+01 2.649824570238695429e-02
6.695412856068607255e+00 1.041157665795202547e+01
6.696014909787875169e+00 1.033746582802781511e+01
8.102990037710901206e+00 1.361863797295753964e-01
6.606768856426297631e+00 2.219076243382827940e+01
6.751197913623933289e+00 6.300994821874251528e+00
1.233430568489802504e+01 1.726843980273497919e-02
6.675846894689692945e+00 1.275111157887194402e+01
8.013036729057146701e+00 1.471356412666038893e-01
6.659916999959342832e+00 1.418975480031047276e+01
6.584711970967926042e+00 2.701529173725774058e+01
6.810518632467428723e+00 3.446642153732304426e+00
6.808703031182494314e+00 3.513010898833798912e+00
6.800646497196814799e+00 3.780912560635238062e+00
8.067779385213576404e+00 1.370984174092386987e-01
6.865691819462990786e+00 2.134175724100444871e+00
6.800740148578227284e+00 3.734039984804343515e+00
6.583008727230690305e+00 2.734035272005785444e+01
6.631248889498714938e+00 1.841854132779000253e+01
6.627459149297243890e+00 1.898773356048060279e+01
7.314989896462806840e+00 3.643416563681612930e-01
6.688727176222995396e+00 1.084912826540235464e+01
6.893850566866489338e+00 1.735394248890684388e+00
6.708980751487528593e+00 9.072146006798607942e+00
6.902825307298441793e+00 1.593679830007341147e+00
6.658283217178412094e+00 1.437064301150567758e+01
7.538451923234203100e+00 2.524127412457321529e-01
6.849943835309963980e+00 2.336201640375174637e+00
6.836572821094449637e+00 2.685004567035203848e+00
6.580624980327393736e+00 2.820398256514616264e+01
7.125324989090692895e+00 5.643633798431514359e-01
6.732309171366609668e+00 7.571591511867636903e+00
6.610813778348383352e+00 2.146454637676891153e+01
6.975560743461835855e+00 1.000572023414294742e+00
6.658409603388975917e+00 1.429664459202615667e+01
6.696014909787875169e+00 1.033746582802781511e+01
7.303037281494128230e+00 3.656432348805834787e-01
6.594041931348090024e+00 2.447677159354790533e+01
7.037815003861866536e+00 7.584748332137605242e-01
7.165182806768613410e+00 5.109194804933818723e-01
8.312456086565065405e+00 1.127370521181253055e-01
6.678601762305960143e+00 1.203062617130625966e+01
6.888032274606429972e+00 1.786743142666961770e+00
6.614233618282663762e+00 2.093657704410382436e+01
1.233430568489802504e+01 1.726843980273497919e-02
7.013361092882882453e+00 8.791812371315068653e-01
7.590771838851345876e+00 2.273876221499949724e-01
8.193954664501813312e+00 1.221772609515049401e-01
7.831241668701154346e+00 1.794837945982978022e-01
6.789816677809686674e+00 4.226766619241686840e+00
6.718460404176201273e+00 8.577737781733464573e+00
6.715628279301988357e+00 8.700776437466716473e+00
6.803147568624687835e+00 3.638113498348410690e+00
7.434889532620886143e+00 2.919461057747468891e-01
8.795014867049401275e+00 8.266302802479132128e-02
6.849093044375058170e+00 2.394363877826658715e+00
7.428318509346582665e+00 2.940901626212480968e-01
7.179657557040163063e+00 5.091685108585338737e-01
7.616988377743383332e+00 2.193572031845618109e-01
6.710611913266740558e+00 9.071964318745092015e+00
6.707107287871159507e+00 9.264341923571834059e+00
6.672433622296908062e+00 1.306868787721825598e+01
7.711600948754510298e+00 1.918770661137118305e-01
8.028884652573221814e+00 1.467997101501169466e-01
7.728907521641454892e+00 1.916354900100998015e-01
7.020744018107742512e+00 8.241677206721179649e-01
7.123106836763454908e+00 5.644574153674422057e-01
7.920451132588503640e+00 1.583096037691231195e-01
6.674366711560629106e+00 1.287885462484836907e+01
6.662097242554754217e+00 1.400791874525269343e+01
9.151091307920010465e+00 6.992279948210922136e-02
8.255870739880879938e+00 1.174213985407812494e-01
7.022924424555104572e+00 8.240738931921026689e-01
6.624207889818446660e+00 1.943355250630948206e+01
6.799767247485088539e+00 3.804888381872459036e+00
7.314989896462806840e+00 3.643416563681612930e-01
6.591654604218976310e+00 2.528220825495143131e+01
6.653823990561429369e+00 1.491494841926879111e+01
6.637133898562836087e+00 1.760880537051928130e+01
7.539434160602431767e+00 2.440048354222340010e-01
7.601503521765867077e+00 2.270609167860668243e-01
7.920451132588503640e+00 1.583096037691231195e-01
7.851149494146670627e+00 1.691469270566653138e-01
6.748912139176001190e+00 6.338179167549610860e+00
8.547845383154504262e+00 9.800192504769289492e-02
7.550682168941275307e+00 2.438290201325738205e-01
