-6.167533797969854348e+00 6.931977898296493379e+01
5.084205416029320190e+00 1.529215199430209414e-02
-6.148644402321704838e+00 5.709035908965051220e+01
-6.163971060797384105e+00 6.525740287393900019e+01
-6.153112599920286030e+00 6.033269318762845757e+01
-6.167289512716114253e+00 6.917376367917385949e+01
2.794939009166665489e+00 3.767218815634137269e-02
2.255831192777284944e+00 3.768019943774079950e-02
-6.166523082936117284e+00 6.588652684935023274e+01
-6.149817392444547615e+00 6.024573254769700981e+01
3.715876920881202583e+00 2.471142472404489615e-02
3.619818759967651456e+00 2.596646156395682192e-02
4.183775780720707438e+00 1.960434804508303860e-02
-6.147203033760266777e+00 5.421836810302153253e+01
3.195153102563427883e+00 2.827090251982260910e-02
4.677446038782552939e+00 1.905121994463503804e-02
5.084205416029320190e+00 1.529215199430209414e-02
4.667345089575760220e+00 1.908926344158162411e-02
4.335426703759570621e+00 1.911387307933553117e-02
-6.141750888239234207e+00 5.200904213156439937e+01
-6.146748146227616338e+00 5.389884912228392722e+01
1.298185302717184353e+00 5.650589692869378150e-02
3.158599665147749924e+00 2.840207161568578456e-02
2.923404752274417095e+00 2.859187410447992447e-02
1.003811737817736471e+00 5.699105792646719931e-02
-5.709767954787515976e+00 3.745356571013572022e+01
-5.052480281726062783e-01 1.141313316554886520e-01
-6.121932928441246702e+00 4.650348095869124165e+01
-6.091605444321794849e+00 4.563239670891193356e+01
-6.091483000276538107e+00 4.451820709028134360e+01
2.112997309276402724e+00 3.771727077747442924e-02
-6.129412687692822992e+00 4.849341989765782301e+01
8.170208922055843814e-01 6.552610625346866335e-02
-6.062909979649965031e+00 4.341366448031762104e+01
-5.513029670846415264e+00 3.468439951552981171e+01
-6.131696395637650454e+00 4.956732823207393324e+01
-6.125365585572524196e+00 4.798477971349178262e+01
3.623452987604802167e-01 7.556054804190633079e-02
-6.083330700745181119e+00 4.431353711626933745e+01
-5.765718101327505174e+00 3.810019151633638046e+01
1.436502345853510221e+00 4.813672845132051237e-02
1.858537347728520084e+00 4.675557899507795656e-02
1.695343949976076070e+00 4.712177446099779371e-02
-5.524580439882070593e+00 3.546231293650082250e+01
-6.140874767168705617e+00 5.174732347538571986e+01
-3.523219556356619320e-01 1.130386018973266876e-01
1.162341878586666377e+00 5.669176040521185095e-02
1.895993260421996007e+00 4.666995756115414895e-02
2.220638082973535321e-01 8.438471853508673626e-02
1.695343949976076070e+00 4.712177446099779371e-02
1.547960970549731252e+00 4.721004091031928002e-02
2.255831192777284944e+00 3.768019943774079950e-02
-4.910781934033165541e+00 1.742427154027546621e+01
-1.732613811203678189e-01 1.040915007064844994e-01
-6.138865036144474985e+00 5.106870969142762107e+01
-6.014766604283165563e+00 4.082933203171510428e+01
-5.991440500349150433e+00 4.017291501458171155e+01
-6.125105862649607324e+00 4.727702853191583898e+01
-3.011801364582282758e-01 1.045828494844186357e-01
-5.805703814015759079e+00 3.905997408326778242e+01
-5.800488384090985328e+00 3.833950523178874903e+01
-5.362936950791326041e+00 3.137868810305310419e+01
2.007618381755751802e+00 3.880616602453167835e-02
-6.125105862649607324e+00 4.727702853191583898e+01
3.907055174252086482e-01 7.542915091857629872e-02
4.774756891185132357e-01 7.537708818893051887e-02
-5.920750140313620236e+00 3.991011831715602654e+01
1.043294998095659398e+00 5.677834481797617433e-02
-5.359078412017542092e+00 3.094271801173842462e+01
-6.043782108280218779e+00 4.205461282433959269e+01
-6.049253993520059325e+00 4.268482320352912041e+01
-6.015121316920728489e+00 4.114250578576423578e+01
-5.888790675420756848e+00 3.949502511192585530e+01
1.146117677540425150e+00 5.677181284589158383e-02
-6.049433588755837476e+00 4.326195703163011075e+01
-5.618592463637415158e+00 3.678779611128372551e+01
5.048249037514049853e-01 7.534962563536233560e-02
-5.854642689050587379e+00 3.910189909359534965e+01
-4.884138760318764483e+00 1.657735084418460403e+01
2.843668661162841449e+00 2.883841141538198705e-02
-6.136610493333863658e+00 4.995737131473104853e+01
-6.630135133519412527e-01 1.234464270138815323e-01
-5.619156486603855249e+00 3.721375997957259329e+01
-6.049253993520059325e+00 4.268482320352912041e+01
-6.137396124777684925e+00 5.052535545895666758e+01
4.335426703759570621e+00 1.911387307933553117e-02
4.243208658993713911e+00 1.914357264548546822e-02
-6.004576978442311308e+00 4.039919290941841012e+01
2.140687257535096311e-01 8.442786867180182564e-02
-4.594176026914049693e+00 1.008436663297513824e+01
-5.390201596648484639e+00 3.238709429075681356e+01
-5.388060671357004061e+00 3.199086305247830708e+01
-6.115774704056957667e+00 4.603207391840516038e+01
-5.590966664788017404e+00 3.657722718742091672e+01
1.322278994830001775e-01 8.475417171645212300e-02
5.682086938382165109e-02 9.421330963511516388e-02
-8.612892926270085958e-01 1.440732260532896769e-01
-5.553467151966926529e+00 3.630164036527612126e+01
-1.003137837159097323e+00 1.550301314649594198e-01
-4.954343945079989098e+00 1.880850531308249884e+01
-4.947797638196116843e+00 1.835651908108607699e+01
2.917674961439025161e+00 2.859607499191546207e-02
-7.006154546716387987e-02 9.445878671492066725e-02
-6.166256008427280833e+00 6.572697493551180514e+01
-5.071762756668554140e+00 2.182224131909343612e+01
-4.913363228249747472e+00 1.784186944708845601e+01
-4.888558692716015841e+00 1.675884898221758945e+01
-6.126174847030823045e+00 4.834736283759287545e+01
-3.318237075947377157e+00 1.100184409362718885e+00
-1.712485165625076940e-03 9.436661146722044591e-02
-4.876160870920655199e+00 1.623308766830377436e+01
-7.349740683624343962e-01 1.333633014003309247e-01
-5.759677147081585513e-01 1.228463809973374399e-01
-5.112428670938295561e+00 2.314542397106140115e+01
-1.128409635182257231e+00 1.657552376606934164e-01
-1.982436274923638830e+00 2.869715415007778048e-01
8.402437024418620004e-02 8.501003404946158581e-02
6.395209942382623636e-01 6.635926879967847525e-02
7.522002019040251453e-01 6.569126806964907528e-02
-3.986118479013792459e+00 3.261172731498359401e+00
5.755591215932608362e-01 7.498721037611479068e-02
-4.897698917690870957e+00 1.707482133358777077e+01
-5.444118007735140097e+00 3.370437713998404661e+01
-1.431998788419274860e+00 1.985719738667731937e-01
-5.771835246145923470e+00 3.824608264511935118e+01
7.308336548710359093e-01 6.608187716218073826e-02
-4.793401633887298452e+00 1.394357783262579176e+01
-4.794812196240725299e+00 1.434761439244567427e+01
-4.760487854445567102e+00 1.338465153588905032e+01
-5.240892602696013647e+00 2.690780565184120121e+01
-3.350460364366591115e+00 1.145524765294230862e+00
2.064712090532911493e+00 3.838726245898911593e-02
-6.363855041518264866e-01 1.228958404464316617e-01
5.755591215932608362e-01 7.498721037611479068e-02
-6.018164054203816171e+00 4.144741400851926727e+01
8.170208922055843814e-01 6.552610625346866335e-02
-4.598674506308857879e+00 1.029624856490820051e+01
-6.138043148435676777e+00 5.095562911143137796e+01
-1.310601990266444528e+00 1.802973029178009390e-01
-3.458582509285668571e+00 1.383369450140389478e+00
3.681814244505258849e+00 2.482784590639641048e-02
-5.601938094067756779e+00 3.670888517080445013e+01
-4.304624282673183977e+00 5.649793354444144100e+00
-5.300266607540310204e+00 2.900087249599449990e+01
-3.776106436235472152e+00 2.278995444827217831e+00
-4.983560457907456609e+00 1.930462594916226848e+01
-2.527963303683694818e+00 4.662726260057416527e-01
-9.478170055539958394e-01 1.536850193322309432e-01
-1.077573768321845593e+00 1.656920463441115821e-01
-2.796579464392342729e+00 6.038124945597996840e-01
-1.929772218883763601e+00 2.808649129675928613e-01
-5.103327147911051576e+00 2.286737853902869944e+01
-5.128748208947196296e+00 2.329428329038259804e+01
-4.895930922339040592e+00 1.696461365492958251e+01
-5.467065358286596677e+00 3.438291842918404484e+01
-4.473309957595176911e+00 7.983811024089051855e+00
-6.133315095975365949e+00 4.961147347156711618e+01
-5.131874010619468685e+00 2.376278566086873667e+01
-4.265003906218488794e+00 5.079648118082944919e+00
-1.191923082729245131e-01 9.492243301939795597e-02
-5.144159256348380893e+00 2.411558666929059669e+01
-5.371501878993969470e+00 3.161021522529544825e+01
-5.629608795813237920e-01 1.227915790969935778e-01
-5.551876729769895213e+00 3.594792425617441012e+01
-3.805805169829465040e+00 2.339876025005713345e+00
4.059108979059851928e-03 9.436243357912793561e-02
-4.588274120854595850e+00 9.777403176211295843e+00
-4.584356396455044447e+00 9.441832602262305585e+00
-3.690299785309077762e+00 2.026549447886230926e+00
-3.958352364006021418e+00 3.113070103516134335e+00
-8.047801228906940052e-01 1.343346265805907824e-01
-2.278353954513941293e+00 3.812177691460158502e-01
-5.395586193954130749e+00 3.248855598842515491e+01
-5.474881741558343506e+00 3.465287485493715991e+01
-5.527876621183020589e+00 3.556103053660596203e+01
-5.241231443107614574e+00 2.722013818954460973e+01
-2.078604756851008872e+00 3.154668335446264016e-01
-5.564355228897843730e+00 3.642660209980706298e+01
-4.130715310817643982e+00 4.117367036783408096e+00
-4.155408902309787322e+00 4.409711102845776054e+00
-6.136610493333863658e+00 4.995737131473104853e+01
-6.146748146227616338e+00 5.389884912228392722e+01
-4.461011192405361925e+00 7.831191025625711788e+00
-4.202124391200651843e+00 4.864641538675024357e+00
-4.354881088835821146e+00 6.165723886600588344e+00
-5.040455023251030120e+00 2.094433818365720157e+01
-5.661873480962222871e+00 3.740264314919061661e+01
-5.167622043313651048e+00 2.457982230248335753e+01
-5.805703814015759079e+00 3.905997408326778242e+01
-5.854642689050587379e+00 3.910189909359534965e+01
-4.592906980265623496e+00 9.784701750643572282e+00
-5.080647052987971257e+00 2.202246834989743718e+01
-5.284154625008808281e+00 2.828367428983612442e+01
-3.720668801410125681e+00 2.065468330200022962e+00
6.776148930760474975e-01 6.614630915308074288e-02
-5.131091834825872944e+00 2.342864140138325979e+01
-5.892535109480657063e+00 3.950206430854915851e+01
-3.286770968431942386e+00 1.080220253446013023e+00
-5.105085454896058472e+00 2.298790536714721355e+01
-5.159494581951936887e+00 2.440307924753653523e+01
-1.569955820806155034e+00 2.114307447268723716e-01
-1.231341264378457145e+00 1.773250337401681698e-01
-3.432297411455935698e+00 1.321245811407922854e+00
-1.635936875718685846e+00 2.237099445833777012e-01
-4.021807097168494494e+00 3.457108015702913928e+00
-5.535887526734040165e+00 3.574874677562623759e+01
-5.460482312067082233e+00 3.419133377224259362e+01
-4.445660912183390323e+00 7.474495754934585179e+00
-5.348873985798761943e+00 3.057965300088129723e+01
-3.854162725621673502e+00 2.653091789105107789e+00
-6.147203033760266777e+00 5.421836810302153253e+01
-4.683443189612908064e+00 1.153565271052424102e+01
-5.213711091413016696e+00 2.615752283733479544e+01
-4.741484021955415962e+00 1.312222447419246762e+01
-2.513633650295043598e+00 4.660862999439934762e-01
-3.938580422743993559e+00 2.972225983533574478e+00
-6.093877802379643605e+00 4.584916312374623715e+01
-4.776587349715815556e+00 1.370298188568046349e+01
4.194034086275723716e+00 1.953709933449850750e-02
-4.358471522814567400e+00 6.368872070424974829e+00
-3.901155315881878138e+00 2.843715093569482821e+00
-4.733849519659754534e+00 1.258695717697087346e+01
-1.470210591762221242e+00 1.987897623953465698e-01
-3.596708013407100335e+00 1.695745269584443271e+00
-4.722127622284724602e+00 1.217970866016936959e+01
-4.433855213953395769e+00 7.011048192117547373e+00
-3.879036867340159400e+00 2.783911374705970943e+00
-2.621786652712197352e+00 5.058079679700604459e-01
-6.094095469149222843e+00 4.603180509677321908e+01
-4.622329395907983418e+00 1.047933568506202917e+01
-3.184132917587906508e+00 9.370382532998103864e-01
-2.125565680169902105e+00 3.297649660855586085e-01
-3.008586650271081631e+00 7.523366338120502927e-01
-5.906586255039469435e+00 3.972174792215196248e+01
-1.402579099899479820e+00 1.884631693406775554e-01
-5.183988587571533913e+00 2.494376297463572456e+01
-1.668518633405731144e+00 2.358816376547300808e-01
-5.094666083569747705e+00 2.245882616429890888e+01
-5.257170139563357658e+00 2.745241493586065218e+01
-2.103581515876971508e+00 3.294739751818629436e-01
4.235462634952280148e+00 1.951180199765322962e-02
-8.139385918639713280e-02 9.450121913150255626e-02
-1.601924172951601610e+00 2.233865680839893508e-01
-4.160356873268653999e+00 4.513570446693092819e+00
-4.991244157862425368e+00 1.955607640843093975e+01
-4.223230709858015963e+00 4.907264349472794329e+00
-5.643493820384587245e+00 3.721438121918045994e+01
-5.661873480962222871e+00 3.740264314919061661e+01
-3.643433202076438615e+00 1.916249890680143286e+00
-1.149855824849707053e+00 1.658304262214855551e-01
-4.096283682649297653e+00 3.935995607636152638e+00
-4.996324650384215360e+00 1.975274414253517108e+01
-4.976023192204842793e+00 1.919946273909080503e+01
-4.990498409844283501e+00 1.948620185523311932e+01
-4.450353226236724247e+00 7.614915737629004866e+00
-5.014264363224355314e+00 2.014163599329005550e+01
1.264564770461162335e-01 8.475834960454463329e-02
-4.394746301695469093e+00 6.582774093205133958e+00
-1.406929426521685289e-01 9.506891595567140696e-02
-5.406663572474248447e+00 3.303921101296398177e+01
-5.225880416089054847e+00 2.636777514608309758e+01
-2.853157088155148013e+00 6.476514021557817635e-01
-5.003523059371979720e+00 1.977947664023202634e+01
-2.172997299677553507e+00 3.441882410531000303e-01
-5.449832316369884744e+00 3.388058169329315206e+01
-3.536160989794517651e+00 1.565509181995498045e+00
-5.455320293573227453e+00 3.398549090518388738e+01
-4.180243042678386090e+00 4.559187892213526716e+00
-5.379152714356543186e+00 3.185497074487275171e+01
-1.853429015358193377e+00 2.736979823031100989e-01
-1.900648400355855916e+00 2.745468067849601845e-01
-2.050432492697911169e+00 3.043517630953978537e-01
-2.711450184623258597e+00 5.470077913068132069e-01
-5.088809963618791343e+00 2.220495353936571803e+01
-4.869639879313012010e+00 1.592531535293922218e+01
-5.259338738403838143e+00 2.761440729036274178e+01
-4.870760815039957947e+00 1.605150910319915525e+01
-2.239022881319455038e+00 3.742196535805621394e-01
-5.288914817225638387e+00 2.854162080357260223e+01
-2.572193545636240142e+00 4.809634789310764935e-01
-7.780487245373745031e-01 1.341448427610349714e-01
-4.408926046863489212e+00 6.833600885237782308e+00
-5.269395299602624760e+00 2.782006847387308568e+01
-5.438384382053805588e+00 3.352284129483089004e+01
-5.270293410362511644e+00 2.794642604521027707e+01
-4.540803558363688985e+00 8.743435524738691456e+00
-4.629034046856451923e+00 1.075290058160804563e+01
-3.869931753755043058e+00 2.724209364212929252e+00
-1.699910141942145181e+00 2.483313887309872015e-01
-4.861345264512684672e+00 1.582014122374038401e+01
-3.738372204501012153e+00 2.115554365844012796e+00
-4.697939526373612118e+00 1.167098167216574822e+01
-2.683746614298607724e+00 5.340345205045285981e-01
-3.418578499206178289e+00 1.298502213901062019e+00
-4.853678115302363594e+00 1.567545208375689647e+01
-5.919010162200423864e+00 3.985169656259504478e+01
-5.147804997165791541e+00 2.420254902880188297e+01
-2.877209176474996966e+00 6.499654800363443563e-01
-4.730888826732003949e+00 1.248847324143355131e+01
-6.137611931083559291e+00 5.068458505711381434e+01
-1.727436310039120793e+00 2.485294566364972813e-01
-4.273708286878997953e+00 5.298830705664503427e+00
-5.148460397954794487e+00 2.436403788644288326e+01
-3.310348095364730736e-01 1.047831662165121802e-01
-4.525180607551126499e+00 8.584173404710183419e+00
-4.830235271346101200e+00 1.502284123561548768e+01
-5.418791455470754137e+00 3.338564400736626681e+01
-4.554644733133486056e+00 8.996302578651874882e+00
-5.800488384090985328e+00 3.833950523178874903e+01
-5.319124442639260764e+00 2.976900627509690267e+01
-3.209742704103064170e+00 9.661493703951220535e-01
-5.334725289169873541e+00 3.023716242087069261e+01
-4.115992598830436222e+00 3.956293744648826216e+00
-3.268648897383511276e+00 1.069667561779510834e+00
-5.313783293891933823e+00 2.968395655430570201e+01
-5.262039243194593041e+00 2.771036281213187280e+01
-6.027713263118707587e+00 4.181043921852624123e+01
-1.190769294616520702e+00 1.699825724336541111e-01
-6.141750888239234207e+00 5.200904213156439937e+01
-2.758656969467479847e+00 5.706362744765374195e-01
-4.507008373416153013e+00 8.371204259178140816e+00
-2.201345340527266270e+00 3.446482882119277225e-01
-2.960565107426051057e+00 7.323098435206321088e-01
-4.252271294314457606e+00 5.065044587861788017e+00
-4.677059753441548118e+00 1.147739008993883658e+01
-3.097551942746332276e+00 8.252882548299715904e-01
-2.213458806182230454e+00 3.606070418740834338e-01
-3.754168865598506599e+00 2.256106669473596504e+00
2.821475337842377140e+00 2.886758851382082922e-02
-5.189835056019061810e+00 2.535913709610581890e+01
-4.717040813966546509e+00 1.201192397390745192e+01
-5.188251851819679850e+00 2.510982556236748309e+01
-2.312587549015313382e+00 3.942232054773346928e-01
-2.941783368952550326e+00 7.206893320478057197e-01
-5.436253170376210697e+00 3.346630977295163945e+01
-1.218701663166231741e+00 1.769193129985628943e-01
-4.643351813875694845e+00 1.086472875281910255e+01
-2.452744494923354779e+00 4.338310194770317318e-01
-5.142827855794266156e+00 2.386816901361953569e+01
-4.527208284805041671e+00 8.699109305515621671e+00
-6.085954550862793688e+00 4.448029181423744660e+01
-3.574380851111934376e+00 1.649399725527129990e+00
-1.832979582546372610e+00 2.623206251591836957e-01
-1.272655221148557114e+00 1.776633926751899073e-01
-5.213369661958896728e+00 2.590611154639701752e+01
-1.765736825756505590e+00 2.518346211660305034e-01
-4.119839295058860706e+00 4.058895682526504345e+00
-5.406764778776565805e+00 3.314806097932130058e+01
-1.040924956360329556e+00 1.552830430198972322e-01
-1.515037022375756326e+00 2.109523884495199120e-01
-2.257390010569701122e+00 3.775229465252618599e-01
-3.551692562415727394e+00 1.632596184773075221e+00
-4.728250302286537199e+00 1.234757774902389293e+01
-5.177693992928087852e+00 2.483862428246032650e+01
-3.994890106855249812e+00 3.324729140487726387e+00
-5.995447051834219110e+00 4.024414817731720007e+01
-2.345125265349996546e+00 3.953661983324257556e-01
-4.738875062920645753e+00 1.275474186323280001e+01
-4.740443809532531638e+00 1.298756293929907990e+01
-5.329703339352175995e+00 3.005563960279703650e+01
-5.017819294138226915e+00 2.021249873123957030e+01
-5.100992728112482055e+00 2.264038659398358888e+01
-5.065239731460434491e+00 2.164067211641135202e+01
-3.916005230558129657e+00 2.914749238824148492e+00
-1.744221920340504495e+00 2.487205548550601164e-01
-6.020181677323862779e+00 4.165556288677085206e+01
-4.663793073513999410e+00 1.125691022310326517e+01
-3.375376368985483655e+00 1.228183197622935152e+00
-4.763996968560157974e+00 1.357623831032420192e+01
-1.286016158467857995e+00 1.777786058896526078e-01
-5.324807769030567961e+00 2.988469682206831735e+01
-1.069215063394060694e+00 1.554844755557318603e-01
-3.368094420540851619e+00 1.201958495989422060e+00
-5.312323002691845097e+00 2.946378288086165043e+01
-5.342478416077957704e+00 3.050698224949347193e+01
-5.049790858127053639e+00 2.111554030369167023e+01
-4.962832515794433519e+00 1.905246858374112406e+01
-1.783153242185534060e+00 2.612284169911537335e-01
-4.567410161900123278e+00 9.340677663761153937e+00
-1.028540029695236724e+00 1.551977856410092227e-01
-5.081770989125065086e+00 2.210346429205816676e+01
-4.330444012907459950e+00 5.989331551312345958e+00
-5.464704455417614071e+00 3.425456071676462244e+01
-2.479272430676775496e+00 4.457273387943448406e-01
-5.203100366065866567e+00 2.573477034483506287e+01
-1.372396642281699553e+00 1.880506141027216138e-01
-4.040975716037391585e+00 3.529851430159241410e+00
1.858537347728520084e+00 4.675557899507795656e-02
-3.048043426075023099e+00 7.909180409692851965e-01
-6.093572554917622952e+00 4.571575582389837678e+01
-3.840308700601784420e+00 2.584227520219106289e+00
-1.346695257000490420e+00 1.880036638154396200e-01
-3.815406077281334074e+00 2.399578035498755035e+00
-4.498805627732781254e+00 8.172718616402244507e+00
-3.167228433113914665e+00 9.190399530167576714e-01
-5.416641295792055111e+00 3.322906881287612180e+01
-5.251955769167671484e+00 2.735577517816417625e+01
-5.047953715976946754e+00 2.111462184152052757e+01
-5.472215159006471374e+00 3.457970589436700237e+01
-4.975860827792089935e+00 1.905317436558551947e+01
-4.645988707128781314e+00 1.101297207097998587e+01
1.522534841008025719e+00 4.733465604403452875e-02
1.485605658073095414e+00 4.758256289917402876e-02
-5.398265832063571246e+00 3.269361520726032921e+01
-4.370921280101994100e+00 6.383647410233511899e+00
-4.144313760801871638e+00 4.260433957832616692e+00
-5.191547910309455283e+00 2.549339031197651551e+01
3.172502087947487226e+00 2.828878034762924085e-02
-4.557314881363991432e+00 9.070497119120956242e+00
-2.368907777632597522e+00 3.966663504122966977e-01
-7.582434157392181628e-01 1.339235504213512062e-01
-4.041703927831745702e+00 3.565503175895865962e+00
-3.940271818620758815e+00 3.085310590751055848e+00
-5.010331021552683950e+00 1.996105052182436523e+01
-5.024366775888086778e+00 2.047910616338954526e+01
-4.837480403672777207e+00 1.525341774452511245e+01
-5.036616036619987469e+00 2.076375271219152197e+01
-5.056395736207192293e+00 2.129711083691270090e+01
-5.062445781603846839e+00 2.163968772054611023e+01
-4.287573836385428550e+00 5.497194534789925591e+00
-6.018324330215840234e+00 4.152262982578712069e+01
-5.096297396522786016e+00 2.246340873300346175e+01
-2.440416189225993904e+00 4.289927724832522937e-01
-3.662233732881465365e+00 1.916560432864563790e+00
-4.373424422268272771e+00 6.503633092088671575e+00
-4.825628831337360758e+00 1.499032587657292304e+01
-4.144313760801871638e+00 4.260433957832616692e+00
-5.173381201465887536e+00 2.466165513323418068e+01
-4.813576819562233489e+00 1.476033347800215978e+01
2.011867560005172972e+00 3.876341942904687476e-02
2.047049328698139714e+00 3.859318840496094027e-02
-5.223981857644017346e+00 2.629909427963231749e+01
-2.000199593370084461e+00 2.871714404574621238e-01
-4.922384014912206673e+00 1.797315702335789567e+01
-5.231428826296455448e+00 2.654931346897959088e+01
-2.812913657104983312e+00 6.111214979887176213e-01
-4.310884400655559112e+00 5.826096934455239129e+00
-4.871633121494433283e+00 1.620057230926121150e+01
-1.536315127934224867e+00 2.111355819338893436e-01
-5.279678102255335403e+00 2.822205952317429478e+01
-3.501631478738776782e+00 1.452818522303960025e+00
-5.353991890663579056e+00 3.076118573938921230e+01
-3.246953053988658855e+00 1.057503861096592779e+00
-5.353991890663579056e+00 3.076118573938921230e+01
-9.379121628883393402e-01 1.448883101563753217e-01
-5.333455720590871252e+00 3.015947011337612338e+01
-5.374211483749802731e+00 3.167344792679909915e+01
-5.030502782126037076e+00 2.050576813837441748e+01
-4.320640098808050666e+00 5.963719065743278591e+00
-6.003841131493959260e+00 4.034130098611780113e+01
-4.699123059095663635e+00 1.171869311825635229e+01
-5.399126913003735595e+00 3.269363629375821034e+01
-4.375987561252259184e+00 6.570685804183745482e+00
3.681814244505258849e+00 2.482784590639641048e-02
-4.834839143439598530e+00 1.520433937364846599e+01
-1.617107768057790773e+00 2.235301499405539238e-01
-1.658834129583230399e-01 1.040423635443426531e-01
-3.071131702818579612e+00 8.003288978933981168e-01
-3.150647688681481817e+00 8.733434400034425504e-01
-4.849153495301692374e+00 1.549395394572391105e+01
-1.497748677792816396e+00 1.989148469363310190e-01
-5.298764272072831183e+00 2.882753170692336653e+01
6.452675639057086077e-01 6.635509091158595107e-02
-5.542226366739066101e+00 3.586917323920877010e+01
-1.549786114179023233e+00 2.112503668098938137e-01
-4.235802931080535849e+00 4.995706664240944228e+00
-4.675897566759011248e+00 1.132006910331039329e+01
-2.737449985915789696e+00 5.639991830596495781e-01
-5.906586255039469435e+00 3.972174792215196248e+01
-4.480448572339727598e+00 8.107597040518090381e+00
-3.115122343339489674e+00 8.492859569667796649e-01
-4.792134294906598591e+00 1.394349286121678411e+01
-5.100992728112482055e+00 2.264038659398358888e+01
-4.715831449104505246e+00 1.195928906520168056e+01
-4.727015322440171197e+00 1.226500191429450659e+01
-4.579681500172084974e+00 9.441258196365753363e+00
-5.402987017194261554e+00 3.287513485578222117e+01
-5.217017492044376148e+00 2.620567158293171062e+01
-5.010331021552683950e+00 1.996105052182436523e+01
-4.766395235438441347e+00 1.358471169306809578e+01
-4.337184834102474795e+00 6.094418213333263168e+00
-5.037340532250116354e+00 2.083362771224063081e+01
-4.190905902626716362e+00 4.618558916621454458e+00
-5.058675806010887399e+00 2.145910224908042352e+01
-4.070882246608423571e+00 3.760797286793334582e+00
-5.173469877192631294e+00 2.476137495882997186e+01
-3.026906194839032782e+00 7.763649297341633781e-01
-2.318253316595020763e+00 3.943019662212690624e-01
-6.023226416920791415e+00 4.173148054191665324e+01
-4.438395131774552027e+00 7.167722298694672922e+00
-4.659942916550982694e+00 1.113702326507219986e+01
-5.326096178175263596e+00 2.996238922776877800e+01
-4.632622512660695691e+00 1.083895840468868421e+01
-4.752539708821440279e+00 1.323451607954557474e+01
-4.738875062920645753e+00 1.275474186323280001e+01
-4.787179492999479535e+00 1.377570817495485933e+01
-4.705783698150360905e+00 1.183350335837609890e+01
-4.315758507517235998e+00 5.868076987306759307e+00
-2.593710638427312531e+00 4.964794371855416610e-01
-4.415228751839145538e+00 6.938281888452450197e+00
-6.030442562606414647e+00 4.195435040833028495e+01
-4.941901789088284147e+00 1.835565461193501235e+01
-5.305343634987425894e+00 2.916522232506344281e+01
-4.439573014407717011e+00 7.355469533421644890e+00
-4.402166840996936337e+00 6.706553781633072475e+00
-5.335072836447244171e+00 3.041784893448572902e+01
1.035339276648322926e+00 5.682041609154943329e-02
-3.521228561523646050e+00 1.526318294409025667e+00
-3.619634048773563872e+00 1.770199140468989851e+00
-5.184565209981477629e+00 2.510117322866854295e+01
-4.859169150901313294e+00 1.570804906001229106e+01
-4.559902525131683149e+00 9.188992225791720259e+00
-1.814035072414601713e+00 2.615527792060298173e-01
-4.056102360435116516e+00 3.660508056463618765e+00
-2.919836693557524843e+00 6.886795754503732825e-01
-5.381912757786914803e+00 3.191820304269225517e+01
-1.802071116135207873e+00 2.613217128066231409e-01
-3.817867670821549986e+00 2.495548533158407967e+00
-3.079296165230320348e+00 8.079258874213038899e-01
-4.710873907737870070e+00 1.184405431623652127e+01
-2.153307740450858709e+00 3.298945477207325672e-01
-4.420724288964815507e+00 6.957447728898224604e+00
-4.845940134980825320e+00 1.535859398874596771e+01
-5.297367959189690723e+00 2.881030972492474973e+01
-4.919651930175953147e+00 1.784191219368394243e+01
-2.033557840632945091e+00 3.013179649912776092e-01
-5.402987017194261554e+00 3.287513485578222117e+01
6.733050261330619790e-01 6.632905937693590881e-02
-1.384145755129612798e+00 1.882906703277727467e-01
-4.805631889107876198e+00 1.458190655840912520e+01
-1.923659589117211022e+00 2.746627788451672658e-01
-5.312146032426463549e+00 2.930891071749098131e+01
-5.305343634987425894e+00 2.916522232506344281e+01
-2.661701616606047871e+00 5.327640978351569911e-01
-3.628142346236229887e+00 1.825547915851565284e+00
-4.437395278696970813e+00 7.167647539259803580e+00
-3.096599858319513121e-01 1.046365376162776140e-01
-4.056102360435116516e+00 3.660508056463618765e+00
-5.770458838783147471e+00 3.810103919154766317e+01
-6.083330700745181119e+00 4.431353711626933745e+01
-6.033993154249139401e+00 4.196807630744051920e+01
-4.521950157616378974e+00 8.460510486651189765e+00
-4.794812196240725299e+00 1.434761439244567427e+01
-4.801633670837430756e+00 1.448669142104659535e+01
-3.675900533295534789e+00 1.981534103617380138e+00
-4.752539708821440279e+00 1.323451607954557474e+01
-4.344157245665528855e+00 6.109114969903449932e+00
-4.552136281217366687e+00 8.831898300256527889e+00
-5.277567034023986636e+00 2.805613130215806450e+01
-4.623568461996608647e+00 1.060884173928558916e+01
-2.897773802150354072e+00 6.698107606944714298e-01
-2.983844319807328560e+00 7.352828663445457602e-01
-2.833577752749186551e+00 6.238042360305803280e-01
-2.727315818252032287e+00 5.568270181717768219e-01
-9.093344089255146478e-01 1.446870857539412913e-01
-5.056395736207192293e+00 2.129711083691270090e+01
-5.058675806010887399e+00 2.145910224908042352e+01
-4.199179140676248423e+00 4.706981775658856115e+00
-2.479272430676775496e+00 4.457273387943448406e-01
-3.500571094148155815e+00 1.440479940322466401e+00
-4.071552137170342256e+00 3.768883511962660915e+00
-5.136202619315996643e+00 2.376302458522688354e+01
2.801258953308802813e+00 2.902393756288895732e-02
-3.227232259845445483e+00 1.014016602692603408e+00
-4.610326477872866313e+00 1.038071818717798678e+01
-3.396663921404519559e+00 1.263342799779036740e+00
-5.417693521362098252e+00 3.331006428288311128e+01
-1.483113483541276700e+00 1.988894512152821759e-01
-4.009356578375252056e+00 3.397403024780186520e+00
-5.200247061479736033e+00 2.564124140219183090e+01
-3.125830138108503853e+00 8.573395925773134030e-01
-4.404019804727488996e+00 6.720406558172032696e+00
-1.177096993302592987e+00 1.659884779319937831e-01
-4.478960371341405455e+00 8.088498199456168436e+00
-2.925709762250642054e+00 6.886896632828582998e-01
-3.396663921404519559e+00 1.263342799779036740e+00
-6.126996710574941218e+00 4.843458467175283033e+01
-4.939629866727828222e+00 1.821112005564308944e+01
-4.934270180334736189e+00 1.807822575050490244e+01
-4.230006206416499381e+00 4.995115820493198022e+00
-4.289534054865577595e+00 5.577022945950983690e+00
-3.237570670429575692e+00 1.048108552028320650e+00
-8.047801228906940052e-01 1.343346265805907824e-01
-6.417416994875718705e-01 1.229014143636768669e-01
-4.501451952454343264e+00 8.207919709037172495e+00
-2.419948723877368479e+00 4.159797480153406002e-01
-3.910845408393019085e+00 2.903461316293084238e+00
-4.086836117622487663e+00 3.836840835365320945e+00
-4.003965156827931082e+00 3.397395730844180672e+00
-4.454001183881300285e+00 7.721523661421767493e+00
-5.292790625424924400e+00 2.867714429251586594e+01
-5.232068813442091404e+00 2.670672278459649718e+01
-5.231428826296455448e+00 2.654931346897959088e+01
-6.166523082936117284e+00 6.588652684935023274e+01
-6.166256008427280833e+00 6.572697493551180514e+01
-4.811917445850006914e+00 1.470079013220164477e+01
-5.234903913921385765e+00 2.680268066957147255e+01
-6.058527230215227988e+00 4.331803902516919180e+01
-6.137396124777684925e+00 5.052535545895666758e+01
-6.137611931083559291e+00 5.068458505711381434e+01
-5.250236289416533531e+00 2.726629449092856916e+01
-5.540261918848563560e+00 3.581194076220052835e+01
-3.480908258561669300e+00 1.405314893657073627e+00
-5.292790625424924400e+00 2.867714429251586594e+01
-5.288914817225638387e+00 2.854162080357260223e+01
-3.731283985029054673e+00 2.115548708811707090e+00
-4.939629866727828222e+00 1.821112005564308944e+01
-4.610326477872866313e+00 1.038071818717798678e+01
-1.346695257000490420e+00 1.880036638154396200e-01
-5.023820507316282935e+00 2.032419626961516457e+01
-4.552136281217366687e+00 8.831898300256527889e+00
-3.757967353427896118e+00 2.256480088891784863e+00
-4.806139913371351824e+00 1.464500408804603460e+01
-4.086836117622487663e+00 3.836840835365320945e+00
-4.819923159771782650e+00 1.486866839394892814e+01
1.547960970549731252e+00 4.721004091031928002e-02
1.522534841008025719e+00 4.733465604403452875e-02
-3.562891225862295119e+00 1.649196664009145552e+00
-4.439573014407717011e+00 7.355469533421644890e+00
-3.480908258561669300e+00 1.405314893657073627e+00
-5.312146032426463549e+00 2.930891071749098131e+01
-3.216818287040746682e+00 1.004345919142708876e+00
-5.204424845747595896e+00 2.584719127828108398e+01
-4.849153495301692374e+00 1.549395394572391105e+01
-2.391280772737153892e+00 4.133774132717815131e-01
-4.277890789302970731e+00 5.427620093128046719e+00
-4.273708286878997953e+00 5.298830705664503427e+00
-5.277567034023986636e+00 2.805613130215806450e+01
-5.557813669175780014e+00 3.641066024536631573e+01
-2.397375730277583994e+00 4.134772561163589932e-01
-9.093344089255146478e-01 1.446870857539412913e-01
-8.844478604551748724e-01 1.446238126207395336e-01
-4.955070056589106819e+00 1.894730136147003918e+01
-4.458079367346383215e+00 7.728761134014741074e+00
1.460920952833820063e+00 4.769886111104335025e-02
-4.648938503930511779e+00 1.105824757797888047e+01
1.485605658073095414e+00 4.758256289917402876e-02
-3.826397033347632703e+00 2.521593322439614315e+00
-5.643493820384587245e+00 3.721438121918045994e+01
1.460920952833820063e+00 4.769886111104335025e-02
-5.313444874837268017e+00 2.953607689581824047e+01
-3.669863225522322914e+00 1.971722128741142166e+00
-5.129430183930827170e+00 2.341315157202664565e+01
-5.023820507316282935e+00 2.032419626961516457e+01
-3.835585155482779562e+00 2.537127842236162056e+00
-5.030696111387144676e+00 2.065205651187969949e+01
-2.591836662991117812e+00 4.928143115441893096e-01
-3.157228156693869803e+00 8.734002799994518007e-01
-2.357730556148564194e+00 3.955312854554657864e-01
-5.030696111387144676e+00 2.065205651187969949e+01
-4.819923159771782650e+00 1.486866839394892814e+01
-6.043782108280218779e+00 4.205461282433959269e+01
-4.654540088725338975e+00 1.111275357064845970e+01
-2.894454861660184619e+00 6.673568253617812029e-01
-2.982991632868469800e+00 7.323880158721878253e-01
-5.142827855794266156e+00 2.386816901361953569e+01
-5.088809963618791343e+00 2.220495353936571803e+01
-3.035681827756230522e+00 7.879173414284381671e-01
-2.642476012322832357e+00 5.071085062005784572e-01
-5.189835056019061810e+00 2.535913709610581890e+01
-7.417804093920952191e-01 1.334468529378949608e-01
-4.521950157616378974e+00 8.460510486651189765e+00
-5.192513009809875513e+00 2.556930498050732936e+01
-4.954343945079989098e+00 1.880850531308249884e+01
-4.955070056589106819e+00 1.894730136147003918e+01
-8.844478604551748724e-01 1.446238126207395336e-01
-5.235401912974485761e+00 2.684716562467180978e+01
-1.900648400355855916e+00 2.745468067849601845e-01
-2.416392869624662598e+00 4.134798817980194774e-01
-4.740443809532531638e+00 1.298756293929907990e+01
-4.560063893794920276e+00 9.245328298609926776e+00
-4.567297230974965316e+00 9.284425551222993178e+00
-2.828247176944659991e+00 6.237900173922014124e-01
-2.015307072285117407e+00 3.011167184484105364e-01
3.195153102563427883e+00 2.827090251982260910e-02
-4.192100543159546611e+00 4.690209717817105606e+00
-3.607477968334106944e+00 1.760071208331067671e+00
-3.952849710185315057e+00 3.108078974015445528e+00
-5.452841048147135439e+00 3.394458413119117779e+01
-5.551876729769895213e+00 3.594792425617441012e+01
