-5.031664819952104573e+00 7.068794599177128646e+01
1.253665957063859615e+01 4.372616830491622697e-02
-5.029599601381470997e+00 6.515268153182763911e+01
-5.031090681030252476e+00 7.066046350362823603e+01
1.151442877941161491e+01 6.501421199946109952e-02
1.241477854665898484e+01 4.561636212815570884e-02
-4.937478670239092260e+00 5.348605833873108395e+01
-4.936422625171981160e+00 5.129913367451275263e+01
-4.927420215114329594e+00 5.087765543217575726e+01
-4.920512915733660009e+00 4.919640744667675847e+01
-4.956713539762972687e+00 5.630664801370211592e+01
-4.705992119362988113e+00 4.118223752346530375e+01
-4.958560533127009506e+00 5.662615251292746166e+01
-4.997974082171307231e+00 6.284724057716128698e+01
-4.723361814630639977e+00 4.272375442823128822e+01
1.095233623844543125e+01 6.717233807789292632e-02
-4.950221665145591032e+00 5.481372989615944391e+01
1.113338563435278417e+01 6.529385372555655820e-02
-3.274508829948393096e+00 3.529863894552337911e+01
-4.415748820042159295e+00 3.989155449530436925e+01
-4.771835413305487883e+00 4.398116780946963189e+01
8.936383719075791987e+00 1.526701015570887943e-01
-4.724490850317716983e+00 4.282512761337546436e+01
-3.399125690746842121e+00 3.587599358861597665e+01
-4.893104108397086094e+00 4.652420116790456461e+01
-4.959685854764781965e+00 5.803847259331594444e+01
1.060966521245674876e+01 8.666276748267884300e-02
-4.919605416020859323e+00 4.903717500596107470e+01
-4.984618658888736675e+00 5.937191858538006528e+01
-4.326536135169833486e+00 3.892994103139015039e+01
-4.917792151878845885e+00 4.783974859184170469e+01
1.032836339706121365e+01 8.668175905446132146e-02
-4.994363698239273397e+00 6.160792253123232598e+01
-5.024710882932707179e+00 6.478912040883562895e+01
-3.973731165881237537e+00 3.736178535544241441e+01
1.060966521245674876e+01 8.666276748267884300e-02
-4.874878355501934379e+00 4.565882073427075483e+01
-3.578068023806483478e+00 3.641167539561470790e+01
-4.984848476828026342e+00 6.036717649277552766e+01
-8.778197114901149511e-01 1.408839193044009264e+01
-3.599706734486780579e+00 3.655578859900246869e+01
-2.939016981331417533e+00 3.342779083653257288e+01
8.702460743460759929e+00 1.529273298467118680e-01
-3.211643720281889269e+00 3.512807050603380077e+01
9.708477734438401896e+00 1.087513291282837524e-01
-3.111972438873363167e+00 3.503546230103234649e+01
-3.820091765428638819e+00 3.655972426009347487e+01
-3.405286544108187652e+00 3.624300219957594038e+01
8.414122097551482327e+00 1.741090766169897663e-01
-2.959280679509689094e+00 3.421686666211206074e+01
-8.808931632740357731e-01 1.469279448857966131e+01
-4.278517880916569815e+00 3.890575273740039108e+01
5.675451731091326835e+00 4.532983727347781322e-01
-4.990986959073153706e+00 6.090388900755704071e+01
6.227545225960740893e+00 3.797618049901183568e-01
9.855139246013575161e+00 1.087409913866688588e-01
5.205560789487029716e+00 5.247215488672908323e-01
-1.355316839815413843e+00 1.922825892809986570e+01
-5.018461911505386119e+00 6.398310628597106842e+01
-1.920555933991289654e+00 2.467577231911686297e+01
-7.418366570747273459e-01 1.278515328551610786e+01
-1.376127622948018603e+00 1.979584186658616929e+01
-4.941158382758958467e+00 5.377807086777822576e+01
2.854683394477910419e+00 1.070768982743054432e+00
-4.489875953167611122e+00 4.022283913582535320e+01
-1.460202989635721593e+00 2.039158628233787596e+01
-4.092103638277284183e+00 3.757123615983062592e+01
9.916970786605924459e+00 1.087225121403680717e-01
-4.185849825502415911e+00 3.786570769107306944e+01
7.848923357876925522e+00 2.193065397205234690e-01
2.983159789494166159e+00 9.914456395999280414e-01
-4.949704639196141009e+00 5.433451719180032313e+01
8.599112002550402423e+00 1.737189217022463428e-01
2.728378361288518406e+00 1.142593880435058606e+00
4.009187263891344166e+00 7.343604679292108361e-01
-4.993065715111725034e+00 6.144819583581851674e+01
9.374801612760181868e+00 1.312660873021100350e-01
1.938841148848932106e+00 1.680616667446270363e+00
7.677501772135082447e+00 2.397611049213955736e-01
-2.524561851853460936e+00 3.014021721053764225e+01
5.973910365151314794e-01 4.146325361554120903e+00
-3.052393876175266030e+00 3.454512711619248932e+01
-2.959280679509689094e+00 3.421686666211206074e+01
-5.001674017150403273e+00 6.326330889716513894e+01
-4.866284319062825325e+00 4.507086735911352093e+01
6.563489139418775764e+00 3.438381576808088869e-01
8.311710960089447653e+00 1.757533404286333034e-01
-1.838545885593544815e+00 2.385395485060448095e+01
-2.111981650183808235e+00 2.606151088224044443e+01
3.513828029637833250e-01 5.262993205739840974e+00
-4.650494216870200148e+00 4.050925764988603817e+01
-1.133634918101270816e+00 1.681113877800910927e+01
-3.914727776367641354e+00 3.714191175905590114e+01
-4.259653954157740507e+00 3.833829912547547991e+01
-7.750563505927582364e-01 1.287881993438730177e+01
-7.777470333075771070e-01 1.328082936870473318e+01
-1.771136688824280547e+00 2.320210858243376961e+01
9.217335872391689833e+00 1.312811962689195144e-01
-4.902361818097596746e+00 4.766800969910102737e+01
9.119228539931121702e+00 1.316137464314172112e-01
-2.142647690112583270e+00 2.634073258903791270e+01
3.926073013714705406e-01 5.212274676000522078e+00
-4.870150929297647480e+00 4.556565334137360423e+01
6.775494702049721596e+00 3.252995947264494259e-01
-1.578019564054690571e+00 2.126847393439220824e+01
5.528960998673508875e+00 4.681235084167253424e-01
8.017893214062084439e+00 2.182840213162352550e-01
2.028484410758006895e+00 1.649091677943742784e+00
-1.157985467691666326e+00 1.720237327618418632e+01
-1.601365923223328602e+00 2.177414781148178946e+01
-2.894998404977303430e+00 3.318161130517567159e+01
8.747696507790678755e-01 3.395682258799825881e+00
2.897810752266839707e+00 1.036103925724014108e+00
-1.476243711479990672e+00 2.087368657350453205e+01
-4.153673749203462329e+00 3.766798304124036889e+01
-1.904813907339331092e+00 2.425347252750053073e+01
-7.292456912591134266e-01 1.225618590850980993e+01
2.812827169988098563e-01 5.430906783915057545e+00
-1.174832874855304077e+00 1.771091164632390047e+01
-1.797385446790514374e+00 2.356690899512148718e+01
-1.845203362778527367e+00 2.416097868673577764e+01
4.380705142797775231e+00 6.750585954466646887e-01
2.528516675757317866e+00 1.203171767060481567e+00
4.241800742566007032e-01 4.931779640476925408e+00
5.264317349630622672e-02 6.955384706823769747e+00
9.482359860965525300e+00 1.106825183217018671e-01
4.146102696221242390e+00 7.244580150063144597e-01
-4.585865713918271247e+00 4.039573734958359097e+01
8.082764672170497988e+00 2.177098194653704077e-01
2.621378519490420889e+00 1.157864638061494533e+00
4.684206387660275084e+00 6.258049158705105697e-01
-5.531798888332397635e-01 1.140059028694975751e+01
-1.110783560762176769e+00 1.636091527561071146e+01
-4.963593378098039466e+00 5.813470494395961907e+01
-1.115176934556558974e+00 1.669430394555863728e+01
2.428880338777404724e+00 1.282240788691323408e+00
-1.404676503263565301e+00 1.983275763614621567e+01
-1.024300666975537233e+00 1.576439594337918315e+01
-8.191058938481377005e-01 1.341707551974713475e+01
-2.211888783170422812e+00 2.712149534039243548e+01
-3.632102904994243819e-01 9.523024373250448704e+00
4.539522636341843942e+00 6.513862121225028057e-01
-4.235403066329792132e+00 3.810219569121871075e+01
-8.410210513152551748e-01 1.378653435283478679e+01
1.106856993874496098e+01 6.624013209725222728e-02
7.334547866475049638e+00 2.685027520558216363e-01
-2.631671650335710932e+00 3.089058459286747294e+01
-5.007941155258125221e+00 6.365143609946704117e+01
-6.093633934777041850e-01 1.153830067219623068e+01
-4.324689448104314660e-01 1.025696170345680081e+01
1.004549214286482339e+01 1.084267234254377710e-01
8.205010556463047111e-01 3.512512096479986301e+00
-4.807533636670549004e-01 1.084138797919446162e+01
5.752203725901729570e+00 4.463042462519964393e-01
6.649202696843462768e+00 3.266625403176987019e-01
-2.204943443253050805e+00 2.697743649806998079e+01
9.529552383692838191e+00 1.102108275502279855e-01
4.943389056190536479e+00 5.777706336655401564e-01
5.868304531839210192e+00 4.352670661452103240e-01
4.925033912949357551e-01 4.478580001159896185e+00
-4.534164237526902008e-01 1.065030665533294574e+01
9.060756084301036850e+00 1.324538449979202615e-01
-2.417621930879523262e+00 2.898849922437354820e+01
6.562129798404141567e-01 4.065872822227447614e+00
3.069302177749894778e+00 9.636564514759711209e-01
-7.149774095821440634e-01 1.209011534980423441e+01
7.140533599622775007e+00 2.822578459141705798e-01
3.571061130118802218e+00 8.150924693379000274e-01
-1.152121025811438271e+00 1.720232248742901504e+01
-2.754586344715125090e+00 3.213981914440990550e+01
-4.897296940593955483e+00 4.699462669392846692e+01
1.661279175137668318e+00 2.012691529110703481e+00
7.083610007303199119e+00 2.942862879126793008e-01
6.480628773651019081e+00 3.445400849486260353e-01
-2.430566963968425309e+00 2.911463990604385899e+01
7.595189911463731569e+00 2.411002277622008583e-01
-4.836437448252068450e+00 4.461281742948103357e+01
-2.338440326325404772e+00 2.817042067802899297e+01
-2.324066843659112980e+00 2.791394477451062173e+01
-2.211972632848584475e+00 2.748471649584018195e+01
4.792632243930493807e+00 6.011643478869356239e-01
-1.691956128503071977e+00 2.250842968378142928e+01
4.216974154137973940e+00 7.105851117885528812e-01
1.285952092442979477e+00 2.612556397163255273e+00
-2.585280359357515212e-01 8.641622302486144491e+00
-2.287583774039260387e+00 2.789633754811759658e+01
-4.898326275905678706e+00 4.721461150675504825e+01
1.100173286734016642e+01 6.634510805485850649e-02
6.339524075182934482e+00 3.787412294667235613e-01
-9.157544262341512642e-01 1.509866463959373917e+01
3.855424403529817745e+00 7.748114322613307570e-01
-2.827095488448404526e-01 8.751509360709844643e+00
4.746217528100517669e+00 6.129233713237716152e-01
-2.012620964769245457e+00 2.539159898915312041e+01
-9.739457258470487488e-01 1.546925305945900675e+01
-2.150520320402800500e+00 2.653109776339254466e+01
5.319030880781215664e+00 5.230156082416366203e-01
-3.894783377358012721e+00 3.702700051492455913e+01
-1.189670379110197906e+00 1.803579460223577513e+01
7.805092785764077001e-02 6.437859381613685983e+00
-4.464804135301283949e+00 4.010088736699050571e+01
-2.748853445585134114e+00 3.203595459146069402e+01
9.394096038360945755e+00 1.310182138302002086e-01
1.316328173412701252e+00 2.522995204154741433e+00
-5.260418650206237778e-01 1.109977690281183094e+01
-1.810600968250416276e+00 2.361880715686852739e+01
-2.598046969036929443e+00 3.081386459884839724e+01
1.010146162570423201e+01 8.873572850534666712e-02
-1.319582737246960180e+00 1.896832912926341663e+01
3.244591446589552675e+00 9.001626465435426105e-01
-8.412825123334548572e-01 1.385963871570342576e+01
-2.513676959882487072e+00 2.975436177147028260e+01
1.707015363543422426e+00 2.010514608803814163e+00
-2.571053906039288073e+00 3.057400540538041511e+01
-1.957312790960919591e+00 2.485513265286856210e+01
8.216921067589565197e+00 1.960814710400721472e-01
7.013549395164596634e-01 3.837292419797122545e+00
-4.861262196368925537e+00 4.490651447615389458e+01
-4.893849326767748531e-01 1.102143009678817442e+01
7.534637813272453855e+00 2.548157877974610575e-01
2.359583736806547094e+00 1.313922886667341805e+00
1.231930231088161909e+00 2.654244299022310294e+00
8.636869335025190608e+00 1.539988458089334156e-01
-4.949743720394846669e+00 5.449444499774588735e+01
6.381822861657442836e+00 3.655652529706031051e-01
6.087099360034669004e+00 4.099849424994679858e-01
1.015273719961735210e+01 8.798124507782179027e-02
-2.691594369129452602e+00 3.151240484415077603e+01
-2.435135904929338346e-01 8.438704239047709166e+00
-1.406781490379489075e+00 2.021081265221865308e+01
-4.928332622209367742e+00 5.103741810522172528e+01
-4.966570907368846655e+00 5.855406163877429293e+01
-4.785351160701758033e+00 4.422387639558571948e+01
-1.530330769508528421e+00 2.108203545438894366e+01
-2.174847246560485114e+00 2.675776139805105203e+01
-1.735084900100736460e+00 2.297292743575114926e+01
-2.083153640430611908e+00 2.578419700243994939e+01
-2.698461769957061218e+00 3.161749150617169235e+01
8.150669172103503612e+00 1.976441054759290050e-01
1.558729817724058497e+00 2.129963806736401288e+00
-1.109389561446495753e-01 7.855476336938536974e+00
7.785253331100819851e-01 3.525567928161926101e+00
3.351826851680646424e+00 8.887809424196144725e-01
-2.919813962777410232e+00 3.339637655055560117e+01
6.926691819305976772e+00 3.076751802057470231e-01
-3.100255027889121884e+00 3.467763638383041780e+01
-1.914822441255553120e-01 8.249111156063140271e+00
3.599409239946146588e+00 8.126557632480135851e-01
3.969780940784538803e+00 7.478343760952016472e-01
1.813529641251406810e+00 1.854306605123741791e+00
2.546439904962582101e+00 1.186011905796208188e+00
6.447353591135049911e+00 3.624899242213642792e-01
-9.558837415137564353e-01 1.526550267081491796e+01
1.143258248694575929e+00 2.846426667291409807e+00
-1.606595053033331943e+00 2.195883641435503009e+01
-1.054794513616240437e+00 1.613067324800315205e+01
8.382720514132142142e+00 1.746178008246272451e-01
-5.007544772575654335e+00 6.350594339826735535e+01
3.737986106894847893e+00 7.854640418758583875e-01
-5.490451212919990054e-01 1.123412809567380677e+01
3.674093578731348675e+00 8.082760240434733179e-01
5.934957194525029678e+00 4.252982726135135505e-01
-2.858216165584670510e+00 3.304469421788862604e+01
-4.458451845208458053e+00 3.989490880340609635e+01
-2.818268075923623162e+00 3.282117768026249394e+01
7.930737693315415449e+00 2.182851888665436335e-01
-1.330065741740734664e+00 1.914962006106065928e+01
-1.696283498162410197e+00 2.266147374998096353e+01
4.502374863611488531e-01 4.718710327927631454e+00
9.609501708415315591e+00 1.098689368486751999e-01
2.547319792773076186e-01 5.686395049334656449e+00
1.375085763763885804e+00 2.518153642223469380e+00
-2.473659347633500261e+00 2.961980533176379637e+01
6.974492487383258776e+00 2.955104068055956490e-01
9.629453596031007478e+00 1.091795533500557469e-01
-2.228527022735550533e-01 8.352863654164718099e+00
9.892881853367183620e-01 3.263373791978884331e+00
6.132895280559324647e+00 3.960829288982719576e-01
6.873785025612653143e+00 3.131067484794786138e-01
-1.710536686967998876e-01 8.139337675652733139e+00
9.217335872391689833e+00 1.312811962689195144e-01
-3.862227359953861683e+00 3.689540981540375242e+01
-4.839798910795342302e+00 4.473463974276351252e+01
-2.090548896226446463e+00 2.587995984296112439e+01
5.773851451611049235e-02 6.644988902493353500e+00
-3.399915563865665291e+00 3.624288869135762781e+01
5.585557836240945262e-01 4.379139012454867697e+00
-3.825215896798830340e-01 9.981160928269321886e+00
-1.174832874855304077e+00 1.771091164632390047e+01
-1.490580953702981049e+00 2.094200019417455039e+01
1.771391178667988342e+00 2.006067071131147461e+00
-4.658817681807947864e+00 4.076494186678179688e+01
3.484946036385316859e+00 8.489026177421735708e-01
-2.278880210838583942e+00 2.762550018751397474e+01
7.474085669485460715e-01 3.805446193511133224e+00
5.115602431145187978e+00 5.392612131581487889e-01
4.471695073137984089e+00 6.659237617131509301e-01
-2.467173691855377715e+00 2.952157584723570594e+01
-1.756668700310917819e+00 2.309708947502944199e+01
-5.018461911505386119e+00 6.398310628597106842e+01
-3.822177098539065732e+00 3.677332681598649344e+01
-2.026785989737106330e+00 2.549547223038955224e+01
-4.585865713918271247e+00 4.039573734958359097e+01
-3.129599827298340520e-01 9.128062134898186741e+00
1.172089126619619170e+00 2.754598805225546343e+00
1.512543377086899898e+00 2.158996865130745402e+00
5.585557836240945262e-01 4.379139012454867697e+00
-1.617012642283716106e+00 2.214731148689266149e+01
3.151723980052432150e+00 9.326089890654413184e-01
3.093840879698097179e+00 9.384814381782958792e-01
2.762799604016911714e-01 5.538854415019267563e+00
9.306214291351013745e-01 3.357605996888100908e+00
-2.778102874175532921e+00 3.240712251944908928e+01
6.647763527706624487e+00 3.268490395904706247e-01
1.435465143127853560e+00 2.265008838089050069e+00
1.246728291430948232e+01 4.473418114830692710e-02
-1.540803404983322800e+00 2.117016998969948105e+01
1.881628121985353896e+00 1.768755059266782226e+00
2.290671597709247109e+00 1.380655711432104527e+00
-4.662802560002845986e+00 4.084068219982781756e+01
1.016285102537984875e+00 3.205654216940363010e+00
7.390882073490860016e+00 2.609523448724068162e-01
4.335215412313281114e+00 6.868465994756169923e-01
-1.249054324142182315e+00 1.853442457755794948e+01
1.107725682447080473e+00 2.912911608859436896e+00
-1.428855815759064063e+00 2.028553539716366672e+01
-1.228395859725667894e+00 1.847668000153257850e+01
-2.590001233374165768e+00 3.060607975940289194e+01
3.409412022409143539e+00 8.516734679481381409e-01
-1.651310199343098750e+00 2.235450267137640168e+01
-4.113337615446767792e+00 3.757151820769345818e+01
-4.821094998845893542e+00 4.433037220807160139e+01
2.121035203873993691e+00 1.503686463595420575e+00
2.318287760336550818e+00 1.336205430991830534e+00
1.030736812603921138e+00 3.074011813375876923e+00
1.207964163096981292e+00 2.738262575362389484e+00
-2.568321103546372886e+00 3.024408884750665649e+01
-1.989796753290395737e+00 2.489743648462894043e+01
4.257167612394330725e+00 6.985737892784736891e-01
1.349180629276922061e-01 6.162823497594476230e+00
1.026647451874418771e+01 8.697717951296662919e-02
-2.235934535644341192e+00 2.750153156167401391e+01
1.125881513705569437e-01 6.267199270982656500e+00
4.860731566538370352e+00 5.975014784349639285e-01
1.416893032422416487e+00 2.385343500203994438e+00
-2.360997674581378991e+00 2.839296419038040042e+01
2.373085697271571926e-01 5.858432997863722846e+00
-4.245726672981909644e+00 3.815720085299705033e+01
7.650489780967216547e+00 2.401357288905303367e-01
-1.901354531374491952e+00 2.417117876591575154e+01
-5.014821366041068845e-02 7.476412999232726619e+00
9.333309746620860325e-01 3.269070520279448999e+00
5.451472477838319897e+00 4.826451753853153726e-01
5.360587530251016197e+00 5.085954533826587687e-01
-6.331064808750130890e-02 7.534476163262276316e+00
-4.982307791558294063e+00 5.905245182061368325e+01
-9.550447108830317777e-01 1.512805767287230907e+01
1.052421436311917979e+00 3.009749080750684147e+00
-2.714561538364238746e+00 3.184756598827868146e+01
5.527608917581012804e+00 4.722670659778608337e-01
4.296682471982228080e+00 6.919292166043465864e-01
-3.096102734750363350e+00 3.467698637390886063e+01
4.939780268969562287e-03 7.000093512912863858e+00
-2.171970958616963987e+00 2.668087860415110413e+01
-2.313657118566998100e-02 7.364476736989464811e+00
4.598838048543750112e+00 6.420513722221169450e-01
-2.399754383738506913e+00 2.873866848976068056e+01
-4.949877045459435188e+00 5.476980287906895484e+01
1.805440996255118336e+00 1.882404995263557090e+00
4.979382505041249907e+00 5.654850305847944902e-01
5.019567482833335426e+00 5.633417452818850757e-01
1.079325721829218265e+00 2.941455927532594661e+00
5.974711103793524991e+00 4.250058157653548441e-01
-1.220994506780289424e+00 1.829749267282838332e+01
1.881628121985353896e+00 1.768755059266782226e+00
1.609263944741550878e+00 2.103349684722335411e+00
4.397352265462736720e-01 4.833402713088613467e+00
-1.654400993464625103e+00 2.235524575046708406e+01
-9.959044957227333184e-01 1.556275245020511555e+01
-4.966570907368846655e+00 5.855406163877429293e+01
-4.967370694012567256e+00 5.886661914063382994e+01
-1.210094650161559926e+00 1.823159473632905758e+01
-4.671256113344568917e+00 4.107190396848150016e+01
1.620791840083467272e-01 6.009906063337190574e+00
2.421773975636347664e+00 1.312804737171214153e+00
9.386457951251510334e-02 6.334708551860376957e+00
-2.637481655356483490e+00 3.117643551574371230e+01
-1.085934768157437835e+00 1.626789404734352118e+01
-7.570580480172901805e-02 7.703431222912376697e+00
-3.052393876175266030e+00 3.454512711619248932e+01
-4.937525545444517050e+00 5.358595274618087956e+01
3.484946036385316859e+00 8.489026177421735708e-01
-2.463438874449715321e+00 2.928656793722417717e+01
-7.998919462052169749e-01 1.341636952416543949e+01
-2.070279058140601425e+00 2.553349454070800562e+01
-2.669446707533238428e+00 3.130053065309521543e+01
1.410033672047200648e+00 2.498451686007872929e+00
2.081632698241129287e+00 1.565600989639187590e+00
-3.239748021699760394e-01 9.211460579045009922e+00
4.146102696221242390e+00 7.244580150063144597e-01
-3.660286550587303900e-01 9.809710424322698685e+00
-4.986921907533043097e+00 6.062225565718281217e+01
-1.999561818095338728e+00 2.514617839113035913e+01
6.829536635192236638e+00 3.133670496774473846e-01
2.068692361603525764e+00 1.593995613612618323e+00
-4.784625812268375356e+00 4.404577979007761002e+01
-9.061287761006606711e-01 1.485956506293724111e+01
-2.266025496282256579e+00 2.760488961017083653e+01
-3.378383745720788256e-01 9.387533976647338463e+00
-2.508868873789769971e+00 2.975379119378282411e+01
-2.808328302603618098e+00 3.258063206032683468e+01
-2.778102874175532921e+00 3.240712251944908928e+01
-2.714561538364238746e+00 3.184756598827868146e+01
-4.929960558764769907e+00 5.129909541998426192e+01
-9.071654021134450963e-02 7.732042556822939616e+00
4.860731566538370352e+00 5.975014784349639285e-01
7.263379389516467555e+00 2.724651039879579795e-01
-1.999561818095338728e+00 2.514617839113035913e+01
-6.507694408171400546e-01 1.181024590213812253e+01
2.243490150119853421e+00 1.392629166189534695e+00
-4.092271306161063826e-01 1.014922566818634664e+01
2.199494888841895701e+00 1.485637775350627576e+00
4.471695073137984089e+00 6.659237617131509301e-01
-2.548172777790031623e-03 7.197118008385237076e+00
4.615879562828458127e+00 6.365270312036745981e-01
-3.852744686353348325e+00 3.680235475731132766e+01
2.674221486426233696e+00 1.151831705511590753e+00
3.178388069102630720e+00 9.149931570109194334e-01
7.489754935995218688e+00 2.566784086697184719e-01
7.420999324368912298e+00 2.608193267138359528e-01
-2.808328302603618098e+00 3.258063206032683468e+01
1.250432438474211416e+01 4.416247901232603357e-02
-2.568321103546372886e+00 3.024408884750665649e+01
3.696833790906362438e+00 7.946971953745207706e-01
-1.259760955352515088e+00 1.871511016916784342e+01
5.875824839480222828e+00 4.352375658095847810e-01
-1.204052706433666131e+00 1.805095333396539203e+01
5.735931086606407270e+00 4.489604314727281831e-01
6.028273809095377800e+00 4.105856609063768814e-01
7.917611835939083242e+00 2.192561047572775257e-01
7.861991941017937968e+00 2.192746572993626852e-01
-3.975545017645304990e-01 1.006857359941374952e+01
-4.534164237526902008e-01 1.065030665533294574e+01
-6.904134267329188335e-01 1.191520689129949240e+01
3.304178220595918702e+00 8.958397145563015140e-01
2.012688210872383698e-01 5.973321239719274978e+00
2.227618151124598267e+00 1.414898172282424316e+00
3.405692233307763050e+00 8.785105533465289440e-01
4.648571852236256796e-01 4.531229799423639903e+00
-6.449276323328293481e-01 1.181018640712705903e+01
-1.295218423610760228e+00 1.883858852397699479e+01
8.702460743460759929e+00 1.529273298467118680e-01
7.204008072117550121e+00 2.816057042673274502e-01
-6.904134267329188335e-01 1.191520689129949240e+01
-1.197160368509759126e-01 8.041331668417267764e+00
1.469379411316175998e+00 2.234764246486847128e+00
-4.986921907533043097e+00 6.062225565718281217e+01
1.448276554712803754e-01 6.059016807902311008e+00
-2.840613020336862249e+00 3.285523112397299883e+01
1.113338563435278417e+01 6.529385372555655820e-02
-1.250543259750582503e-01 8.120515532827178973e+00
-1.034620874477070185e+00 1.594425896093745365e+01
-2.851011393783585479e+00 3.295156792345761687e+01
-6.263071293987518828e-01 1.164235883270100480e+01
3.796589751145643898e+00 7.849785376482238952e-01
-4.984848476828026342e+00 6.036717649277552766e+01
-2.993180727166787625e-01 8.940410272264863067e+00
9.060756084301036850e+00 1.324538449979202615e-01
5.059285302289054265e+00 5.510120818534762765e-01
-2.637481655356483490e+00 3.117643551574371230e+01
-2.669446707533238428e+00 3.130053065309521543e+01
-2.364983112235071960e+00 2.862779317204363139e+01
-2.364983112235071960e+00 2.862779317204363139e+01
-2.399754383738506913e+00 2.873866848976068056e+01
-4.821094998845893542e+00 4.433037220807160139e+01
-1.907614611866523605e-02 7.278729313948816504e+00
-2.463438874449715321e+00 2.928656793722417717e+01
-4.675750587929323743e+00 4.110316504506854329e+01
-1.712809337422671607e+00 2.282794313888100035e+01
1.484488365268530119e+00 2.198398432680395587e+00
1.029298408115766605e+01 8.686758957695708827e-02
-9.015245673767269263e-01 1.485890613867171162e+01
3.910216792099586058e+00 7.571986710747542482e-01
-1.574041608378411450e+00 2.126767089101939945e+01
7.263379389516467555e+00 2.724651039879579795e-01
3.801039110733262394e+00 7.827538512093015211e-01
-4.982307791558294063e+00 5.905245182061368325e+01
-4.967370694012567256e+00 5.886661914063382994e+01
7.023011261269182626e+00 2.954816164436105952e-01
1.004549214286482339e+01 1.084267234254377710e-01
3.285594372098597393e+00 8.958744606934183619e-01
7.589967881136457928e-01 3.690949999913684998e+00
5.448116879592336481e+00 4.826892048586537420e-01
-2.993180727166787625e-01 8.940410272264863067e+00
2.387365745024725705e-01 5.790249413090071684e+00
7.204008072117550121e+00 2.816057042673274502e-01
5.115602431145187978e+00 5.392612131581487889e-01
3.910216792099586058e+00 7.571986710747542482e-01
-3.660286550587303900e-01 9.809710424322698685e+00
-4.259653954157740507e+00 3.833829912547547991e+01
6.721566030407322145e-01 3.947484257780358607e+00
-1.716857129107536073e+00 2.282868977960626466e+01
-4.903268066359875554e+00 4.782724608164217273e+01
-3.332987805065631415e-01 9.346950975648114834e+00
-3.581083640531249834e+00 3.653887994571463338e+01
1.020905392849697435e+01 8.703297758086635250e-02
-1.613968865660660335e+00 2.214033455238800485e+01
2.148891901375361346e+00 1.491924135480274805e+00
1.607017596142258586e+00 2.112352605835451591e+00
-2.348390028384689465e+00 2.829487047302588110e+01
5.394603528756084287e+00 4.970755083024107623e-01
6.799895571711710218e+00 3.137849143358387161e-01
-1.034620874477070185e+00 1.594425896093745365e+01
-1.295218423610760228e+00 1.883858852397699479e+01
5.773851451611049235e-02 6.644988902493353500e+00
1.020905392849697435e+01 8.703297758086635250e-02
2.901201213198260215e-03 7.080254766110226861e+00
2.690083691004079736e+00 1.151544137416483427e+00
-4.897296940593955483e+00 4.699462669392846692e+01
-4.898326275905678706e+00 4.721461150675504825e+01
