0.000000000000000000e+00 1.173181201448080142e-03 1.092801686515678522e-03 4.560114542350304134e+01 2.508075675060755216e+01 2.110139522177564885e-04 3.566820820504548045e-03
0.000000000000000000e+00 1.173181201448080142e-03 1.092801686515678522e-03 2.714089115431556065e-02 6.683682738128359467e-03 8.901172712619649869e-04 6.745494253246580273e-03
0.000000000000000000e+00 1.173181201448080142e-03 2.262668557909372838e-02 4.923114776553475025e+01 1.589395606473961031e+01 2.110139522177564885e-04 3.566820820504548045e-03
0.000000000000000000e+00 1.173181201448080142e-03 1.092801686515678522e-03 4.523814914743707760e+01 2.541627053853046192e+01 2.110139522177564885e-04 3.566820820504548045e-03
0.000000000000000000e+00 2.269206682844730760e-02 8.901172712619649869e-04 2.714563176316988832e-02 6.697530555615437489e-03 8.913350253510659085e-04 6.697530555615437489e-03
0.000000000000000000e+00 1.173181201448080142e-03 1.092801686515678522e-03 2.714089115431556065e-02 7.691695581519059598e-03 8.901172712619649869e-04 7.627675233095362883e-03
0.000000000000000000e+00 1.173181201448080142e-03 1.935552485754239216e+00 3.217198543589421433e+01 1.937356940110846537e+01 2.110139522177564885e-04 3.566820820504548045e-03
0.000000000000000000e+00 2.269206682844730760e-02 1.870340331078790497e+00 3.326097745225418123e+01 1.614134598957861044e+01 2.110139522177564885e-04 3.566820820504548045e-03
0.000000000000000000e+00 1.096432395636813828e-01 1.848607366055588175e+00 3.289797565982934202e+01 1.601765133195442559e+01 2.110139522177564885e-04 3.566820820504548045e-03
0.000000000000000000e+00 1.173181201448080142e-03 2.027390168975780949e+00 3.471295422191361979e+01 1.245115029434167830e+01 2.110139522177564885e-04 3.528566292015173668e-03
0.000000000000000000e+00 1.173181201448080142e-03 1.500796622078068854e+00 3.398691119295643404e+01 2.081398918269344733e+01 2.110139522177564885e-04 3.566820820504548045e-03
0.000000000000000000e+00 2.049726154059035466e+00 5.534742866552393004e+00 2.418461604536813780e+01 9.409374622713016834e+00 2.110139522177564885e-04 3.566820820504548045e-03
0.000000000000000000e+00 1.173181201448080142e-03 1.457321035710454016e+00 3.434989127854939284e+01 2.081398918269344733e+01 2.110139522177564885e-04 3.566820820504548045e-03
0.000000000000000000e+00 1.173181201448080142e-03 2.262668557909372838e-02 5.358710307832630093e+01 9.232636095307158897e+00 2.110139522177564885e-04 3.490522795068585430e-03
0.000000000000000000e+00 1.957355660187400703e+00 5.454577188908487528e+00 2.327723913331204386e+01 1.203080461105064103e+01 2.110139522177564885e-04 3.566820820504548045e-03
0.000000000000000000e+00 1.173181201448080142e-03 2.262668557909372838e-02 5.407838579360856046e-03 2.942948876532808927e-02 8.913350253510659085e-04 7.643808927311098768e-03
0.000000000000000000e+00 2.269206682844730760e-02 1.392108881035005075e+00 3.725384337847314953e+01 1.614134598957861044e+01 2.110139522177564885e-04 3.528566292015173668e-03
0.000000000000000000e+00 1.173181201448080142e-03 2.262668557909372838e-02 2.714563176316988832e-02 6.697530555615437489e-03 8.913350253510659085e-04 6.759489600878364896e-03
0.000000000000000000e+00 2.205609196709266584e+00 4.813298982981194740e+00 2.037323152814004601e+01 7.357272538085196878e+00 4.624852724987058572e-01 8.674142710896748376e-02
0.000000000000000000e+00 3.107470439568946308e+00 6.752204979470517010e+00 2.363957317968863947e+01 6.350841928941024506e+00 3.746440473903190488e-02 3.999562896212061937e-03
0.000000000000000000e+00 4.442986001225633641e-02 6.446991870690498949e+00 3.253433433659464669e+01 4.923770726424094413e+00 2.815049295306910199e-02 3.490522795068585430e-03
0.000000000000000000e+00 1.173181201448080142e-03 4.436447876290276066e-02 5.412524783431905441e-03 7.234826859741497196e-02 8.949454318686140761e-04 2.847670278002246633e-02
0.000000000000000000e+00 1.957355660187400703e+00 5.374415367874529004e+00 2.345877413949017409e+01 1.203080461105064103e+01 2.110139522177564885e-04 3.566820820504548045e-03
0.000000000000000000e+00 2.227878202802155982e+00 7.997867627109527255e+00 1.982797282083420853e+01 3.203525001293611396e+00 2.151524082525141601e+00 4.672258540513271607e-01
0.000000000000000000e+00 6.616765319606536522e-02 2.964902387003841788e+00 3.416834766988323935e+01 9.321005623048696620e+00 2.110139522177564885e-04 3.566820820504548045e-03
0.000000000000000000e+00 1.313810327474904116e-01 5.286597235682495288e-01 4.523928541330671038e+01 1.213540684344927101e+01 2.110139522177564885e-04 3.528566292015173668e-03
0.000000000000000000e+00 1.173181201448080142e-03 2.262668557909372838e-02 2.714563176316988832e-02 6.697530555615437489e-03 8.913350253510659085e-04 2.812840335800064623e-02
0.000000000000000000e+00 1.173181201448080142e-03 2.049659175068670347e+00 3.453145277510504485e+01 1.245115029434167830e+01 2.110139522177564885e-04 3.528566292015173668e-03
0.000000000000000000e+00 1.173181201448080142e-03 5.878093083581141798e-01 4.632804622123459382e+01 1.245115029434167830e+01 2.110139522177564885e-04 3.528566292015173668e-03
0.000000000000000000e+00 3.050475587773337605e+00 2.557908053763815914e+00 2.672604876352912839e+01 5.963176670151071335e+00 6.190314795416352878e-01 1.330047663116363903e-02
0.000000000000000000e+00 1.173181201448080142e-03 2.227811223811790864e+00 3.326092162112279027e+01 1.234606473093295875e+01 2.110139522177564885e-04 3.566820820504548045e-03
0.000000000000000000e+00 1.173181201448080142e-03 4.436447876290276066e-02 5.412524783431905441e-03 2.843532373942446803e-02 8.925456451359593162e-04 6.403704922118153182e-03
0.000000000000000000e+00 1.313810327474904116e-01 1.530606868603821558e-01 4.886859093703854739e+01 1.245115029434167830e+01 2.110139522177564885e-04 3.528566292015173668e-03
0.000000000000000000e+00 1.173181201448080142e-03 8.784006513051878517e-02 4.904976564477286161e+01 1.564656368295806388e+01 2.110139522177564885e-04 3.566820820504548045e-03
0.000000000000000000e+00 2.183340190616375853e+00 8.101568165780522079e+00 2.000951798645571245e+01 5.410344903732869248e+00 1.265765693913614154e+00 3.912484149433200220e-01
0.000000000000000000e+00 1.173181201448080142e-03 2.262668557909372838e-02 2.714563176316988832e-02 6.697530555615437489e-03 8.913350253510659085e-04 2.812840335800064623e-02
0.000000000000000000e+00 1.173181201448080142e-03 4.342661828978285676e+00 3.199020226626960550e+01 9.321005623048696620e+00 2.110139522177564885e-04 3.566820820504548045e-03
0.000000000000000000e+00 3.107501459525433329e+00 2.433270808310260325e+00 2.218859531270460650e+01 5.625976776678903946e+00 2.509742193996287174e+00 5.465888443992169554e-01
0.000000000000000000e+00 1.531188259312973865e-01 4.054760200515402091e-01 4.378715248006554361e+01 1.601765133195442559e+01 2.110139522177564885e-04 3.566820820504548045e-03
0.000000000000000000e+00 1.096432395636813828e-01 2.094203388210887251e+00 3.069724238776830205e+00 6.564062982756577291e+00 2.165597393557630035e+00 8.516068757448712334e-02
0.000000000000000000e+00 3.107501459525433329e+00 2.433270808310260325e+00 2.218859531270460650e+01 5.750244852952493879e+00 2.569438155976434768e+00 5.067380095332427725e-01
0.000000000000000000e+00 6.616765319606536522e-02 3.107389516492862658e+00 6.670301643793529855e+00 2.077267991427689253e+01 2.631378610592268519e+00 1.798734981809524125e-01
0.000000000000000000e+00 1.173181201448080142e-03 2.262668557909372838e-02 5.407838579360856046e-03 1.163806615005621575e-01 8.961345737250833200e-04 6.442828412521943958e-03
0.000000000000000000e+00 2.227878202802155982e+00 4.813300642553211439e+00 2.019169546429490225e+01 7.353392753496900802e+00 4.205790799562837967e-01 1.212243629303507431e-01
0.000000000000000000e+00 1.173181201448080142e-03 2.262668557909372838e-02 4.888342494697890672e-02 2.844914421209596145e-02 8.937491181483686901e-04 6.725144070518699127e-03
0.000000000000000000e+00 3.164465291364554123e+00 6.648299737391853981e+00 1.547211102210699529e+01 8.277709830658276147e+00 1.315689835235611005e+00 1.571865842750571063e-01
0.000000000000000000e+00 2.227902443012570011e+00 7.997765815548715018e+00 1.928347840673526292e+01 4.989514027853713785e+00 1.552046278601677765e+00 5.090172883415315930e-01
0.000000000000000000e+00 2.205609196709266584e+00 7.063503459232877368e+00 2.091740766210594415e+01 3.413697360542812920e+00 2.151536127992506042e+00 4.912483929925290926e-01
0.000000000000000000e+00 1.173181201448080142e-03 2.262668557909372838e-02 5.407838579360856046e-03 1.376097304767316676e-01 8.973165310936154822e-04 6.394324249261803747e-03
0.000000000000000000e+00 1.313810327474904116e-01 3.904908931985129783e+00 6.566487104185090296e+00 2.059267000786091373e+01 2.841560382796314510e+00 1.798592025371213987e-01
0.000000000000000000e+00 1.173181201448080142e-03 3.192877004913693195e+00 3.868365278802692320e+00 7.379655336936111532e+00 7.400916501491892723e-03 2.433227702242257706e-01
0.000000000000000000e+00 2.205609196709266584e+00 4.172004414709523878e+00 2.599967364321622654e+01 5.698089990563009799e+00 8.171178183537288753e-01 1.325767384863341287e-02
0.000000000000000000e+00 1.173181201448080142e-03 1.313156514981368428e-01 1.803745239971482062e-01 1.346940789835060492e-01 6.085395765079340113e-04 5.132397478030992742e-03
0.000000000000000000e+00 1.313810327474904116e-01 1.313228936765751531e-01 5.122803262364723764e+01 9.409374622713016834e+00 2.110139522177564885e-04 3.566820820504548045e-03
0.000000000000000000e+00 1.173181201448080142e-03 8.784006513051878517e-02 4.886092372832638586e-02 2.349591861708436313e-01 7.374464823018738943e-04 6.191002276679552670e-03
0.000000000000000000e+00 1.173181201448080142e-03 4.436447876290276066e-02 5.412524783431905441e-03 2.843532373942446803e-02 2.263033882894293844e-02 6.725144070518699127e-03
0.000000000000000000e+00 1.173181201448080142e-03 1.313156514981368428e-01 1.803745239971482062e-01 2.071006008190222902e-01 4.986727259203574880e-04 4.258918625614975181e-03
0.000000000000000000e+00 2.269206682844730760e-02 3.164381184782036005e+00 3.948527099836649956e+00 1.199896942963905211e+01 7.952548987654827969e-03 8.573659802602835722e-02
0.000000000000000000e+00 2.269206682844730760e-02 8.901172712619649869e-04 5.213511797406245307e+01 1.182062829303618479e+01 2.110139522177564885e-04 3.566820820504548045e-03
0.000000000000000000e+00 6.616765319606536522e-02 3.107389516492862658e+00 6.462518323240330709e+00 1.478457724490768221e+01 1.749111086990687847e-01 8.020847258085804510e-02
0.000000000000000000e+00 8.790544637987234011e-02 2.138740174848273501e+00 2.945082349343245198e+00 6.699487045548846886e+00 8.374968286136341700e-01 7.644144078223402694e-02
0.000000000000000000e+00 2.269206682844730760e-02 2.205543472527535798e+00 4.750200854097629488e+00 1.236142379352064857e+01 3.709488250536187026e-01 8.503285455828386852e-02
0.000000000000000000e+00 1.173181201448080142e-03 1.870339106202814294e+00 3.180899320890775073e+01 2.009378753669348683e+01 2.110139522177564885e-04 3.566820820504548045e-03
0.000000000000000000e+00 1.313810327474904116e-01 3.526816373266629112e-01 5.082651364748125289e-01 5.902761774872725825e-02 1.402411670893818213e-02 5.389441736423404052e-03
0.000000000000000000e+00 3.021978161875532809e+00 7.167324320213860567e+00 2.363952723359115637e+01 6.352515183139362698e+00 3.746262758909484764e-02 4.031609416350501185e-03
0.000000000000000000e+00 1.096432395636813828e-01 2.993402958931421498e+00 4.108862201868872965e+00 1.272276050728243568e+01 3.709192106567065772e-01 8.599816403476084892e-02
0.000000000000000000e+00 3.022040504987268061e+00 4.412500821193964029e+00 2.200551325895442289e+01 6.566297221170323439e+00 1.542343483987329122e+00 2.254086953731768150e-02
0.000000000000000000e+00 1.173181201448080142e-03 2.262668557909372838e-02 2.714563176316988832e-02 2.843532373942446803e-02 8.925456451359593162e-04 2.844914421209596145e-02
0.000000000000000000e+00 3.021978161875532809e+00 4.332339000160007281e+00 2.236967312069068470e+01 6.566298319782521098e+00 1.571421619784143964e+00 3.997468780175705838e-03
0.000000000000000000e+00 1.173181201448080142e-03 6.610227194671179640e-02 5.417156542267445585e-03 1.379583485282484256e-01 8.996588416053593077e-04 7.755922660242350539e-03
0.000000000000000000e+00 1.313810327474904116e-01 3.878772545749795686e-01 1.439917582564820553e-01 3.088174414440162385e-01 5.911434021381237192e-04 1.878700917482153260e-02
0.000000000000000000e+00 8.790544637987234011e-02 1.392112512881891417e+00 3.670937540818722766e+01 1.614134598957861044e+01 2.110139522177564885e-04 3.566820820504548045e-03
0.000000000000000000e+00 1.173181201448080142e-03 2.262668557909372838e-02 5.407838579360856046e-03 1.154344601722896851e-01 8.961345737250833200e-04 2.818062159632892319e-02
0.000000000000000000e+00 1.748566191151064431e-01 2.998901193325288483e-01 4.495089723456094921e-01 1.933839925674383509e-01 7.625134935123105894e-04 2.419166358086327281e-02
0.000000000000000000e+00 1.313810327474904116e-01 3.350838287025037499e-01 1.204846488764163004e-01 1.340835658790701379e-01 9.730791075953027641e-03 3.596600647777332786e-03
0.000000000000000000e+00 1.313810327474904116e-01 1.747984800441911846e-01 4.868712644844092807e+01 1.245115029434167830e+01 2.110139522177564885e-04 3.528566292015173668e-03
0.000000000000000000e+00 1.173181201448080142e-03 2.262668557909372838e-02 7.054848476245238753e-02 6.787397774591542518e-03 2.263154230195740108e-02 7.498795682566881428e-03
0.000000000000000000e+00 1.531188259312973865e-01 3.878782114273810477e-01 6.884266338148993247e-01 4.095512186792213405e-01 2.977296583872049429e-02 1.186881175475071500e-02
0.000000000000000000e+00 1.173181201448080142e-03 2.262668557909372838e-02 2.714563176316988832e-02 1.814820897468253091e-01 9.008191692351847539e-04 6.432697461623393398e-03
0.000000000000000000e+00 2.269206682844730760e-02 3.107386332986427746e+00 6.773952947092245047e+00 2.004809966766396556e+01 1.287106486619125634e-01 5.937554730464256886e-02
0.000000000000000000e+00 1.313810327474904116e-01 1.461343580648661433e+00 1.286224365615328491e+00 1.148821312758599111e+00 2.823042451591211907e-03 1.157320273324508597e-01
0.000000000000000000e+00 3.192962717262357586e+00 6.648301383582066570e+00 1.510906825956520194e+01 8.133635955274650442e+00 1.315701984135452030e+00 1.454568163727671948e-01
0.000000000000000000e+00 1.313810327474904116e-01 3.904908931985129783e+00 6.566487104185090296e+00 2.059267000786091373e+01 2.841560382796314510e+00 1.798592025371213987e-01
0.000000000000000000e+00 1.173181201448080142e-03 3.269557901524119958e-01 4.777966894897368633e+01 1.515177139659336270e+01 2.110139522177564885e-04 3.528566292015173668e-03
0.000000000000000000e+00 8.790544637987234011e-02 3.078893668302728592e+00 3.489427910382257636e+01 7.006049560364114193e+00 2.110139522177564885e-04 3.528566292015173668e-03
0.000000000000000000e+00 1.173181201448080142e-03 1.313156514981368428e-01 1.803745239971482062e-01 6.422108830762392195e-03 1.833257855519766777e-02 6.220113598115683921e-03
0.000000000000000000e+00 1.173181201448080142e-03 2.262668557909372838e-02 5.407838579360856046e-03 1.381184546843691463e-01 8.973165310936154822e-04 7.529863853267873379e-03
0.000000000000000000e+00 1.173181201448080142e-03 4.452103091687235725e+00 5.632143298688444766e+00 1.351424262457463676e+01 1.749572298080576682e-01 7.933542464465608013e-02
0.000000000000000000e+00 1.173181201448080142e-03 3.164379579015890176e+00 6.877922586463621535e+00 1.551079757278296434e+01 2.941770693610234466e-01 2.130608934154954448e-01
0.000000000000000000e+00 1.531188259312973865e-01 1.461344537501062080e+00 1.249743476753831795e+00 2.279346899441183627e+00 3.631818332891465027e-03 1.158076477795741271e-01
0.000000000000000000e+00 2.138802178430595724e+00 5.133941097388917463e+00 2.636263215741626098e+01 6.860812940461214815e+00 9.540709897039310536e-03 3.528566292015173668e-03
0.000000000000000000e+00 6.616765319606536522e-02 3.107389516492862658e+00 3.948527099836649956e+00 8.873844459812184837e+00 7.303389023946106340e-01 8.487114627673512934e-02
0.000000000000000000e+00 2.183340190616375853e+00 7.790148096704035297e+00 1.982815768744536200e+01 5.410343938940235908e+00 1.510125514884845588e+00 4.197963304650477734e-01
0.000000000000000000e+00 2.227878202802155982e+00 4.733138821519249362e+00 2.672566635929438661e+01 3.811017233306503549e+00 8.370316877326838823e-01 3.566820820504548045e-03
0.000000000000000000e+00 8.790544637987234011e-02 2.138740174848273501e+00 3.007402049266875821e+00 6.564062982756577291e+00 1.003509399231637511e+00 7.719988190406638917e-02
0.000000000000000000e+00 8.790544637987234011e-02 2.116471168755383658e+00 3.069724238776830205e+00 6.428572586153467050e+00 1.501550855584524502e+00 7.660507305465619199e-02
0.000000000000000000e+00 1.313810327474904116e-01 2.936409666055876944e+00 4.189029421454594448e+00 1.569030142450245080e+01 1.749836391183567375e-01 8.000339855500103459e-02
0.000000000000000000e+00 1.173181201448080142e-03 2.262668557909372838e-02 9.228627794626143022e-02 6.801310427680772389e-03 8.949454318686140761e-04 7.498795682566881428e-03
0.000000000000000000e+00 1.173181201448080142e-03 2.227811223811790864e+00 3.307942348308981195e+01 1.234606363232076198e+01 2.377020460513788378e-04 1.330047663116363903e-02
0.000000000000000000e+00 1.173181201448080142e-03 2.262668557909372838e-02 2.707289839483638383e-02 7.241139900150239672e-02 8.949454318686140761e-04 7.434636822667999370e-03
0.000000000000000000e+00 2.269206682844730760e-02 3.164381184782036005e+00 6.774108333485695077e+00 1.587230354364767848e+01 2.941592748576848382e-01 2.130881854363744221e-01
0.000000000000000000e+00 2.269206682844730760e-02 2.027391423784414837e+00 1.030738435844639866e+00 1.771882021952390973e+00 2.441174963010727395e-01 1.154532312895569374e-01
0.000000000000000000e+00 1.173181201448080142e-03 4.342661828978285676e+00 3.180870412823662363e+01 9.409374622713016834e+00 2.110139522177564885e-04 3.528566292015173668e-03
0.000000000000000000e+00 1.173181201448080142e-03 2.182668242333688502e-01 3.960608142601088066e-02 5.916398829558010275e-02 7.338658914179793571e-04 6.355653678623509988e-03
0.000000000000000000e+00 1.173181201448080142e-03 3.107384727220281473e+00 4.189029421454594448e+00 1.387604929308206181e+01 7.875340695729756563e-03 8.696197073809630584e-02
0.000000000000000000e+00 1.173181201448080142e-03 1.313156514981368428e-01 1.803745239971482062e-01 1.494640108564502246e-01 6.092314568283717976e-04 5.186909406713567303e-03
0.000000000000000000e+00 1.173181201448080142e-03 2.262668557909372838e-02 7.054848476245238753e-02 9.373857050982560557e-02 2.263628447510398004e-02 7.560814788311476763e-03
0.000000000000000000e+00 1.531188259312973865e-01 3.702804028032218309e-01 6.749703111475733319e-01 4.095246537686443866e-01 2.977172931710890535e-02 1.142575497589700360e-02
0.000000000000000000e+00 1.173181201448080142e-03 3.078887301322476677e+00 4.269196420395846125e+00 9.037861430205396118e+00 7.303330080271159819e-01 8.492193503190256787e-02
0.000000000000000000e+00 1.173181201448080142e-03 4.452103091687235725e+00 5.528336608996283985e+00 1.169844119279668426e+01 7.858617310956064750e-03 8.623511948918592684e-02
0.000000000000000000e+00 1.748566191151064431e-01 2.936412755623609261e+00 6.877752501551524844e+00 1.986526258037327608e+01 2.421238609584578594e+00 9.060882389275716209e-01
0.000000000000000000e+00 1.531188259312973865e-01 1.443746728876903695e+00 6.627913234480891091e-01 9.821557530985867146e-01 6.513957220432786688e-02 8.873005524062116400e-02
0.000000000000000000e+00 1.531188259312973865e-01 3.350847855549052290e-01 1.322373382243064999e-01 3.290926037336716625e-01 6.774922712900435795e-02 1.882114515082899606e-02
0.000000000000000000e+00 2.269206682844730760e-02 3.021894055293015580e+00 4.108877735821255150e+00 1.344485305575562784e+01 7.915268275824331734e-03 2.674543915303604913e-01
0.000000000000000000e+00 3.021978161875532809e+00 4.412500821193964029e+00 2.200663838897238023e+01 6.671383883191240649e+00 1.542339732577567624e+00 1.314205342968177877e-02
0.000000000000000000e+00 1.173181201448080142e-03 3.164379579015890176e+00 6.774115896771455425e+00 1.405873703867358948e+01 7.145189320245941451e-03 2.479216425179031902e-01
0.000000000000000000e+00 2.269206682844730760e-02 2.183274466434645955e+00 3.069724238776830205e+00 6.564062982756577291e+00 3.394591167596395231e-01 7.697303695366958243e-02
0.000000000000000000e+00 1.313810327474904116e-01 1.478941389272819817e+00 1.249743476753831795e+00 2.519832362543063642e+00 4.702372573904673586e-03 4.630615002394724428e-02
0.000000000000000000e+00 1.173181201448080142e-03 3.192877004913693195e+00 3.868365278802692320e+00 1.055565219206842364e+01 7.972843060909774043e-03 8.487114627673512934e-02
0.000000000000000000e+00 2.269206682844730760e-02 4.415624726374294262e+00 5.735949988380610876e+00 1.296982364032122170e+01 3.427596265566967837e-01 8.005894666021931561e-02
0.000000000000000000e+00 2.269206682844730760e-02 1.935553710630215640e+00 5.712164928902756067e+00 1.623552508751082257e+01 1.749572298080576682e-01 8.008566305547606956e-02
0.000000000000000000e+00 1.531188259312973865e-01 1.591066993133186114e-01 1.478317607354946439e-01 1.923871190285613153e-01 1.905543985768043055e-02 3.558750580312290256e-03
0.000000000000000000e+00 1.531188259312973865e-01 3.174869769307460676e-01 5.200141845175785260e-01 1.530495416495689098e-01 5.248743417892342417e-02 7.014803852367149095e-03
0.000000000000000000e+00 2.269206682844730760e-02 2.049660429877305567e+00 1.030858956085626943e+00 1.709596592033532092e+00 3.632033199192757997e-03 1.153395624528206903e-01
0.000000000000000000e+00 1.173181201448080142e-03 2.161004205533120892e+00 1.551506618574687080e+00 2.359724002216364802e+00 8.351547610649489028e-01 4.682193823319998061e-02
0.000000000000000000e+00 1.173181201448080142e-03 2.262668557909372838e-02 5.407838579360856046e-03 7.290507513294409991e-02 8.937491181483686901e-04 7.675988710706737293e-03
0.000000000000000000e+00 1.531188259312973865e-01 1.591066993133186114e-01 1.477832431593602280e-01 2.511414625052022509e-01 4.027169666964711472e-04 1.290506713043954035e-02
0.000000000000000000e+00 3.107470439568946308e+00 6.855909697161973071e+00 2.382102537162413469e+01 6.570347915910833336e+00 3.745535902569764597e-02 3.528566292015173668e-03
0.000000000000000000e+00 2.269206682844730760e-02 1.313168763741120182e-01 2.717293149483322387e-02 2.851783338999263825e-02 8.996588416053593077e-04 7.110452536379880360e-03
0.000000000000000000e+00 1.313810327474904116e-01 3.350838287025037499e-01 4.730107097362662438e-01 1.934016089158066554e-01 1.800465807794925793e-02 6.982799881478370801e-03
0.000000000000000000e+00 1.173181201448080142e-03 1.313156514981368428e-01 1.803450351942668395e-01 3.080416848318651701e-01 5.023923142540447128e-04 4.426970830539572570e-03
0.000000000000000000e+00 2.269206682844730760e-02 2.161005460341755668e+00 2.945087158737362820e+00 6.021901433065844245e+00 7.458405486400229538e-03 2.424457624899465091e-01
0.000000000000000000e+00 1.173181201448080142e-03 3.192877004913693195e+00 3.868365278802692320e+00 9.205793613734103431e+00 7.991122164379624304e-03 8.471507479439591148e-02
0.000000000000000000e+00 1.748566191151064431e-01 4.758682055741169648e-01 4.523926194003882273e+01 1.224097859898734519e+01 2.110139522177564885e-04 3.528566292015173668e-03
0.000000000000000000e+00 2.269206682844730760e-02 3.135883758884232542e+00 4.028694761407106029e+00 8.872512215025984972e+00 3.691679594632423789e-01 2.653531839496248157e-01
0.000000000000000000e+00 1.313810327474904116e-01 3.350838287025037499e-01 5.082633158222509273e-01 2.826515332404707648e-01 1.800704836501220915e-02 6.854029813595212232e-03
0.000000000000000000e+00 2.269206682844730760e-02 2.183274466434645955e+00 4.990689519554035058e+00 1.236158956435106582e+01 1.894360892195813273e-01 8.507592975844137373e-02
0.000000000000000000e+00 8.790544637987234011e-02 3.078893668302728592e+00 3.948527099836649956e+00 8.375139719153448681e+00 1.885995798670748180e-01 8.533042983940865300e-02
0.000000000000000000e+00 8.790544637987234011e-02 2.116471168755383658e+00 3.069724238776830205e+00 6.564062982756577291e+00 1.501547111085631991e+00 7.736457199284046959e-02
0.000000000000000000e+00 1.173181201448080142e-03 3.164379579015890176e+00 6.774115896771455425e+00 1.696270724720130119e+01 5.995422627943444889e-03 2.131240135743983355e-01
0.000000000000000000e+00 8.790544637987234011e-02 2.094202162662493372e+00 3.132046258508256908e+00 3.056764744822045188e+00 8.190559547397524565e-01 3.330498061380283703e-01
0.000000000000000000e+00 1.531188259312973865e-01 1.591066993133186114e-01 1.334116058765167090e-01 1.688769696911485152e-01 2.400515556706517978e-02 1.286695574315645067e-02
0.000000000000000000e+00 2.205609196709266584e+00 4.733137161947237104e+00 2.654420561790569622e+01 3.738421120437932288e+00 8.768679282209350667e-01 3.954665997645479686e-03
0.000000000000000000e+00 8.790544637987234011e-02 2.116471168755383658e+00 3.069724238776830205e+00 6.428572586153467050e+00 1.999588567438519204e+00 8.427234533071596700e-02
0.000000000000000000e+00 1.173181201448080142e-03 2.262668557909372838e-02 2.714563176316988832e-02 6.759489600878364896e-03 8.913350253510659085e-04 7.643808927311098768e-03
0.000000000000000000e+00 1.173181201448080142e-03 2.262668557909372838e-02 1.793101840498269317e-01 5.834424652142701506e-02 7.311183541817235570e-04 6.317336349844174248e-03
0.000000000000000000e+00 2.183322054827224468e-01 2.879420955588062991e+00 6.877922586463621535e+00 2.022974916164046633e+01 6.347488499855660216e-01 5.041083370703277472e-02
0.000000000000000000e+00 1.173181201448080142e-03 4.436447876290276066e-02 5.177216082511975515e+01 1.182063008366538881e+01 9.540709897039310536e-03 3.566820820504548045e-03
0.000000000000000000e+00 2.269206682844730760e-02 2.205543472527535798e+00 3.007299070568003163e+00 5.886610999741036743e+00 3.394769891352545921e-01 7.667807339595389404e-02
0.000000000000000000e+00 1.173181201448080142e-03 2.027390168975780949e+00 3.568295657117713127e+00 3.056764744822045188e+00 1.361017541152182320e+00 2.423204101876310912e-01
0.000000000000000000e+00 1.173181201448080142e-03 2.262668557909372838e-02 2.714563176316988832e-02 6.697530555615437489e-03 4.436692139296707915e-02 6.416772933143560093e-03
0.000000000000000000e+00 1.313810327474904116e-01 1.443745772024502383e+00 1.213203154932814387e+00 6.941711062058776305e-01 2.821107977293293816e-03 2.718992259200810752e-02
0.000000000000000000e+00 2.269206682844730760e-02 2.138736454248865826e+00 3.132048408708760334e+00 5.479540534735078516e+00 6.092222079389997616e-03 6.227829259391777506e-02
0.000000000000000000e+00 1.173181201448080142e-03 1.530534446819437899e-01 1.803485966630087034e-01 1.058200769824295534e-01 6.078427641989703114e-04 5.301103958967310660e-03
0.000000000000000000e+00 1.173181201448080142e-03 1.313156514981368428e-01 5.430724740618388287e-03 1.818537338819900817e-01 7.347699310401749947e-04 6.154479064465153727e-03
0.000000000000000000e+00 1.173181201448080142e-03 3.164379579015890176e+00 6.774115896771455425e+00 1.696270724720130119e+01 5.995422627943444889e-03 6.906517125194101825e-02
0.000000000000000000e+00 1.173181201448080142e-03 1.092801686515678522e-03 2.710455927363353626e-02 7.227054755977559142e-02 8.937491181483686901e-04 7.675988710706737293e-03
0.000000000000000000e+00 1.173181201448080142e-03 1.313156514981368428e-01 1.979723326213056744e-01 2.071551392645050726e-01 3.575182241234898389e-02 4.402506667795545031e-03
0.000000000000000000e+00 2.269206682844730760e-02 1.313168763741120182e-01 1.979759056227934633e-01 7.738423409624310689e-02 6.071410289809976756e-04 5.290842194633416616e-03
0.000000000000000000e+00 1.531188259312973865e-01 1.426148920252744645e+00 1.213263893366300472e+00 1.647276892109901469e+00 3.631996820677088102e-03 3.513947267897497145e-02
0.000000000000000000e+00 1.173181201448080142e-03 2.027390168975780949e+00 3.381336557346819482e+00 3.368031610966802258e+00 1.631998334358397029e+00 2.403768024836990258e-01
0.000000000000000000e+00 1.173181201448080142e-03 2.262668557909372838e-02 2.714563176316988832e-02 7.292136641405640163e-02 8.949454318686140761e-04 7.692034608283559310e-03
0.000000000000000000e+00 2.269206682844730760e-02 3.050391481190819043e+00 7.189363628634035663e+00 1.841476778131067249e+01 2.524787662259098675e-01 5.880550018366300508e-02
0.000000000000000000e+00 1.313810327474904116e-01 1.443745772024502383e+00 1.249744314269284340e+00 1.148753431446969397e+00 2.822626215459748955e-03 8.942564552374153430e-02
0.000000000000000000e+00 1.313810327474904116e-01 3.702794459508220726e-01 1.439899975907705520e-01 2.986458999519635560e-01 5.902717053384103595e-04 1.876980352958599121e-02
0.000000000000000000e+00 2.269206682844730760e-02 2.183274466434645955e+00 3.069724238776830205e+00 6.564062982756577291e+00 1.734465461416361265e-01 7.691504886609648595e-02
0.000000000000000000e+00 1.173181201448080142e-03 1.313156514981368428e-01 4.886988489676890451e-02 9.383695492163146579e-02 7.320400923971376751e-04 6.330133303788192459e-03
0.000000000000000000e+00 1.313810327474904116e-01 3.350838287025037499e-01 1.439863862670724415e-01 1.900604526087017188e-01 1.060727048872410309e-02 3.973498523407600035e-03
0.000000000000000000e+00 1.173181201448080142e-03 3.078887301322476677e+00 4.269196420395846125e+00 9.037861430205396118e+00 5.497475365614276077e-01 2.654566177424234619e-01
0.000000000000000000e+00 1.173181201448080142e-03 3.107384727220281473e+00 7.085550233737216708e+00 2.168098805586727451e+01 1.092463610362851417e-01 1.554765853474004700e-01
0.000000000000000000e+00 2.269206682844730760e-02 4.160261780053413183e+00 3.035678297246069590e+01 1.245115029434167830e+01 2.110139522177564885e-04 3.528566292015173668e-03
0.000000000000000000e+00 1.313810327474904116e-01 1.478941389272819817e+00 2.061647598417000460e-01 1.829567351729655400e-01 1.279510184985872302e-03 1.196810189074149627e-02
0.000000000000000000e+00 1.173181201448080142e-03 2.400046174171778790e-01 3.960947725962452037e-02 6.383485971015869648e-03 7.320400923971376751e-04 6.383485971015869648e-03
0.000000000000000000e+00 1.173181201448080142e-03 8.784006513051878517e-02 4.886092372832638586e-02 1.997635689225252809e-01 7.356680498723839777e-04 6.166677915935130441e-03
0.000000000000000000e+00 1.173181201448080142e-03 2.116466193347340763e+00 5.311347431444736422e+00 2.149751457457094617e+01 1.287662284320547912e-01 5.937229704733202468e-02
0.000000000000000000e+00 1.173181201448080142e-03 2.262668557909372838e-02 2.714563176316988832e-02 1.814820897468253091e-01 9.008191692351847539e-04 7.771820302428681521e-03
0.000000000000000000e+00 1.173181201448080142e-03 4.488583512590217595e+00 3.507559858547036669e+01 5.043722569974767644e+00 2.110139522177564885e-04 3.528566292015173668e-03
0.000000000000000000e+00 8.790544637987234011e-02 3.021898816507119889e+00 6.981736553113708332e+00 1.786952715717467299e+01 1.499956310221067790e-01 5.935707383151147404e-02
0.000000000000000000e+00 1.173181201448080142e-03 3.164379579015890176e+00 6.877922586463621535e+00 1.750727709114576314e+01 2.940744152231523634e-01 6.911792146074334509e-02
0.000000000000000000e+00 2.183322054827224468e-01 2.907944742977198516e+00 6.670301643793529855e+00 1.732495835426213304e+01 5.976274004362237303e-03 3.572032753202393773e-01
0.000000000000000000e+00 1.173181201448080142e-03 1.530534446819437899e-01 1.627802883744768059e-01 2.792454045872490020e-01 5.013500104406564935e-04 4.410679031377344114e-03
0.000000000000000000e+00 8.790544637987234011e-02 4.379150400446176761e+00 5.528314852572848714e+00 1.224383108818929422e+01 1.893130368743610181e-01 7.991485931887618022e-02
0.000000000000000000e+00 1.531188259312973865e-01 1.591066993133186114e-01 1.622519155944725788e-01 2.041463825226734197e-01 2.838354713163780685e-02 3.577741295152925705e-03
0.000000000000000000e+00 1.313810327474904116e-01 1.478941389272819817e+00 4.063141248125000660e-01 4.891465310051329451e-01 3.812538999939962814e-02 6.864792932591221031e-02
0.000000000000000000e+00 2.269206682844730760e-02 2.138736454248865826e+00 1.840089590120799867e+00 4.301765468950633498e+00 2.770961380479299296e-01 6.124258428946698779e-02
0.000000000000000000e+00 1.748566191151064431e-01 2.936412755623609261e+00 6.877922586463621535e+00 1.768802901914169112e+01 5.946809676594026414e-03 2.131697580969753869e-01
0.000000000000000000e+00 1.313810327474904116e-01 2.049666594226375427e+00 3.562041142229544732e+01 9.409374622713016834e+00 2.110139522177564885e-04 3.566820820504548045e-03
0.000000000000000000e+00 1.173181201448080142e-03 2.262668557909372838e-02 5.407838579360856046e-03 2.885778662934719574e-02 8.913350253510659085e-04 7.388281040257577668e-03
0.000000000000000000e+00 1.173181201448080142e-03 1.313156514981368428e-01 1.979723326213056744e-01 2.355194610721984480e-02 7.365602372100257464e-04 2.399155780140311764e-02
0.000000000000000000e+00 1.173181201448080142e-03 3.164379579015890176e+00 3.948532940373147948e+00 7.711680478172111108e+00 1.886261155004264889e-01 8.427234533071596700e-02
0.000000000000000000e+00 1.531188259312973865e-01 3.350847855549052290e-01 1.204864695289778881e-01 1.434471722096193058e-01 1.905885182840997769e-02 3.615327208120913075e-03
0.000000000000000000e+00 2.269206682844730760e-02 2.138736454248865826e+00 3.194368108632390957e+00 3.056764744822045188e+00 2.770943683273226488e-01 6.185361785077322927e-02
0.000000000000000000e+00 1.173181201448080142e-03 1.530534446819437899e-01 1.627802883744768059e-01 2.792454045872490020e-01 1.225221870576817355e-02 4.418833772885808787e-03
0.000000000000000000e+00 1.173181201448080142e-03 3.135882153118085380e+00 6.670316484037217108e+00 1.532907165900662605e+01 1.748821533801868666e-01 8.027335840955501789e-02
0.000000000000000000e+00 8.790544637987234011e-02 3.050396242404924685e+00 4.028694761407106029e+00 8.209794177340194565e+00 8.019609731100862601e-03 8.444282219581006332e-02
0.000000000000000000e+00 2.269206682844730760e-02 3.135883758884232542e+00 6.774115896771455425e+00 1.623522646345237064e+01 1.500913920196659812e-01 2.130881854363744221e-01
0.000000000000000000e+00 1.173181201448080142e-03 1.747912378657528187e-01 1.627838171343295726e-01 1.638946746875712679e-01 6.106003849869242727e-04 1.976209696754798947e-02
0.000000000000000000e+00 2.161071184523486455e+00 8.101565934212015208e+00 1.946507005883259467e+01 5.305257276919318699e+00 1.468224219720251966e+00 5.258118407168885788e-01
0.000000000000000000e+00 2.269206682844730760e-02 3.135883758884232542e+00 3.868371119339187203e+00 1.091674002179517622e+01 7.966550206084676428e-03 8.414108518264790115e-02
0.000000000000000000e+00 2.269206682844730760e-02 2.116467448155975539e+00 1.840091118836630457e+00 2.199611268232019690e+00 2.123130635120553111e-01 4.668441604855731036e-02
0.000000000000000000e+00 3.050475587773337605e+00 7.271132867330560856e+00 2.345793558149382108e+01 6.279892054584061967e+00 3.746262758909484764e-02 3.988648219631359126e-03
0.000000000000000000e+00 1.173181201448080142e-03 3.107384727220281473e+00 6.981743544045052374e+00 2.168091366705367307e+01 1.092552890198254245e-01 1.554841829204117454e-01
0.000000000000000000e+00 1.173181201448080142e-03 2.262668557909372838e-02 7.054848476245238753e-02 6.539524302681705772e-03 2.263154230195740108e-02 7.498795682566881428e-03
0.000000000000000000e+00 1.313810327474904116e-01 1.478941389272819817e+00 4.063141248125000660e-01 4.891465310051329451e-01 1.644969096415729382e-03 1.556715722038253848e-02
0.000000000000000000e+00 1.173181201448080142e-03 2.183273211626010735e+00 2.945087158737362820e+00 5.886411036462733115e+00 7.461558608892972580e-03 7.637075617538251204e-02
0.000000000000000000e+00 1.173181201448080142e-03 4.488583512590217595e+00 5.528325875812259760e+00 1.351424262457463676e+01 7.172543546132010249e-03 7.930941914383153601e-02
0.000000000000000000e+00 2.183322054827224468e-01 2.907918381485866011e+00 6.774108333485695077e+00 2.022825885643921850e+01 6.348359882478623595e-01 5.041083370703277472e-02
0.000000000000000000e+00 1.173181201448080142e-03 2.262668557909372838e-02 5.407838579360856046e-03 5.097556404838950866e-02 8.925456451359593162e-04 7.659913451918533810e-03
0.000000000000000000e+00 2.269206682844730760e-02 3.164381184782036005e+00 3.868365278802692320e+00 1.181975049232821995e+01 7.926670202657252334e-03 8.521343631936299789e-02
0.000000000000000000e+00 1.313810327474904116e-01 3.350838287025037499e-01 1.204846488764163004e-01 3.087819672865559917e-01 4.456718713705921323e-04 3.985497059205727298e-03
0.000000000000000000e+00 8.790544637987234011e-02 2.116471168755383658e+00 3.007404538853199583e+00 6.563996648945735757e+00 1.999588567438519204e+00 8.427234533071596700e-02
0.000000000000000000e+00 2.269206682844730760e-02 3.078888907088623839e+00 7.085550233737216708e+00 1.950226630430731234e+01 5.016550922191595485e-03 5.994770858648838102e-02
0.000000000000000000e+00 1.313810327474904116e-01 1.461343580648661433e+00 2.507030576867657623e-01 9.696602397079825963e-02 2.977585878766263183e-02 4.034505496243541434e-02
0.000000000000000000e+00 1.965944122989134180e-01 2.907916860340166831e+00 6.566502517387129423e+00 2.022952138589713655e+01 6.235249885012374982e-01 4.994524095583185302e-02
0.000000000000000000e+00 6.616765319606536522e-02 3.078892090595059639e+00 6.670309207079294644e+00 1.478465366470749132e+01 7.116878447863728835e-03 2.479931588427836398e-01
0.000000000000000000e+00 1.173181201448080142e-03 2.262668557909372838e-02 7.054848476245238753e-02 9.373857050982560557e-02 8.984912912969966834e-04 7.096057695955371690e-03
0.000000000000000000e+00 1.313810327474904116e-01 1.478941389272819817e+00 1.176782634947865613e+00 6.461002919025882196e-01 3.144196075954515668e-01 8.966746333090663823e-02
0.000000000000000000e+00 1.173181201448080142e-03 4.488583512590217595e+00 3.108263954874476909e+01 9.321010702899922507e+00 9.540709897039310536e-03 3.566820820504548045e-03
0.000000000000000000e+00 2.269206682844730760e-02 2.138736454248865826e+00 3.132048408708760334e+00 5.479540534735078516e+00 6.092222079389997616e-03 2.423204101876310912e-01
0.000000000000000000e+00 1.173181201448080142e-03 1.965290310495598214e-01 2.718159464511307744e-02 2.310866884666072998e-02 7.301907375443283726e-04 6.093121317135037802e-03
0.000000000000000000e+00 1.313810327474904116e-01 3.526816373266629112e-01 5.200160051701412378e-01 2.997381838892317907e-01 9.910092319005471030e-04 9.115018301914851531e-03
0.000000000000000000e+00 1.313810327474904116e-01 1.478941389272819817e+00 5.203038284037169170e-01 4.527468766647529952e-01 2.170660504962362760e-03 6.870051142856750670e-02
0.000000000000000000e+00 1.173181201448080142e-03 2.262668557909372838e-02 5.407838579360856046e-03 1.163806615005621575e-01 8.961345737250833200e-04 7.514344374743487168e-03
0.000000000000000000e+00 1.173181201448080142e-03 1.457321035710454016e+00 3.689086521101114613e+01 1.614134598957861044e+01 2.110139522177564885e-04 3.528566292015173668e-03
0.000000000000000000e+00 1.173181201448080142e-03 1.530534446819437899e-01 1.979759056227934633e-01 6.232412049963847837e-03 7.365602372100257464e-04 6.393749177243966686e-03
0.000000000000000000e+00 1.173181201448080142e-03 1.313156514981368428e-01 1.979723326213056744e-01 5.922835945321092838e-02 1.502516123505784340e-02 5.270256490308591543e-03
0.000000000000000000e+00 1.173181201448080142e-03 2.262668557909372838e-02 5.407838579360856046e-03 5.022108062086464569e-02 8.925456451359593162e-04 7.659913451918533810e-03
0.000000000000000000e+00 1.748566191151064431e-01 2.879417903828001002e+00 7.085550233737216708e+00 2.131799177980130722e+01 4.177473962111879872e-03 5.041083370703277472e-02
0.000000000000000000e+00 2.269206682844730760e-02 2.161005460341755668e+00 3.132046258508256908e+00 3.056764744822045188e+00 6.113575121107761405e-03 6.008213342609548119e-02
0.000000000000000000e+00 2.269206682844730760e-02 2.161005460341755668e+00 4.670045219386631530e+00 1.326409909991692793e+01 7.937951186603606213e-03 8.503285455828386852e-02
0.000000000000000000e+00 1.096432395636813828e-01 1.826869572871780090e+00 3.307947612605912013e+01 1.601765133195442559e+01 2.110139522177564885e-04 3.566820820504548045e-03
0.000000000000000000e+00 1.965944122989134180e-01 4.054779162666607428e-01 4.560218499903152889e+01 1.234606473093295875e+01 2.110139522177564885e-04 3.528566292015173668e-03
0.000000000000000000e+00 1.173181201448080142e-03 4.525063933493202128e+00 3.453108489807183901e+01 5.163149436161766026e+00 2.110139522177564885e-04 3.193932705242744866e-03
0.000000000000000000e+00 2.269206682844730760e-02 3.050391481190819043e+00 4.108872778327928188e+00 1.380610756524612093e+01 7.891632532813237094e-03 8.607993026281517135e-02
0.000000000000000000e+00 1.173181201448080142e-03 3.164379579015890176e+00 6.774115896771455425e+00 1.659896580213020556e+01 1.500730223469121660e-01 6.905391658514178910e-02
0.000000000000000000e+00 1.096432395636813828e-01 4.306191566296996953e+00 5.528325875812259760e+00 1.260600676540460086e+01 3.427854122812081239e-01 7.997457639240156124e-02
0.000000000000000000e+00 6.616765319606536522e-02 3.107389516492862658e+00 6.774108333485695077e+00 1.532929943474998424e+01 2.941858241818449682e-01 2.130462403334957844e-01
0.000000000000000000e+00 1.748566191151064431e-01 2.879417903828001002e+00 7.085550233737216708e+00 2.131799177980130722e+01 4.177473962111879872e-03 1.554974957279499359e-01
0.000000000000000000e+00 1.173181201448080142e-03 1.313156514981368428e-01 4.890631110823440153e-02 7.805116353804071941e-03 8.984912912969966834e-04 7.545354023008630368e-03
0.000000000000000000e+00 1.313810327474904116e-01 1.478941389272819817e+00 2.061647598417000460e-01 2.964320615081301180e-01 1.640521239984438174e-03 1.540404212627659829e-02
0.000000000000000000e+00 1.173181201448080142e-03 1.957290278938047523e+00 1.249682807433139864e+00 2.920034647587495868e+00 1.665607287038931128e+00 6.168813473947520887e-02
0.000000000000000000e+00 1.313810327474904116e-01 1.478941389272819817e+00 1.176782634947865613e+00 6.461002919025882196e-01 6.514080790092376116e-02 2.722177139023804551e-02
0.000000000000000000e+00 1.531188259312973865e-01 3.174869769307460676e-01 1.439863862670724415e-01 2.087449777458234290e-01 5.126592293259623484e-02 1.417785261207879857e-02
0.000000000000000000e+00 6.616765319606536522e-02 3.107389516492862658e+00 6.566325012932495930e+00 2.077260606703217860e+01 2.631387058754480535e+00 2.525012421475151259e-01
0.000000000000000000e+00 1.173181201448080142e-03 2.182668242333688502e-01 2.200827280185172624e-02 5.915104025349531003e-02 7.329559416655675487e-04 6.342905773917472019e-03
0.000000000000000000e+00 3.192962717262357586e+00 6.544494693889907566e+00 1.492761660800805146e+01 8.569007389434842636e+00 1.255993925129515798e+00 1.875610501057406732e-01
0.000000000000000000e+00 2.269206682844730760e-02 2.161005460341755668e+00 1.840087930636849833e+00 3.886592410224241512e+00 2.771010538763146736e-01 6.163223415553089474e-02
0.000000000000000000e+00 1.313810327474904116e-01 3.350838287025037499e-01 1.322355175717438158e-01 1.993813196033655255e-01 4.427928967656716611e-04 1.413127172614439195e-02
0.000000000000000000e+00 1.531188259312973865e-01 3.174869769307460676e-01 1.204846488764163004e-01 1.434406334282095630e-01 9.731160207419710731e-03 3.572130721112584326e-03
0.000000000000000000e+00 1.531188259312973865e-01 3.350847855549052290e-01 4.729927286610382531e-01 7.658921384400877441e-01 1.152664348180721388e-01 1.195169171834112483e-02
0.000000000000000000e+00 1.531188259312973865e-01 3.174869769307460676e-01 5.200141845175785260e-01 1.531414600782233792e-01 3.524629174818529054e-02 7.004166590177452086e-03
0.000000000000000000e+00 1.173181201448080142e-03 1.313555262970309556e-01 5.430724740618388287e-03 1.998159398451906932e-01 7.356680498723839777e-04 2.397888408720377784e-02
0.000000000000000000e+00 1.173181201448080142e-03 3.164379579015890176e+00 3.948532940373147948e+00 7.877693048790106012e+00 1.886210019267622329e-01 8.510291950756181112e-02
0.000000000000000000e+00 1.313810327474904116e-01 1.320561111655391473e+00 8.337284236906710166e-01 4.898051178050071841e-01 2.172350926266076836e-03 6.877863046658355684e-02
0.000000000000000000e+00 2.269206682844730760e-02 2.993396629395210340e+00 4.429529757265907364e+00 1.423758905325167312e+01 1.893567553439423068e-01 8.627215226984448482e-02
0.000000000000000000e+00 1.173181201448080142e-03 3.135882153118085380e+00 4.028568928061863730e+00 8.872438197554034289e+00 8.002812135721204881e-03 8.460797593199952116e-02
0.000000000000000000e+00 1.173181201448080142e-03 2.262668557909372838e-02 5.407838579360856046e-03 1.381184546843691463e-01 8.973165310936154822e-04 6.394324249261803747e-03
0.000000000000000000e+00 1.173181201448080142e-03 2.262668557909372838e-02 5.122762728389755438e+01 1.224097806891204065e+01 2.377020460513788378e-04 1.330047663116363903e-02
0.000000000000000000e+00 1.531188259312973865e-01 3.174869769307460676e-01 1.204450302185925692e-01 1.900178368321651101e-01 4.420360322628734515e-04 3.953335930794418633e-03
0.000000000000000000e+00 2.269206682844730760e-02 2.205543472527535798e+00 3.007402049266875821e+00 5.748466157613398408e+00 1.734677392877097823e-01 7.655661014983745905e-02
0.000000000000000000e+00 1.531188259312973865e-01 3.174869769307460676e-01 1.322355175717438158e-01 1.806969182593198275e-01 2.077099121618021516e-02 3.966794134185958401e-03
0.000000000000000000e+00 1.173181201448080142e-03 8.784006513051878517e-02 4.889732018288533294e-02 2.526618303229939966e-01 2.944531609403578873e-02 5.280559681631621580e-03
0.000000000000000000e+00 1.748566191151064431e-01 2.879417903828001002e+00 7.085550233737216708e+00 2.277072309410221607e+01 3.451259373660781060e-03 1.306951077324238208e-01
0.000000000000000000e+00 3.021978161875532809e+00 7.375039627024756683e+00 2.309493930542785733e+01 6.352184733591718313e+00 3.746440473903190488e-02 1.330257074719999252e-02
0.000000000000000000e+00 2.400699986665314756e-01 2.793930189554709731e+00 6.981743544045052374e+00 2.240616315657373292e+01 1.802026596365117195e-01 2.190681317859529131e-01
0.000000000000000000e+00 1.173181201448080142e-03 2.262668557909372838e-02 7.054848476245238753e-02 1.154763636936325943e-01 8.996588416053593077e-04 7.560814788311476763e-03
0.000000000000000000e+00 2.269206682844730760e-02 3.164381184782036005e+00 3.868365278802692320e+00 1.181902598587773134e+01 1.894648690823090564e-01 8.569067568744534458e-02
0.000000000000000000e+00 1.096432395636813828e-01 4.342671987199980599e+00 5.528314852572848714e+00 1.224383108818929422e+01 1.893130368743610181e-01 2.476995455808018165e-01
0.000000000000000000e+00 1.531188259312973865e-01 1.426148920252744645e+00 1.213263893366300472e+00 1.646807517351851047e+00 2.441174599225532926e-01 3.525371110288382653e-02
0.000000000000000000e+00 1.173181201448080142e-03 2.262668557909372838e-02 2.714563176316988832e-02 5.061047541360592927e-02 8.937491181483686901e-04 7.419213773209212825e-03
0.000000000000000000e+00 1.531188259312973865e-01 1.461344537501062080e+00 1.213263055850848149e+00 2.599950610890657376e+00 2.123157519582304920e-01 4.640226720256165893e-02
0.000000000000000000e+00 1.313810327474904116e-01 1.320577318535832712e+00 4.065862280492904546e-01 3.820267066355363395e-01 2.570052478187463962e-01 2.057710843657311120e-02
0.000000000000000000e+00 2.269206682844730760e-02 3.021894055293015580e+00 7.189370048410489211e+00 1.932143787262492651e+01 5.035255337757650607e-03 5.937603326915535246e-02
0.000000000000000000e+00 1.173181201448080142e-03 1.530534446819437899e-01 5.398697853670759127e-03 1.289690556843551827e-01 7.329559416655675487e-04 6.183071442512270803e-03
0.000000000000000000e+00 1.173181201448080142e-03 4.436447876290276066e-02 5.412524783431905441e-03 5.061047541360592927e-02 8.937491181483686901e-04 6.725144070518699127e-03
0.000000000000000000e+00 1.173181201448080142e-03 2.183273211626010735e+00 1.840087930636849833e+00 3.989597615914032946e+00 1.416090840277413609e-01 1.971226307586351756e-01
0.000000000000000000e+00 1.313810327474904116e-01 1.443761978904943399e+00 6.627916121350405643e-01 8.374832348546195071e-01 9.836908671336086485e-02 8.958684662342973615e-02
0.000000000000000000e+00 2.269206682844730760e-02 8.784129000649602836e-02 2.712763820163087078e-02 2.525569947950027649e-01 6.050063760812606981e-04 5.259932690613750364e-03
0.000000000000000000e+00 1.173181201448080142e-03 1.530534446819437899e-01 5.398697853670759127e-03 1.290206517529572383e-01 7.329559416655675487e-04 2.372781704779317741e-02
0.000000000000000000e+00 2.269206682844730760e-02 2.138736454248865826e+00 1.888186752045150740e+00 3.886592410224241512e+00 6.120260670099773176e-03 1.970097316359269990e-01
0.000000000000000000e+00 1.173181201448080142e-03 2.262668557909372838e-02 9.228627794626143022e-02 6.801310427680772389e-03 8.949454318686140761e-04 7.498795682566881428e-03
0.000000000000000000e+00 2.227878202802155982e+00 7.893959125856549797e+00 1.982801984842273413e+01 4.884427164005993305e+00 1.552041461770488961e+00 5.090840125458371279e-01
0.000000000000000000e+00 1.173181201448080142e-03 4.488583512590217595e+00 3.525709672350334500e+01 4.984008490695775784e+00 2.110139522177564885e-04 3.566820820504548045e-03
0.000000000000000000e+00 2.269206682844730760e-02 3.135883758884232542e+00 6.774115896771455425e+00 1.587223018738640690e+01 6.050535079543403229e-03 6.898739801103849489e-02
0.000000000000000000e+00 4.442986001225633641e-02 2.094199689575792167e+00 1.840091118836630457e+00 2.199611268232019690e+00 3.161197532042206992e-01 1.505372126324342474e-01
0.000000000000000000e+00 2.205609196709266584e+00 7.063503459232877368e+00 2.091740766210594415e+01 3.413697360542812920e+00 2.151536127992506042e+00 4.911348847742204038e-01
0.000000000000000000e+00 1.531188259312973865e-01 1.426148920252744645e+00 1.176722734029832074e+00 1.584454343794369002e+00 3.631816616348418000e-03 3.506237183027655080e-02
0.000000000000000000e+00 1.313810327474904116e-01 2.027397588133485584e+00 3.194368108632390957e+00 3.055135504825287285e+00 1.496507937755286566e+00 7.637075617538251204e-02
0.000000000000000000e+00 1.173181201448080142e-03 3.192877004913693195e+00 3.868365278802692320e+00 1.055565219206842364e+01 7.972843060909774043e-03 8.487114627673512934e-02
0.000000000000000000e+00 8.790544637987234011e-02 3.021898816507119889e+00 4.108862201868872965e+00 1.290334597874811529e+01 5.524096823747745022e-01 2.675780682957928924e-01
0.000000000000000000e+00 1.531188259312973865e-01 7.046387666622374590e-01 6.940606482789579701e-01 2.985332778244367269e-01 1.152664348180721388e-01 4.044911761614602280e-02
0.000000000000000000e+00 2.964983310079924550e+00 4.572821497456119211e+00 2.636259370176392025e+01 6.860803777237606482e+00 2.110139522177564885e-04 3.528566292015173668e-03
0.000000000000000000e+00 1.313810327474904116e-01 3.350838287025037499e-01 1.557372549624010949e-01 1.714421849520304519e-01 5.126480426916348032e-02 3.993512108584414307e-03
0.000000000000000000e+00 1.173181201448080142e-03 3.192877004913693195e+00 6.670301643793529855e+00 1.768869979933322512e+01 5.956730578237734962e-03 6.649182769384130720e-02
0.000000000000000000e+00 1.313810327474904116e-01 1.461343580648661433e+00 1.176783102906378664e+00 6.941711062058776305e-01 3.144196075954515668e-01 2.734776340727321231e-02
0.000000000000000000e+00 1.173181201448080142e-03 1.313156514981368428e-01 1.803745239971482062e-01 2.215207556780001974e-01 4.992163263642198550e-04 4.377884457051181046e-03
0.000000000000000000e+00 1.531188259312973865e-01 1.591066993133186114e-01 1.622033980183381907e-01 1.688937764366886252e-01 9.727718358814498728e-03 1.287334365469366276e-02
0.000000000000000000e+00 6.616765319606536522e-02 3.021897238799450047e+00 6.981743544045052374e+00 1.913993973459194819e+01 1.287480583741989204e-01 1.830796182289902430e-01
0.000000000000000000e+00 1.173181201448080142e-03 4.525063933493202128e+00 5.528314852572848714e+00 1.278757929225118417e+01 7.198952856431128054e-03 2.477592626543272114e-01
0.000000000000000000e+00 2.269206682844730760e-02 8.901172712619649869e-04 5.213511797406245307e+01 1.182062829303618479e+01 2.110139522177564885e-04 3.566820820504548045e-03
0.000000000000000000e+00 2.205609196709266584e+00 7.893956976770180489e+00 1.946507005883259467e+01 4.779339955163855791e+00 1.853356611737286164e+00 5.759940167733123006e-01
0.000000000000000000e+00 1.173181201448080142e-03 3.135882153118085380e+00 6.774123173729383218e+00 1.532914807880643870e+01 7.087598862722926593e-03 2.480580446714767129e-01
0.000000000000000000e+00 3.107470439568946308e+00 6.855909697161973071e+00 2.382102537162413469e+01 6.570347915910833336e+00 3.745535902569764597e-02 3.528566292015173668e-03
0.000000000000000000e+00 1.173181201448080142e-03 2.027390168975780949e+00 3.568295657117713127e+00 3.056764744822045188e+00 2.770943683273226488e-01 1.973440144538774477e-01
0.000000000000000000e+00 1.313810327474904116e-01 1.338158920279550523e+00 8.337762895795043372e-01 3.803846663894814295e-01 2.171244135182015447e-03 6.872665209433749534e-02
0.000000000000000000e+00 1.313810327474904116e-01 1.478941389272819817e+00 2.061647598417000460e-01 3.254438646619859377e-01 1.641129552088977685e-03 1.542468905466043427e-02
0.000000000000000000e+00 1.531188259312973865e-01 1.426148920252744645e+00 1.176722734029832074e+00 1.584454343794369002e+00 3.631816616348418000e-03 3.506237183027655080e-02
0.000000000000000000e+00 1.173181201448080142e-03 3.021892449526868418e+00 4.429529757265907364e+00 1.423758905325167312e+01 1.893567553439423068e-01 2.677702903028221781e-01
0.000000000000000000e+00 1.313810327474904116e-01 3.526816373266629112e-01 1.439882069196351255e-01 2.986388205315899103e-01 5.898283575802024592e-04 5.329463182482572885e-03
0.000000000000000000e+00 1.313810327474904116e-01 3.350838287025037499e-01 1.674881236577285826e-01 2.986458999519635560e-01 5.902717053384103595e-04 5.292281413271076457e-03
0.000000000000000000e+00 1.531188259312973865e-01 1.461344537501062080e+00 1.249743476753831795e+00 2.519832362543063642e+00 4.702372573904673586e-03 1.501128397161076988e-01
0.000000000000000000e+00 1.313810327474904116e-01 1.338158920279550523e+00 8.622737154773078005e-01 7.899452366131840542e-01 1.464662486377118489e-01 8.938084313285600546e-02
0.000000000000000000e+00 1.748566191151064431e-01 2.879417903828001002e+00 7.085550233737216708e+00 2.204473054197028858e+01 9.184645364856737493e-02 1.307207671499101553e-01
0.000000000000000000e+00 1.173181201448080142e-03 1.095778583143278001e-01 2.709118985218718703e-02 1.819572965204642456e-01 7.347699310401749947e-04 6.314743771003178234e-03
0.000000000000000000e+00 1.313810327474904116e-01 1.408550154776185614e+00 3.175105727692988933e-01 3.539581645505727736e-01 3.812272240084812330e-02 1.548619084465423928e-02
0.000000000000000000e+00 1.173181201448080142e-03 1.092801686515678522e-03 2.714089115431556065e-02 7.691695581519059598e-03 8.901172712619649869e-04 6.745494253246580273e-03
0.000000000000000000e+00 1.173181201448080142e-03 3.078887301322476677e+00 4.189034599361888489e+00 1.362560520698506039e+01 7.891632532813237094e-03 2.675780682957928924e-01
0.000000000000000000e+00 1.531188259312973865e-01 3.878782114273810477e-01 6.749949304004929651e-01 4.540759676957181745e-01 8.676841894451783888e-02 1.191870486737469682e-02
0.000000000000000000e+00 1.313810327474904116e-01 3.350838287025037499e-01 5.199745658597547671e-01 3.172627458611028128e-01 6.779802751057026344e-02 9.155510750682341325e-03
0.000000000000000000e+00 2.116533172337706326e+00 5.133939310713889093e+00 2.672566635929438661e+01 6.860803777237606482e+00 2.110139522177564885e-04 3.528566292015173668e-03
0.000000000000000000e+00 1.531188259312973865e-01 1.338159877131951170e+00 8.052790346433454927e-01 7.899182077169680793e-01 5.027148317648896109e-02 6.890678834031194189e-02
0.000000000000000000e+00 1.173181201448080142e-03 2.262668557909372838e-02 2.710928310655137327e-02 2.032198829306343102e-01 7.301907375443283726e-04 6.093121317135037802e-03
0.000000000000000000e+00 1.531188259312973865e-01 1.591066993133186114e-01 1.478317607354946439e-01 2.041379877238888307e-01 1.905583222721922779e-02 3.595493544398389602e-03
0.000000000000000000e+00 1.173181201448080142e-03 3.135882153118085380e+00 4.028700380834917105e+00 1.127799407793116160e+01 7.947067258497223993e-03 8.272771721383878618e-02
0.000000000000000000e+00 1.313810327474904116e-01 1.355756728903708908e+00 8.052314622991916249e-01 4.533455081954474997e-01 9.836667477497033907e-02 6.883020193862797453e-02
0.000000000000000000e+00 8.790544637987234011e-02 3.050396242404924685e+00 3.788209298305229566e+00 1.308368211282425797e+01 1.894286334639803671e-01 8.591366378540483961e-02
0.000000000000000000e+00 2.269206682844730760e-02 3.135883758884232542e+00 3.948532940373147948e+00 1.109596155744347534e+01 1.885391341263924214e-01 8.507054387688289809e-02
0.000000000000000000e+00 2.183322054827224468e-01 2.907918381485866011e+00 6.566494954101369075e+00 2.022959780569694743e+01 6.347653552289893586e-01 4.897105740699943949e-02
0.000000000000000000e+00 1.313810327474904116e-01 3.350838287025037499e-01 1.322355175717438158e-01 2.180359712739374234e-01 3.093696774867888549e-02 4.000149903783715988e-03
0.000000000000000000e+00 1.313810327474904116e-01 4.306193561917944557e+00 5.216894783496355714e+00 1.242435837138823729e+01 7.832715785486679683e-03 2.678422060408854333e-01
0.000000000000000000e+00 3.022040504987268061e+00 4.412500821193964029e+00 2.200579530681725160e+01 6.566297221170323439e+00 1.542343483987329122e+00 2.254086953731768150e-02
0.000000000000000000e+00 1.173181201448080142e-03 6.446986466113651559e+00 3.271588276748538249e+01 5.162590213026885699e+00 2.110139522177564885e-04 3.528566292015173668e-03
0.000000000000000000e+00 1.531188259312973865e-01 3.350847855549052290e-01 5.200160051701412378e-01 3.516379535087723052e-01 1.123377118106636818e-01 3.149118161964088725e-02
0.000000000000000000e+00 1.313810327474904116e-01 3.526816373266629112e-01 5.200160051701412378e-01 2.997381838892317907e-01 2.326001532479010300e-02 9.128556533513926957e-03
0.000000000000000000e+00 1.313810327474904116e-01 1.461343580648661433e+00 2.061650455009856331e-01 9.635313611002240819e-01 2.426586836108179657e-01 6.893210976769734155e-02
0.000000000000000000e+00 1.313810327474904116e-01 1.478941389272819817e+00 5.202089730124602740e-01 4.892272975677351976e-01 9.836556798388627898e-02 2.013831477799702535e-02
0.000000000000000000e+00 8.790544637987234011e-02 3.050396242404924685e+00 6.877922586463621535e+00 2.004825102360750577e+01 1.286914019572600043e-01 5.092214669347367578e-02
0.000000000000000000e+00 6.616765319606536522e-02 3.107389516492862658e+00 6.670301643793529855e+00 1.496622772883849350e+01 7.097467118261199977e-03 8.025247518972687677e-02
0.000000000000000000e+00 1.531188259312973865e-01 1.591066993133186114e-01 1.478317607354946439e-01 2.158888564192174286e-01 1.905622129635252057e-02 3.571425582793141904e-03
0.000000000000000000e+00 1.096432395636813828e-01 2.116472394303777094e+00 1.743889894989020917e+00 2.038136140251477268e+00 4.699684127739262723e-03 1.499821443587803782e-01
0.000000000000000000e+00 1.173181201448080142e-03 1.092801686515678522e-03 2.688592440403918260e-02 5.015926910574641795e-02 8.925456451359593162e-04 6.773457470081321180e-03
0.000000000000000000e+00 8.790544637987234011e-02 2.964903964711511630e+00 7.085386434909277220e+00 1.714420538523428306e+01 1.500447397637436064e-01 6.908559067532810127e-02
0.000000000000000000e+00 4.442986001225633641e-02 2.116468695668682454e+00 1.888186752045150740e+00 1.959208921577757945e+00 1.085069416564993783e-01 1.503981000223090780e-01
0.000000000000000000e+00 1.173181201448080142e-03 1.313156514981368428e-01 1.979428438184243355e-01 2.504156038414375174e-01 5.008227123928970029e-04 1.615337536312417069e-02
0.000000000000000000e+00 1.313810327474904116e-01 1.443745772024502383e+00 2.283600694610290194e-01 3.824217877765198059e-01 1.475634065949434082e-01 5.187143159950913240e-02
0.000000000000000000e+00 1.965944122989134180e-01 2.936414286237970739e+00 6.774108333485695077e+00 1.805028120004345737e+01 2.524964096019005622e-01 1.830695487124624488e-01
0.000000000000000000e+00 2.269206682844730760e-02 1.935553710630215640e+00 1.249743476753831795e+00 2.599387363451658217e+00 4.702043824072256115e-03 4.635433637549724040e-02
0.000000000000000000e+00 2.227878202802155982e+00 4.733138821519249362e+00 2.654416822126140474e+01 3.811026396530110993e+00 8.370345448864822124e-01 3.954665997645479686e-03
0.000000000000000000e+00 1.173181201448080142e-03 2.262668557909372838e-02 2.714563176316988832e-02 1.814820897468253091e-01 9.008191692351847539e-04 6.807321430758145157e-03
0.000000000000000000e+00 2.269206682844730760e-02 3.164381184782036005e+00 6.670301643793529855e+00 1.405873703867358948e+01 7.145189320245941451e-03 2.479216425179031902e-01
0.000000000000000000e+00 1.313810327474904116e-01 1.478941389272819817e+00 2.224874847690323953e+00 3.159945582379098727e+00 4.199228778011085961e-01 6.134726934188402397e-02
0.000000000000000000e+00 1.748566191151064431e-01 1.443747679902844805e+00 1.249743476753831795e+00 3.094725479404354940e-01 6.513861422901258413e-02 2.611158233821787508e-02
0.000000000000000000e+00 1.173181201448080142e-03 1.313156514981368428e-01 1.803745239971482062e-01 1.638401362420898455e-01 6.099183960411786766e-04 5.331764050451204100e-03
0.000000000000000000e+00 1.173181201448080142e-03 1.747912378657528187e-01 1.627838171343295726e-01 1.638946746875712679e-01 6.106003849869242727e-04 5.341942108570043278e-03
0.000000000000000000e+00 2.269206682844730760e-02 2.161005460341755668e+00 1.599522534185356282e+00 2.439356806440210690e+00 1.250379960433684490e+00 6.151933503282274590e-02
0.000000000000000000e+00 1.173181201448080142e-03 6.312848947257301280e-01 4.596510387010059873e+01 1.245115029434167830e+01 2.110139522177564885e-04 3.528566292015173668e-03
0.000000000000000000e+00 1.173181201448080142e-03 3.192877004913693195e+00 3.948527099836649956e+00 7.711756465486192091e+00 1.886210019267622329e-01 8.510291950756181112e-02
0.000000000000000000e+00 1.313810327474904116e-01 1.426147963400343999e+00 4.918072686416750106e-01 7.450416678587463704e-01 1.945615216864669539e-01 2.080962641596094051e-02
0.000000000000000000e+00 1.748566191151064431e-01 2.850920477930195762e+00 7.085556938941870442e+00 2.168165883605880495e+01 4.168626998908236438e-03 5.040448923379610424e-02
0.000000000000000000e+00 1.173181201448080142e-03 1.530534446819437899e-01 1.627802883744768059e-01 1.494640108564502246e-01 6.092314568283717976e-04 5.186909406713567303e-03
0.000000000000000000e+00 1.313810327474904116e-01 1.767035510850763769e-01 1.478317607354946439e-01 2.040646186466069933e-01 1.905583222721922779e-02 1.289242116245901612e-02
0.000000000000000000e+00 3.192962717262357586e+00 6.544494693889907566e+00 1.492761660800805146e+01 8.568357379513290795e+00 1.255993925129515798e+00 1.875610501057406732e-01
0.000000000000000000e+00 1.173181201448080142e-03 2.205542217718901021e+00 1.551503168707098812e+00 2.359808895777995907e+00 8.351537695016275631e-01 4.691228000579265173e-02
0.000000000000000000e+00 1.173181201448080142e-03 3.164379579015890176e+00 6.877922586463621535e+00 1.641828826294787547e+01 6.014180024454860059e-03 2.131008144978139840e-01
0.000000000000000000e+00 2.269206682844730760e-02 2.183274466434645955e+00 1.551423636321735078e+00 2.439663375630357844e+00 8.351532016650328183e-01 3.322699901092450170e-01
0.000000000000000000e+00 1.531188259312973865e-01 1.591229243949081607e-01 1.333873599839853485e-01 1.806278383864771409e-01 1.225479361757859584e-02 3.539629907870276218e-03
0.000000000000000000e+00 1.173181201448080142e-03 3.107384727220281473e+00 7.085550233737216708e+00 1.823326964327769062e+01 2.524876314908895414e-01 5.880307283315387712e-02
0.000000000000000000e+00 1.173181201448080142e-03 1.435583242526644820e+00 3.743535081035702206e+01 1.589395606473961031e+01 2.110139522177564885e-04 3.528566292015173668e-03
0.000000000000000000e+00 1.531188259312973865e-01 3.350847855549052290e-01 4.729927286610382531e-01 7.658921384400877441e-01 1.437638607158770454e-01 1.155265596035130911e-02
0.000000000000000000e+00 1.173181201448080142e-03 1.313156514981368428e-01 1.803745239971482062e-01 2.359849400103151695e-01 4.997558626741897348e-04 1.613697801507209609e-02
0.000000000000000000e+00 1.173181201448080142e-03 1.313156514981368428e-01 1.979723326213056744e-01 1.927349844055271100e-01 3.575127881190512391e-02 4.394316743562287804e-03
0.000000000000000000e+00 1.313810327474904116e-01 1.355756728903708908e+00 8.337288881969950882e-01 4.533662458795525430e-01 9.836719783776269599e-02 6.885583396708476467e-02
0.000000000000000000e+00 1.173181201448080142e-03 8.784006513051878517e-02 4.889732018288533294e-02 2.525569947950027649e-01 1.502516123505784340e-02 1.951309322044206956e-02
0.000000000000000000e+00 2.269206682844730760e-02 3.135883758884232542e+00 3.948532940373147948e+00 1.109740860646548199e+01 7.953662660712571691e-03 8.502163761636263861e-02
0.000000000000000000e+00 1.531188259312973865e-01 3.878782114273810477e-01 6.749949304004929651e-01 4.540759676957181745e-01 8.676841894451783888e-02 1.191870486737469682e-02
0.000000000000000000e+00 1.313810327474904116e-01 1.478941389272819817e+00 2.284337659345895832e-01 1.544761832659439227e-01 5.827436198059432471e-02 5.184295152089722636e-02
0.000000000000000000e+00 1.531188259312973865e-01 1.426148920252744645e+00 1.140242313126847984e+00 1.834167321163623576e+00 2.441174963010727395e-01 3.560783631302712887e-02
0.000000000000000000e+00 1.313810327474904116e-01 4.306193561917944557e+00 5.216894783496355714e+00 1.242510145047892323e+01 7.832715785486679683e-03 2.678422060408854333e-01
0.000000000000000000e+00 1.173181201448080142e-03 3.135882153118085380e+00 4.108862201868872965e+00 8.043781606722191668e+00 1.886104850987092574e-01 8.444282219581006332e-02
0.000000000000000000e+00 1.965944122989134180e-01 4.054779162666607428e-01 4.560218499903152889e+01 1.234606473093295875e+01 2.110139522177564885e-04 3.528566292015173668e-03
0.000000000000000000e+00 1.748566191151064431e-01 4.054769710774821512e-01 4.614665407628540805e+01 1.213589189391160339e+01 2.110139522177564885e-04 3.528566292015173668e-03
0.000000000000000000e+00 6.616765319606536522e-02 3.107389516492862658e+00 3.868365278802692320e+00 1.073551315708362353e+01 3.691374931374528101e-01 8.502163761636263861e-02
0.000000000000000000e+00 2.138802178430595724e+00 4.652970171185160098e+00 2.727034247825740110e+01 7.006049560364114193e+00 2.110139522177564885e-04 3.528566292015173668e-03
0.000000000000000000e+00 1.531188259312973865e-01 1.461344537501062080e+00 1.984389038068564703e+00 2.359808895777995907e+00 4.700251964338894237e-03 4.654451409393211420e-02
0.000000000000000000e+00 1.313810327474904116e-01 3.350838287025037499e-01 4.847615784315942311e-01 2.999879893727280811e-01 5.248886837949614387e-02 9.101439537401338070e-03
0.000000000000000000e+00 1.173181201448080142e-03 2.138735199440230605e+00 1.840091118836630457e+00 2.199611268232019690e+00 4.699684127739262723e-03 1.503981000223090780e-01
0.000000000000000000e+00 1.965944122989134180e-01 2.907916860340166831e+00 6.566502517387129423e+00 2.113552800738330362e+01 2.143853841111762470e-01 1.555083342230205168e-01
0.000000000000000000e+00 6.616765319606536522e-02 3.107389516492862658e+00 3.948527099836649956e+00 8.872512215025984972e+00 1.885824879975625812e-01 8.471507479439591148e-02
0.000000000000000000e+00 1.173181201448080142e-03 2.183273211626010735e+00 1.551504959090739488e+00 2.520090178924566882e+00 1.250379960433684490e+00 1.970097316359269990e-01
0.000000000000000000e+00 3.192962717262357586e+00 6.648301383582066570e+00 1.510906825956520194e+01 8.133635955274650442e+00 1.315701984135452030e+00 1.454568163727671948e-01
0.000000000000000000e+00 1.313810327474904116e-01 1.144583025413804078e+00 3.616490311819674730e+01 1.614134598957861044e+01 2.110139522177564885e-04 3.528566292015173668e-03
0.000000000000000000e+00 1.313810327474904116e-01 3.350838287025037499e-01 1.557372549624010949e-01 1.714421849520304519e-01 5.126480426916348032e-02 3.993512108584414307e-03
0.000000000000000000e+00 8.790544637987234011e-02 3.050396242404924685e+00 6.877922586463621535e+00 1.895851598537256777e+01 1.287480583741989204e-01 1.830796182289902430e-01
0.000000000000000000e+00 8.790544637987234011e-02 2.116471168755383658e+00 3.069724238776830205e+00 6.564062982756577291e+00 1.501547111085631991e+00 7.665857641114405541e-02
0.000000000000000000e+00 6.616765319606536522e-02 3.107389516492862658e+00 6.774108333485695077e+00 1.551079757278296434e+01 6.059384716108813865e-03 6.897208003430646550e-02
0.000000000000000000e+00 2.183322054827224468e-01 2.879420955588062991e+00 6.877922586463621535e+00 2.095499550373534703e+01 3.194549125916674726e-01 5.040448923379610424e-02
0.000000000000000000e+00 1.313810327474904116e-01 1.443761978904943399e+00 1.615530511823592974e-01 7.445848528901024554e-01 1.643947194214403443e-03 1.552682308876295741e-02
0.000000000000000000e+00 1.313810327474904116e-01 3.702794459508220726e-01 6.346958294623807895e-01 2.827167330083936170e-01 1.346067179035532468e-01 1.192123056654756548e-02
0.000000000000000000e+00 1.096432395636813828e-01 2.094203388210887251e+00 3.069724238776830205e+00 3.056764744822045188e+00 8.190559547397524565e-01 6.206901293181344564e-02
0.000000000000000000e+00 1.531188259312973865e-01 1.591066993133186114e-01 1.477832431593602280e-01 2.511414625052022509e-01 4.027169666964711472e-04 1.290506713043954035e-02
0.000000000000000000e+00 8.790544637987234011e-02 2.049664150476713242e+00 3.194370089396079138e+00 3.055087195536919875e+00 1.361019310872789490e+00 6.166423166032457270e-02
0.000000000000000000e+00 2.269206682844730760e-02 6.095483264178984673e-01 4.396862435173780881e+01 1.601765133195442559e+01 2.110139522177564885e-04 3.528566292015173668e-03
0.000000000000000000e+00 1.173181201448080142e-03 3.135882153118085380e+00 6.774123173729383218e+00 1.514764994077345506e+01 7.097467118261199977e-03 8.025247518972687677e-02
0.000000000000000000e+00 1.173181201448080142e-03 1.530534446819437899e-01 5.435138311024194195e-03 1.290723745991977089e-01 1.833076456582471980e-02 6.302146318008906324e-03
0.000000000000000000e+00 1.313810327474904116e-01 3.702794459508220726e-01 6.346958294623807895e-01 2.827167330083936170e-01 1.346067179035532468e-01 4.031585453997823393e-02
0.000000000000000000e+00 1.173181201448080142e-03 6.495083628038003098e+00 3.253435974004532483e+01 4.983484181547760627e+00 2.815049295306910199e-02 3.528566292015173668e-03
0.000000000000000000e+00 1.173181201448080142e-03 3.192877004913693195e+00 3.868365278802692320e+00 7.545667907554107323e+00 7.396392041250430920e-03 2.440852984240485524e-01
0.000000000000000000e+00 1.173181201448080142e-03 2.205542217718901021e+00 4.990689519554035058e+00 2.004625673729401569e+01 1.500351163268161536e-01 2.111928380756223911e-01
0.000000000000000000e+00 8.790544637987234011e-02 2.094202162662493372e+00 3.132046258508256908e+00 3.056764744822045188e+00 8.190559547397524565e-01 1.975594095349177126e-01
0.000000000000000000e+00 2.269206682844730760e-02 3.078888907088623839e+00 7.085550233737216708e+00 1.950226630430731234e+01 5.016550922191595485e-03 5.937713089902994790e-02
0.000000000000000000e+00 2.400699986665314756e-01 2.822427615452512750e+00 6.981736553113708332e+00 2.222548246996622012e+01 9.183873982341619890e-02 2.190766833044500983e-01
0.000000000000000000e+00 1.748566191151064431e-01 2.879417903828001002e+00 7.085550233737216708e+00 2.204473054197028858e+01 9.184645364856737493e-02 1.307207671499101553e-01
0.000000000000000000e+00 1.748566191151064431e-01 2.850920477930195762e+00 7.085556938941870442e+00 2.168165883605880495e+01 4.168626998908236438e-03 5.040448923379610424e-02
0.000000000000000000e+00 2.269206682844730760e-02 1.870340331078790497e+00 3.326097745225418123e+01 1.614134598957861044e+01 2.110139522177564885e-04 3.528566292015173668e-03
0.000000000000000000e+00 1.173181201448080142e-03 2.161004205533120892e+00 1.840089590120799867e+00 3.574318450987252760e+00 4.693394332185295802e-03 1.507637346481334184e-01
0.000000000000000000e+00 1.173181201448080142e-03 1.313156514981368428e-01 1.979428438184243355e-01 2.504156038414375174e-01 5.008227123928970029e-04 1.615337536312417069e-02
0.000000000000000000e+00 1.173181201448080142e-03 2.182668242333688502e-01 3.960608142601088066e-02 6.370562423104305684e-03 7.311183541817235570e-04 6.317336349844174248e-03
0.000000000000000000e+00 1.173181201448080142e-03 3.135882153118085380e+00 6.774123173729383218e+00 1.514764994077345506e+01 7.097467118261199977e-03 8.025247518972687677e-02
0.000000000000000000e+00 1.173181201448080142e-03 2.227811223811790864e+00 3.007402049266875821e+00 6.157591792947251896e+00 3.394700946853740353e-01 7.679756022538085369e-02
0.000000000000000000e+00 1.313810327474904116e-01 3.350838287025037499e-01 5.200141845175785260e-01 3.514510489957103356e-01 4.553014481632213645e-02 9.168926409929483573e-03
0.000000000000000000e+00 1.173181201448080142e-03 2.027390168975780949e+00 3.505975957194083392e+00 3.055898360745216369e+00 1.496509707475900397e+00 6.227829259391777506e-02
0.000000000000000000e+00 1.531188259312973865e-01 3.350847855549052290e-01 5.199763796739206301e-01 3.336426893930622417e-01 1.123371630949918515e-01 3.147793170245024447e-02
0.000000000000000000e+00 1.531188259312973865e-01 1.591066993133186114e-01 1.622033980183381907e-01 1.688937764366886252e-01 9.727718358814498728e-03 1.287334365469366276e-02
0.000000000000000000e+00 2.269206682844730760e-02 2.183274466434645955e+00 1.551423636321735078e+00 2.439970716811953100e+00 9.389598913571931549e-01 6.079723063126225846e-02
0.000000000000000000e+00 1.531188259312973865e-01 1.591066993133186114e-01 1.622033980183381907e-01 1.571429077413599995e-01 5.039249222499689882e-04 4.451275277110580339e-03
0.000000000000000000e+00 2.227878202802155982e+00 7.790152436164390792e+00 1.946507005883259467e+01 4.989997290856567069e+00 1.753262751882304293e+00 5.759940167733123006e-01
0.000000000000000000e+00 1.313810327474904116e-01 3.526816373266629112e-01 4.494909912703816124e-01 1.933018132167522440e-01 1.800416027556455204e-02 6.972070674738917000e-03
0.000000000000000000e+00 1.313810327474904116e-01 3.350838287025037499e-01 1.439863862670724415e-01 2.986317256456780811e-01 5.893800240003428626e-04 5.320803624174451525e-03
0.000000000000000000e+00 1.173181201448080142e-03 2.262668557909372838e-02 2.707289839483638383e-02 1.812270658257217892e-01 1.832706587723589159e-02 6.251511791382616083e-03
0.000000000000000000e+00 1.173181201448080142e-03 2.262668557909372838e-02 2.707289839483638383e-02 2.029648590095308180e-01 7.301907375443283726e-04 6.251511791382616083e-03
0.000000000000000000e+00 2.400699986665314756e-01 2.822427615452512750e+00 6.981736553113708332e+00 2.222548246996622012e+01 9.183873982341619890e-02 2.190766833044500983e-01
0.000000000000000000e+00 1.173181201448080142e-03 1.092801686515678522e-03 2.714089115431556065e-02 7.119993445538168667e-03 8.901172712619649869e-04 6.745494253246580273e-03
0.000000000000000000e+00 8.790544637987234011e-02 3.050396242404924685e+00 6.877922586463621535e+00 2.004825102360750577e+01 1.286914019572600043e-01 5.092214669347367578e-02
0.000000000000000000e+00 1.531188259312973865e-01 3.174869769307460676e-01 1.204450302185925692e-01 1.993451626674508370e-01 4.424163093698836070e-04 3.858783317064067454e-03
0.000000000000000000e+00 8.790544637987234011e-02 3.050396242404924685e+00 4.028694761407106029e+00 1.127446906221229028e+01 7.940370290661104974e-03 2.657042864729903808e-01
0.000000000000000000e+00 2.269206682844730760e-02 1.313168763741120182e-01 1.979464052871678925e-01 7.738423409624310689e-02 6.071410289809976756e-04 5.290842194633416616e-03
0.000000000000000000e+00 6.616765319606536522e-02 3.107389516492862658e+00 3.868365278802692320e+00 1.091609862854930491e+01 7.960156857485080686e-03 8.497210006698223406e-02
0.000000000000000000e+00 1.173181201448080142e-03 1.313156514981368428e-01 2.331679498696239972e-01 7.739470218035296445e-02 6.078427641989703114e-04 5.301103958967310660e-03
0.000000000000000000e+00 1.173181201448080142e-03 8.784006513051878517e-02 4.889732018288533294e-02 2.525569947950027649e-01 1.502516123505784340e-02 5.092938361464126838e-03
0.000000000000000000e+00 1.173181201448080142e-03 8.784006513051878517e-02 4.886092372832638586e-02 7.298623780225853286e-02 8.996588416053593077e-04 7.496038053120375293e-03
0.000000000000000000e+00 1.173181201448080142e-03 2.262668557909372838e-02 7.058486947416738044e-02 1.164294474147366532e-01 8.996588416053593077e-04 7.560814788311476763e-03
0.000000000000000000e+00 1.173181201448080142e-03 2.049679541928811410e+00 3.505974821083792659e+00 2.952958055129879522e+00 1.496509707475900397e+00 6.227829259391777506e-02
0.000000000000000000e+00 1.173181201448080142e-03 2.027390168975780949e+00 3.381336557346819482e+00 3.368031610966802258e+00 1.631998334358397029e+00 2.403768024836990258e-01
0.000000000000000000e+00 1.173181201448080142e-03 2.227811223811790864e+00 3.007402049266875821e+00 6.428572586153467050e+00 7.437720022525148508e-03 2.428101308433842642e-01
0.000000000000000000e+00 1.313810327474904116e-01 3.526816373266629112e-01 1.087356008336503588e-01 2.884530121026385729e-01 1.060945211250949663e-02 3.978979433349738581e-03
0.000000000000000000e+00 4.442986001225633641e-02 2.183275713947352425e+00 1.551501247291614760e+00 2.039203794054650132e+00 4.701667518679243304e-03 1.502089568947221343e-01
0.000000000000000000e+00 1.313810327474904116e-01 3.350838287025037499e-01 5.200141845175785260e-01 3.514510489957103356e-01 4.553014481632213645e-02 3.143793250281903817e-02
0.000000000000000000e+00 1.531188259312973865e-01 3.174869769307460676e-01 1.439467676092486825e-01 2.086852890473909761e-01 4.110144534063780303e-02 1.417124848720806123e-02
0.000000000000000000e+00 1.531188259312973865e-01 1.461344537501062080e+00 1.213202386530155996e+00 1.584554374037062896e+00 8.379385423315401094e-02 3.521582119090690965e-02
0.000000000000000000e+00 1.173181201448080142e-03 2.227811223811790864e+00 3.007402049266875821e+00 6.157591792947251896e+00 1.734575240673785212e-01 2.427506358323140156e-01
0.000000000000000000e+00 2.269206682844730760e-02 3.135883758884232542e+00 3.948532940373147948e+00 1.163916502086253146e+01 7.933571394081975758e-03 8.438116563455219654e-02
0.000000000000000000e+00 1.173181201448080142e-03 2.262668557909372838e-02 5.407838579360856046e-03 1.163806615005621575e-01 8.961345737250833200e-04 6.442828412521943958e-03
0.000000000000000000e+00 2.269206682844730760e-02 1.313168763741120182e-01 2.717293149483322387e-02 9.383695492163146579e-02 7.320400923971376751e-04 5.854834555906288616e-03
0.000000000000000000e+00 1.173181201448080142e-03 2.227811223811790864e+00 3.007402049266875821e+00 6.428572586153467050e+00 7.437720022525148508e-03 2.428101308433842642e-01
0.000000000000000000e+00 2.269206682844730760e-02 2.138736454248865826e+00 1.791992428196448772e+00 3.886484777398857560e+00 1.416136086204405620e-01 5.981233312420643905e-02
0.000000000000000000e+00 1.313810327474904116e-01 1.461343580648661433e+00 2.061650455009856331e-01 3.824217877765198059e-01 3.812214388599512865e-02 1.533065592719505717e-02
0.000000000000000000e+00 2.269206682844730760e-02 6.095483264178984673e-01 4.396862435173780881e+01 1.601765133195442559e+01 2.110139522177564885e-04 3.528566292015173668e-03
0.000000000000000000e+00 1.096432395636813828e-01 2.116472394303777094e+00 1.743889894989020917e+00 2.038136140251477268e+00 4.699684127739262723e-03 4.617545466661502479e-02
0.000000000000000000e+00 2.400699986665314756e-01 2.822427615452512750e+00 6.981736553113708332e+00 2.258847874603218386e+01 9.182310297564104384e-02 1.306951077324238208e-01
0.000000000000000000e+00 1.173181201448080142e-03 2.262668557909372838e-02 2.714563176316988832e-02 6.697530555615437489e-03 8.913350253510659085e-04 6.759489600878364896e-03
0.000000000000000000e+00 1.173181201448080142e-03 2.205542217718901021e+00 2.758022688704305114e+00 2.952701496355119470e+00 1.416136086204405620e-01 6.146234022696368815e-02
0.000000000000000000e+00 8.790544637987234011e-02 3.078893668302728592e+00 3.948527099836649956e+00 8.375139719153448681e+00 3.691850513327546435e-01 8.460797593199952116e-02
0.000000000000000000e+00 1.748566191151064431e-01 2.879417903828001002e+00 7.085550233737216708e+00 2.258922495606923420e+01 9.182310297564104384e-02 1.306951077324238208e-01
0.000000000000000000e+00 2.269206682844730760e-02 2.205543472527535798e+00 3.007402049266875821e+00 6.156525654796449309e+00 1.734575240673785212e-01 7.673806521431840444e-02
0.000000000000000000e+00 1.531188259312973865e-01 3.174869769307460676e-01 1.204450302185925692e-01 1.896669555768670801e-01 4.420360322628734515e-04 3.818712958457980665e-03
0.000000000000000000e+00 1.531188259312973865e-01 4.054760200515402091e-01 4.378715248006554361e+01 1.601765133195442559e+01 2.110139522177564885e-04 3.566820820504548045e-03
0.000000000000000000e+00 1.313810327474904116e-01 2.094204606412155556e+00 2.945082349343245198e+00 3.159705050437382035e+00 5.480751615335375249e-01 6.196207179105233526e-02
0.000000000000000000e+00 1.173181201448080142e-03 2.262668557909372838e-02 2.714563176316988832e-02 7.292136641405640163e-02 8.949454318686140761e-04 7.692034608283559310e-03
0.000000000000000000e+00 1.173181201448080142e-03 1.313156514981368428e-01 1.803745239971482062e-01 2.215207556780001974e-01 4.992163263642198550e-04 1.612875315237869908e-02
0.000000000000000000e+00 1.965944122989134180e-01 2.907916860340166831e+00 6.566502517387129423e+00 2.113552800738330362e+01 2.143853841111762470e-01 1.555083342230205168e-01
0.000000000000000000e+00 2.183322054827224468e-01 2.879420955588062991e+00 6.877922586463621535e+00 2.095499550373534703e+01 3.194549125916674726e-01 5.040448923379610424e-02
0.000000000000000000e+00 1.965944122989134180e-01 2.850922008544558572e+00 7.085550233737216708e+00 1.768802901914169112e+01 6.236244608799094147e-01 1.830730374413443717e-01
0.000000000000000000e+00 1.965944122989134180e-01 2.850922008544558572e+00 7.085550233737216708e+00 1.768802901914169112e+01 6.236244608799094147e-01 1.830730374413443717e-01
0.000000000000000000e+00 1.173181201448080142e-03 3.107384727220281473e+00 7.085550233737216708e+00 1.823326964327769062e+01 2.524876314908895414e-01 5.880307283315387712e-02
0.000000000000000000e+00 1.173181201448080142e-03 6.446986466113651559e+00 3.271588276748538249e+01 5.162590213026885699e+00 2.110139522177564885e-04 3.528566292015173668e-03
0.000000000000000000e+00 1.096432395636813828e-01 2.049665376025107122e+00 1.791992428196448772e+00 2.119449447198062497e+00 1.146573838578118787e+00 6.140498438739692977e-02
0.000000000000000000e+00 8.790544637987234011e-02 3.050396242404924685e+00 6.877922586463621535e+00 1.895851598537256777e+01 1.287480583741989204e-01 1.830796182289902430e-01
0.000000000000000000e+00 2.049726154059035466e+00 5.534742866552393004e+00 2.418461604536813780e+01 9.321010702899922507e+00 9.540709897039310536e-03 3.528566292015173668e-03
0.000000000000000000e+00 1.096432395636813828e-01 4.342671987199980599e+00 5.528314852572848714e+00 1.242532922622227076e+01 1.750007260192904257e-01 2.469831073029281898e-01
0.000000000000000000e+00 1.313810327474904116e-01 1.461343580648661433e+00 2.061650455009856331e-01 3.824217877765198059e-01 1.641722983012941853e-03 1.544526302372551362e-02
0.000000000000000000e+00 1.173181201448080142e-03 1.092801686515678522e-03 2.677633446802964515e-02 5.015926910574641795e-02 8.925456451359593162e-04 6.773457470081321180e-03
0.000000000000000000e+00 1.173181201448080142e-03 3.192877004913693195e+00 3.868365278802692320e+00 7.711680478172111108e+00 7.391779498087863720e-03 7.741841608367876215e-02
0.000000000000000000e+00 1.531188259312973865e-01 3.174869769307460676e-01 1.204846488764163004e-01 1.434406334282095630e-01 1.905848604270544630e-02 3.609099865379513002e-03
0.000000000000000000e+00 1.173181201448080142e-03 3.107384727220281473e+00 4.189029421454594448e+00 1.387604929308206181e+01 7.875340695729756563e-03 8.615892736528663054e-02
0.000000000000000000e+00 1.173181201448080142e-03 2.182668242333688502e-01 3.960608142601088066e-02 6.370562423104305684e-03 7.311183541817235570e-04 6.317336349844174248e-03
0.000000000000000000e+00 1.531188259312973865e-01 3.350847855549052290e-01 1.087356008336503588e-01 1.713631851615932122e-01 1.060574203028563645e-02 3.845711697569795685e-03
0.000000000000000000e+00 1.173181201448080142e-03 6.312848947257301280e-01 4.596510387010059873e+01 1.245115029434167830e+01 2.110139522177564885e-04 3.528566292015173668e-03
0.000000000000000000e+00 1.748566191151064431e-01 4.054769710774821512e-01 4.614665407628540805e+01 1.213589189391160339e+01 2.110139522177564885e-04 3.528566292015173668e-03
0.000000000000000000e+00 2.269206682844730760e-02 2.262791045507099585e-02 1.140651256915520273e-01 1.290206517529572383e-01 7.329559416655675487e-04 6.342905773917472019e-03
0.000000000000000000e+00 1.173181201448080142e-03 2.262668557909372838e-02 2.714563176316988832e-02 6.697530555615437489e-03 4.436692139296707915e-02 6.416772933143560093e-03
0.000000000000000000e+00 1.313810327474904116e-01 3.526816373266629112e-01 1.087356008336503588e-01 2.986174896945970048e-01 4.453250708977606943e-04 4.013375020119885374e-03
0.000000000000000000e+00 1.531188259312973865e-01 1.461344537501062080e+00 1.213263055850848149e+00 6.461265377614082706e-01 1.897805657048801664e-01 2.731647716418891467e-02
0.000000000000000000e+00 1.173181201448080142e-03 1.313156514981368428e-01 1.803745239971482062e-01 1.638841657154281595e-01 6.099183960411786766e-04 5.331764050451204100e-03
0.000000000000000000e+00 1.313810327474904116e-01 2.094204606412155556e+00 2.945082349343245198e+00 3.159705050437382035e+00 5.480751615335375249e-01 6.196207179105233526e-02
0.000000000000000000e+00 1.531188259312973865e-01 1.461344537501062080e+00 1.213263055850848149e+00 2.599950610890657376e+00 3.161224416503909951e-01 4.644994126581600963e-02
0.000000000000000000e+00 2.269206682844730760e-02 1.313168763741120182e-01 2.717293149483322387e-02 9.383695492163146579e-02 7.320400923971376751e-04 5.854834555906288616e-03
0.000000000000000000e+00 1.173181201448080142e-03 1.313156514981368428e-01 1.803745239971482062e-01 2.215207556780001974e-01 4.992163263642198550e-04 4.377884457051181046e-03
0.000000000000000000e+00 1.531188259312973865e-01 3.174869769307460676e-01 1.204846488764163004e-01 1.434406334282095630e-01 1.905848604270544630e-02 3.609099865379513002e-03
0.000000000000000000e+00 8.790544637987234011e-02 2.049664150476713242e+00 3.194370089396079138e+00 3.055087195536919875e+00 1.361019310872789490e+00 6.166423166032457270e-02
0.000000000000000000e+00 2.227878202802155982e+00 4.733138821519249362e+00 2.672566635929438661e+01 3.811017233306503549e+00 8.370316877326838823e-01 3.566820820504548045e-03
0.000000000000000000e+00 1.531188259312973865e-01 1.461344537501062080e+00 1.213263055850848149e+00 6.454014197945735498e-01 4.390593653994079859e-01 3.529705330316989381e-02
0.000000000000000000e+00 1.096432395636813828e-01 4.342671987199980599e+00 5.528314852572848714e+00 1.242532922622227076e+01 1.750007260192904257e-01 2.477297480281925313e-01
0.000000000000000000e+00 1.173181201448080142e-03 2.205542217718901021e+00 3.326092887172384138e+01 1.234606363232076198e+01 2.377020460513788378e-04 1.330047663116363903e-02
0.000000000000000000e+00 1.096432395636813828e-01 2.094203388210887251e+00 3.069724238776830205e+00 3.056764744822045188e+00 8.190559547397524565e-01 1.975594095349177126e-01
0.000000000000000000e+00 3.079004033627628534e+00 2.433269743765090531e+00 2.255162320793532871e+01 5.378578073261605752e+00 2.569450201443798765e+00 5.269546856811760938e-01
0.000000000000000000e+00 1.173181201448080142e-03 2.262668557909372838e-02 5.407838579360856046e-03 5.015926910574641795e-02 8.925456451359593162e-04 6.773457470081321180e-03
0.000000000000000000e+00 2.269206682844730760e-02 2.993396629395210340e+00 4.429529757265907364e+00 1.423758905325167312e+01 1.893567553439423068e-01 2.677702903028221781e-01
0.000000000000000000e+00 1.531188259312973865e-01 3.350847855549052290e-01 5.082651364748125289e-01 3.516270428046259222e-01 1.346061691878824573e-01 9.222175526751330912e-03
0.000000000000000000e+00 1.314046947231758966e-01 1.461343580648661433e+00 2.061650455009856331e-01 2.964160643355318592e-01 1.639898081400235821e-03 1.538332254569651537e-02
0.000000000000000000e+00 8.790544637987234011e-02 3.021898816507119889e+00 6.981736553113708332e+00 1.787027336721172688e+01 1.499956310221067790e-01 1.830606587913463645e-01
0.000000000000000000e+00 1.173181201448080142e-03 1.313156514981368428e-01 1.803745239971482062e-01 1.638401362420898455e-01 1.503007325501776008e-02 5.341942108570043278e-03
0.000000000000000000e+00 1.173181201448080142e-03 1.530534446819437899e-01 5.435138311024194195e-03 1.294902392575890127e-01 1.833076456582471980e-02 6.302146318008906324e-03
0.000000000000000000e+00 8.790544637987234011e-02 3.078893668302728592e+00 3.948527099836649956e+00 8.375139719153448681e+00 3.691850513327546435e-01 8.460797593199952116e-02
0.000000000000000000e+00 2.269206682844730760e-02 3.135883758884232542e+00 3.948532940373147948e+00 1.163916502086253146e+01 7.933571394081975758e-03 8.438116563455219654e-02
0.000000000000000000e+00 4.442986001225633641e-02 2.094199689575792167e+00 1.840091118836630457e+00 2.199611268232019690e+00 3.161197532042206992e-01 1.505372126324342474e-01
0.000000000000000000e+00 1.173181201448080142e-03 2.262668557909372838e-02 5.407838579360856046e-03 5.015926910574641795e-02 8.925456451359593162e-04 6.773457470081321180e-03
0.000000000000000000e+00 1.173181201448080142e-03 2.205542217718901021e+00 1.551503168707098812e+00 2.439970716811953100e+00 7.313465119728674857e-01 1.507189696979580051e-01
0.000000000000000000e+00 1.313810327474904116e-01 3.350838287025037499e-01 4.494891739857622692e-01 1.933839925674383509e-01 1.800365592425125921e-02 2.420245348903731983e-02
0.000000000000000000e+00 2.269206682844730760e-02 4.160261780053413183e+00 3.035678297246069590e+01 1.245115029434167830e+01 2.110139522177564885e-04 3.528566292015173668e-03
0.000000000000000000e+00 1.313810327474904116e-01 2.049666594226375427e+00 3.562041142229544732e+01 9.409374622713016834e+00 2.110139522177564885e-04 3.566820820504548045e-03
