-2.085170343162307205e+00 4.645375835961997524e+01
1.303531475231477188e+01 5.795131962986491136e-02
1.295045838912143132e+01 5.857430920544397235e-02
1.220135062179287999e+01 7.974020527589195662e-02
1.161797642402578035e+01 1.014563654862145337e-01
1.220135062179287999e+01 7.974020527589195662e-02
-1.918977283999891759e+00 4.296026694579786920e+01
-1.914197639346369106e+00 4.137152982536996859e+01
1.156341882172857360e+01 1.020050103897479077e-01
1.075153942831759579e+01 1.452271522664198566e-01
1.115342767399706148e+01 1.232181318172443918e-01
1.111164965362274515e+01 1.237428035735569504e-01
-7.596145428245417719e-01 3.553951764669290014e+01
-9.544813389335622400e-01 3.653470835837315178e+01
3.357849424112258507e+00 2.433827467706415337e+00
8.596337577971800981e-01 1.982936080440132187e+01
-1.053437334850125362e+00 3.707448437387076012e+01
-1.385811973290841825e+00 3.895620463797862953e+01
1.540025544964503501e+00 1.192626436253093836e+01
-9.028864920627601709e-01 3.592588430804029542e+01
1.551848384749594745e+00 1.136121507563550992e+01
8.375645893672113429e-01 2.034086209890153540e+01
1.434961920242358691e+00 1.242285510765183787e+01
1.424392919893835652e+00 1.320204108948966493e+01
-1.195569349675465576e+00 3.742649200548022037e+01
-2.055978764303200812e+00 4.509728257504769289e+01
1.134933293954089928e+00 1.615941473444463128e+01
9.140682317574877480e-01 1.927863822684377126e+01
-1.981048993479555875e+00 4.396427167002295988e+01
-9.394946024320821598e-01 3.600590892898171802e+01
1.194094538379469883e+00 1.536336163555530909e+01
1.044987817191780444e+01 1.667230081317834511e-01
1.265957041030554286e+00 1.454734085633505813e+01
1.069153486855697999e+01 1.456430438736352195e-01
-1.256696066780036203e+00 3.789390017878645267e+01
-1.651001037829718854e+00 3.962598409735800686e+01
9.408368633234745815e+00 2.528173550946221093e-01
1.182986998773576381e+00 1.599704345813218787e+01
8.129019395805482162e+00 3.882583877410440976e-01
-1.872840400394448102e+00 4.049727201933765031e+01
1.523066023205449371e-01 2.671127318168775844e+01
1.373960628895129155e+00 1.367381322963158752e+01
-1.960482115207506926e+00 4.347154833029412657e+01
9.497268502791883504e-01 1.903948952766884162e+01
5.636518106582004251e+00 8.576792491577710509e-01
1.022457098919340268e+01 1.884312001971341077e-01
8.337645346781005884e+00 3.543461219974798904e-01
1.906080909907084342e+00 8.360677066913098088e+00
-6.078012528978304907e-01 3.400308017451615683e+01
1.003323229766120095e+00 1.817962662829750187e+01
8.244752604003510399e+00 3.758929946373825159e-01
-1.335518032511018749e+00 3.815630405093031641e+01
7.282477675267415407e+00 5.118754138692758193e-01
9.532742170243425628e-01 1.855605236783060619e+01
-3.777189830798779457e-01 3.176486036674409164e+01
5.211604107770126504e+00 9.605956751137512128e-01
-1.908058061314610310e+00 4.103422609614266037e+01
3.481498466065654718e+00 2.264342924175151595e+00
1.697505769339120896e+00 1.038232204094664368e+01
5.738293450262997863e-01 2.259424678359962968e+01
-2.049369820930273978e+00 4.448986071650922725e+01
4.724715633298580464e+00 1.131954180384035613e+00
1.424392919893835652e+00 1.320204108948966493e+01
2.475637557424019253e+00 4.924729108687924573e+00
7.162632052082769540e+00 5.480948434198975594e-01
9.643494966941013047e+00 2.325432983392050623e-01
-3.123470626580292508e-01 3.155100031652977677e+01
-5.423253666201705014e-01 3.344020614421626902e+01
1.040116659777611030e+00 1.760586684931106305e+01
1.053857258442104206e+00 1.758181185361025101e+01
1.062122396071719432e+00 1.700049995795995272e+01
1.009486375817840553e+01 1.890348673884262032e-01
6.980248952670472740e+00 5.727735406814169483e-01
-4.621544410759903521e-01 3.287630063976137507e+01
1.332644672529984975e+00 1.402248604714615787e+01
6.806109637338214391e+00 6.072682156903292938e-01
5.494797061081186929e-01 2.311808905549005289e+01
7.095786873443171494e+00 5.592148626727394545e-01
2.343229862037864208e+00 5.392396571826156837e+00
-1.149910916556678847e-01 2.960720487476376661e+01
2.065891359690339435e+00 7.431612774513632225e+00
3.289966027937379689e+00 2.565244225830235258e+00
-2.056523390094939341e+00 4.524231956547726696e+01
9.233782611580281241e+00 2.621811730676028573e-01
9.960525577952495269e+00 2.101453314052555976e-01
1.285916604835952159e-01 2.698902072447328138e+01
1.247599050650282537e+00 1.505712888534111649e+01
4.388683912517497454e+00 1.406178012996648352e+00
-1.371358502073787955e+00 3.843929860830144207e+01
2.876050609480117703e+00 3.329368956708170568e+00
1.652793821641142413e+00 1.050458252760963340e+01
5.143357121875805404e+00 1.009050530190127803e+00
3.148090984875485665e-01 2.513342799428447094e+01
7.682305008772872590e+00 4.492792834994990270e-01
3.093040000521484423e+00 2.859806928636884127e+00
2.139270655857790526e+00 6.732655745955772097e+00
2.089430304893343138e+00 7.124718764330394194e+00
7.394526644655753378e-01 2.138559210165470148e+01
1.104225800929634183e+00 1.660881619739059190e+01
4.721328266036780574e-01 2.387842771575259704e+01
1.033780756602715289e+00 1.812813510587807286e+01
6.697708984294369117e+00 6.322976295452773510e-01
1.841469635188060838e+00 9.071160888918690546e+00
1.943850925031680887e+00 8.035697374868220777e+00
5.497265172557369795e+00 9.069557187118528763e-01
9.478785060272302943e+00 2.482455787853052320e-01
9.830438577213939766e+00 2.109185869009165271e-01
-1.714356738279781966e+00 3.991525916367037041e+01
-1.065433775609056083e-01 2.917983363449708634e+01
-1.000056183824665546e+00 3.672050288625158032e+01
1.718492120307860693e+00 1.007091085164063315e+01
-5.906837411374414870e-01 3.353374899328423453e+01
2.497903568774159311e+00 4.632717729999829004e+00
-2.012281147933607350e+00 4.431071001867874770e+01
4.921713447856377321e+00 1.070017464159704224e+00
7.602004365973741296e-01 2.112668011808806412e+01
-1.736384642989764027e+00 4.029398368151296239e+01
4.483366288424324608e+00 1.380256192246851032e+00
2.025333936987393280e+00 7.667299336712781077e+00
5.266501877743993143e-01 2.343289234994178116e+01
4.580635097850509929e+00 1.240438370161825565e+00
5.787647123698296703e+00 8.308585308643750000e-01
8.459793809432813561e+00 3.367971456202108471e-01
-2.883637572229192925e-01 3.094960009980311710e+01
6.640817722761499731e+00 6.403653972376873726e-01
-2.294229543132486060e-01 3.058287657506875590e+01
2.541405199943011173e+00 4.457926701739157949e+00
2.751838986749266081e+00 3.922834529575650375e+00
-1.861431132839638014e+00 4.044313564902468983e+01
7.261830578217876031e-01 2.156709023968767980e+01
6.300275386222820018e-01 2.213595474437021693e+01
7.446620109531822074e+00 4.798325023993312843e-01
2.083619288911792988e-01 2.643873908430375863e+01
9.724587266635872140e+00 2.319171410793519350e-01
2.719706987420631883e+00 4.004079025011513693e+00
8.611136604307544573e+00 3.191446779219673791e-01
1.081618614609590301e+00 1.682276908183311193e+01
9.507835398874223687e-01 1.866981686329609857e+01
3.827856433162961203e+00 1.851473923317723091e+00
1.037058960159993326e+01 1.672925514582010442e-01
3.135470206165641427e-01 2.543730702352747386e+01
5.703323685001380206e+00 8.326256529041456966e-01
-4.447708329269488281e-02 2.853537301613631882e+01
8.015818523694525410e+00 4.100094681817844644e-01
-1.924197709339178219e-01 3.035893050380492397e+01
5.353368970578017638e+00 9.210749779058668985e-01
-2.938398965183182110e-01 3.116675381694469849e+01
4.864336611868560922e+00 1.084138496481324987e+00
-1.958318947715746994e+00 4.331176148035014961e+01
5.331953657309523642e+00 9.396562408005219025e-01
-1.953003511097521239e+00 4.301990397286488133e+01
2.295248923771822547e+00 5.672699111904779379e+00
8.874690710113481984e+00 2.922532063104353872e-01
2.172336633334288614e+00 6.368129797163994965e+00
2.139270655857790526e+00 6.732655745955772097e+00
8.173427658252041539e-01 2.052148879741064036e+01
2.267185208220796055e-01 2.602976372245903747e+01
6.128941030002781787e+00 7.427219616802754887e-01
4.201905079155552336e+00 1.490654867403529371e+00
5.480071127543411968e+00 9.144443662380671300e-01
7.516105264552563447e+00 4.764861436522138671e-01
9.001944606121888626e+00 2.887356696316076832e-01
6.540454650133035841e+00 6.574221849090742253e-01
6.749450205276587011e-01 2.169265771901654460e+01
2.279346336670065476e+00 6.006188479696684901e+00
1.828624238416722392e+00 9.482295704650708146e+00
-4.262938091536483398e-01 3.235230948840315079e+01
3.634296901184556727e+00 2.128926792771047349e+00
-1.549753702780370945e+00 3.922617130887726944e+01
-1.728750109184283401e+00 3.991572949440815421e+01
5.019726008696527408e+00 1.041140199992265369e+00
-4.797016976173313352e-01 3.322412631411292949e+01
-1.990439986265678751e+00 4.415016938913129962e+01
-1.554729676990355802e+00 3.954475085304494542e+01
-4.352903292553891301e-01 3.258105509736766692e+01
-3.062240822602770307e-01 3.137321472177680093e+01
4.514331144452267353e+00 1.274920655023302540e+00
8.746014636181806523e+00 3.057072936560480403e-01
3.014292760521147141e+00 3.215281994586886682e+00
-2.057791932912793165e+00 4.567196980201040191e+01
-2.059240065275750542e+00 4.595658268622582199e+01
2.828239977577834185e+00 3.831000868192911302e+00
4.488243353449434814e-01 2.408072237475451871e+01
1.751678257771330793e+00 9.844135266813681895e+00
2.323865190574946560e+00 5.671110002207686129e+00
8.996686719997395443e-01 1.965727204659287963e+01
5.798686229566119704e-02 2.763622018946147207e+01
-1.548421338717094420e+00 3.911729664726051681e+01
1.322027830053467135e+00 1.430827914307608495e+01
-1.773907279362592737e+00 4.029536154025083050e+01
-8.402801588108789466e-02 2.883352101314265425e+01
-1.013993507395447302e-01 2.912203688610958352e+01
1.859133765568875996e+00 8.806291034295123055e+00
-6.497886371183749787e-01 3.484545510305675009e+01
5.856578116274059553e+00 7.925928928860460632e-01
5.052773758604930165e+00 1.027708496577859787e+00
6.382106855718787664e+00 6.953885203809008209e-01
8.497495613055425778e+00 3.365299880533883514e-01
6.488975564602357249e-01 2.197637213599119832e+01
2.039858770504779095e-01 2.649133361523934482e+01
8.746968544116100475e+00 3.015468692978082177e-01
-4.817458248805517318e-01 3.325912278201852246e+01
4.309140448545618618e+00 1.437290656749590223e+00
1.883367945280489675e+00 8.545880075586138602e+00
3.230137767710318464e+00 2.622888145237644242e+00
7.978019036159460953e+00 4.102304147490954400e-01
5.960443972055666784e+00 7.615297107551730615e-01
-1.212133335891131036e+00 3.777638850634750867e+01
-1.195569349675465576e+00 3.742649200548022037e+01
4.660464169897418074e+00 1.211513579401800156e+00
1.014940592890130944e+01 1.885354582930771350e-01
5.605191398528032165e-01 2.295030436922813522e+01
-4.089205105262304629e-01 3.221191953212587578e+01
6.284588365348210415e-01 2.241812005329412472e+01
6.430717467076445537e+00 6.899244162046312967e-01
4.107940628523039095e-01 2.449648686267527253e+01
1.457079445860105515e+00 1.216835951804320715e+01
-1.314285170434445760e-01 2.968733215296922268e+01
-1.472915245467634637e+00 3.904178807457533651e+01
3.966631106736411283e+00 1.741768904812616814e+00
2.650322561219322193e+00 4.110367127924646091e+00
4.072819541093374518e+00 1.617166341174429256e+00
2.089430304893343138e+00 7.124718764330394194e+00
-1.601573479824091595e-01 3.012002897433464810e+01
-2.499439812504507252e-01 3.079366980324650882e+01
-4.434901614672302483e-01 3.274133415133528047e+01
-1.571282079677706944e+00 3.960202216497160776e+01
1.352722296595798346e+00 1.380936411215118120e+01
4.298469530652606618e-01 2.431496271914146234e+01
3.673107874776028403e+00 1.997946739898311508e+00
2.451642692292875514e-01 2.592669351751221285e+01
1.228945742755703334e-02 2.806286144032686991e+01
6.503840407093752773e+00 6.745408539825319405e-01
9.117993562082480352e+00 2.756787294414717038e-01
8.587790638092558382e+00 3.191505047491632330e-01
9.675957072089218236e-02 2.746456968434483770e+01
6.525510803806127136e-01 2.179515533630135593e+01
2.943822536088417152e+00 3.322258066817993516e+00
-6.287896338583514044e-01 3.444574537724606955e+01
2.042430980850012734e+00 7.563492647020620296e+00
2.233544946726023550e+00 6.224889080207495873e+00
2.612378921166788714e+00 4.316917425021854271e+00
6.206824547738086117e+00 7.426114146010922568e-01
2.006318980446779587e+00 7.967435716829540659e+00
-1.914197639346369106e+00 4.137152982536996859e+01
-1.908058061314610310e+00 4.103422609614266037e+01
1.777401791584131585e+00 9.674820765948163981e+00
-1.462077798222982228e+00 3.899746612597358109e+01
5.904677626304385640e+00 7.759453646802499938e-01
1.789203977556756531e+00 9.604781964342098632e+00
1.023117912779880206e-01 2.720565434987472386e+01
3.156754565631417986e+00 2.820358627384035088e+00
-6.618738304989748578e-01 3.495054176507766641e+01
3.965948545928674879e-02 2.780099792042866724e+01
5.018590247382281877e-01 2.348385298659176357e+01
5.935228177614707556e-01 2.241924687195660937e+01
1.602895918203998793e+00 1.099150554917630984e+01
1.625846360678068203e+00 1.097964421645433397e+01
4.041953050020781646e+00 1.674553755613234607e+00
6.882718320449961347e+00 6.069044891809713960e-01
2.873693046245287430e+00 3.663345854175346972e+00
-3.951743003383675901e-01 3.194635925342509353e+01
-1.336803152043021005e-02 2.831068102642086970e+01
8.038856208754761035e-01 2.070298693544362578e+01
-6.107153546619611406e-01 3.416287544291898115e+01
-6.259121548132384749e-01 3.428595063868342407e+01
3.781600305030099030e+00 1.943203907684507792e+00
7.868932617000794494e+00 4.287409094249341468e-01
2.415435369286311307e+00 5.304349796642879866e+00
9.223740218960129411e+00 2.704383773302723171e-01
6.912823766712336671e+00 5.934808320892743794e-01
2.172336633334288614e+00 6.368129797163994965e+00
2.256660755082914083e+00 6.006478381267656985e+00
9.117993562082480352e+00 2.756787294414717038e-01
1.736393469451711358e+00 9.979625663416785031e+00
8.974091079208465160e+00 2.887639721494308920e-01
7.774777435403392722e+00 4.348591286405210643e-01
2.649686033266153373e+00 4.172706187207633199e+00
1.434961920242358691e+00 1.242285510765183787e+01
1.853062547813109973e+00 9.019438628147716130e+00
3.066924957713427879e+00 3.094269218635903318e+00
7.914758114979940640e-01 2.102619804721857832e+01
3.597004906640199451e+00 2.212389742280930882e+00
6.303256019049130465e+00 7.097932900827260694e-01
6.030785675471782348e+00 7.613766133508478307e-01
3.563977040890922154e+00 2.226829927868491765e+00
3.220347846471366182e+00 2.757956549837164761e+00
2.401925578831549668e+00 5.326452722739907664e+00
1.287075624765006365e+00 1.441179235925421942e+01
8.896903095840368536e+00 2.922234868244351635e-01
2.523434671368850690e+00 4.550746242200778724e+00
-3.962810258216505344e-01 3.204773402607646204e+01
3.722088596024982973e-03 2.806314193400150003e+01
2.830453582244701671e+00 3.731297422227012106e+00
2.428865675001310009e+00 5.072629122078257780e+00
1.586332466286503484e+00 1.120178000482643377e+01
-2.067359894621718652e+00 4.633182578197980916e+01
-7.271901065507612241e-03 2.831002550835395226e+01
7.603082878413149004e+00 4.606239618889754195e-01
3.868772301373050726e-01 2.483866806702520336e+01
3.994785552827363251e+00 1.719520290260670770e+00
1.130012705984919930e-01 2.716754973083485680e+01
1.627305029242086309e+00 1.072310826820444696e+01
-7.445154044222821454e-01 3.528972960744113152e+01
1.214533009971127120e+00 1.532683660691664329e+01
7.782263680895493252e+00 4.316861412555754729e-01
8.996686719997395443e-01 1.965727204659287963e+01
-2.049369820930273978e+00 4.448986071650922725e+01
4.365194802016934550e-01 2.420142988635153714e+01
4.186858738374528599e+00 1.523579633722055293e+00
2.438207630408789406e+00 5.072011798330227528e+00
9.028102593046707924e-02 2.753436732044295354e+01
3.505089656015044408e+00 2.241939146328520760e+00
2.242758364702263307e+00 6.224261932202244552e+00
-2.057791932912793165e+00 4.567196980201040191e+01
2.734937109854995718e-01 2.549722119402043319e+01
1.219275273935888526e+00 1.514510100078453725e+01
7.359255589287723609e+00 4.974405933014111603e-01
7.885164387416100595e+00 4.109196641475462153e-01
1.096478524872373184e+00 1.660903577009984744e+01
3.706152873670082837e+00 1.975660993581854985e+00
7.591219771381894965e+00 4.688578592669718215e-01
3.066924957713427879e+00 3.094269218635903318e+00
4.680335756766435651e+00 1.147149930720149147e+00
-2.060836017319263025e+00 4.609615973271741041e+01
3.895374568239101887e+00 1.799054455884409043e+00
4.317519238443146889e+00 1.437267999687082298e+00
-2.490025104386096588e-01 3.069229556043532625e+01
-1.039204614124217274e+00 3.706072501326237756e+01
4.960705670932403222e-01 2.368315917878105381e+01
6.245290417946976369e+00 7.411973765839358075e-01
3.800059005036027782e-01 2.485240680716145079e+01
1.501526444769074153e+00 1.203595079796140688e+01
-1.338058081860434845e+00 3.830933987297537158e+01
2.727077307456013955e-01 2.559859596667180170e+01
1.573573908139050737e+00 1.120344153822387412e+01
-1.595359689081665144e-01 2.985686121827035322e+01
4.047676598890444510e-01 2.462943514868621619e+01
3.756806559965733872e+00 1.971701333582312810e+00
-1.008543036871193399e+00 3.689096981729353075e+01
1.627305029242086309e+00 1.072310826820444696e+01
1.301941608733590527e+01 5.800241209208292781e-02
1.967922812123427789e+00 8.013384414351950369e+00
3.895374568239101887e+00 1.799054455884409043e+00
2.612378921166788714e+00 4.316917425021854271e+00
3.180913029857993291e+00 2.782872811821433423e+00
9.890018310405926272e+00 2.106703143331034589e-01
-1.595359689081665144e-01 2.985686121827035322e+01
-2.064907040012475381e+00 4.621571187909175649e+01
-1.212133335891131036e+00 3.777638850634750867e+01
2.528923920886844146e-01 2.573662892035615002e+01
-6.554682159188915391e-02 2.881626593890258548e+01
7.359255589287723609e+00 4.974405933014111603e-01
9.674823900137841548e+00 2.324766546759100549e-01
3.359412922943952329e-01 2.495238140041815456e+01
7.991884695287653217e-01 2.093194212405664700e+01
1.828624238416722392e+00 9.482295704650708146e+00
8.005075103558652039e-01 2.080838150653291407e+01
-5.906837411374414870e-01 3.353374899328423453e+01
-6.342504155389536713e-01 3.462100669171261558e+01
