0.000000000000000000e+00 1.092801686515678522e-03 3.192962717262357586e+00 4.106521579694395996e+01 2.194487043727145537e+00
0.000000000000000000e+00 1.092801686515678522e-03 2.269206682844730760e-02 5.371489922742340127e-03 2.879496119215958772e-02
0.000000000000000000e+00 1.092801686515678522e-03 2.269206682844730760e-02 2.714563176316988832e-02 7.643808927311098768e-03
0.000000000000000000e+00 1.092801686515678522e-03 2.269206682844730760e-02 2.714563176316988832e-02 2.880970499775907870e-02
0.000000000000000000e+00 1.092801686515678522e-03 2.269206682844730760e-02 4.884707629036039167e-02 2.882442068089114545e-02
0.000000000000000000e+00 1.092801686515678522e-03 2.269206682844730760e-02 2.714563176316988832e-02 2.880970499775907870e-02
0.000000000000000000e+00 9.573517924828573999e-01 6.421843541883748507e+00 2.872227379059678398e+01 6.858797820834481307e+00
0.000000000000000000e+00 2.993395023629064955e+00 2.495884271317421188e+00 3.071910109426171331e+01 5.163149436161766026e+00
0.000000000000000000e+00 1.092801686515678522e-03 2.271572880413281342e-02 7.058486947416738044e-02 7.611610424932045704e-03
0.000000000000000000e+00 1.092801686515678522e-03 2.271572880413281342e-02 1.140968044984039670e-01 7.321817277367376024e-03
0.000000000000000000e+00 1.092801686515678522e-03 6.616765319606536522e-02 2.711856878250101105e-02 2.883910815216234741e-02
0.000000000000000000e+00 1.092801686515678522e-03 2.271572880413281342e-02 7.058486947416738044e-02 2.934940360874107798e-02
0.000000000000000000e+00 1.783387933467580178e+00 4.116137520441585096e+00 2.454778537497007562e+01 5.092206817813659470e+00
0.000000000000000000e+00 2.161004205533120892e+00 4.893928909028757879e+00 2.291396110185110402e+01 6.565814141960166772e+00
0.000000000000000000e+00 3.486935833362209691e-01 9.235551045534653447e-01 8.907705704721229356e-01 2.708082093446059768e-01
0.000000000000000000e+00 1.965290310495598214e-01 4.160392594796210375e+00 9.789989932741679723e+00 5.682449245813870675e+00
0.000000000000000000e+00 2.094197187254450476e+00 8.621197019150887542e+00 2.127995792509804573e+01 5.079132242367379035e+00
0.000000000000000000e+00 3.192877004913693195e+00 6.026102171539123198e+00 2.490996202266283177e+01 4.827263438862987144e+00
0.000000000000000000e+00 2.262668557909372838e-02 4.160372062538709059e+00 6.462663853551081417e+00 1.280601760862052574e+00
0.000000000000000000e+00 2.205542217718901021e+00 4.813773610003061698e+00 2.255092784619269608e+01 6.355640634125636623e+00
0.000000000000000000e+00 8.784006513051878517e-02 3.050483708712415698e+00 6.670309207079294644e+00 1.552582094713280902e+00
0.000000000000000000e+00 3.164379579015890176e+00 6.752614568876837531e+00 1.033786978697404990e+01 8.599816403476084892e-02
0.000000000000000000e+00 1.965290310495598214e-01 2.879509114412210025e+00 6.981736553113708332e+00 2.365080409076359302e+00
0.000000000000000000e+00 2.617424106009869078e-01 5.918102780807354080e+00 4.386134695798749483e+00 2.636061202282573568e+00
0.000000000000000000e+00 3.107384727220281473e+00 4.172409001738722978e+00 2.418433555169350768e+01 5.962362724827708682e+00
0.000000000000000000e+00 3.486935833362209691e-01 3.941527461853433056e+00 3.797954952069849099e+01 2.827512009159547812e+00
0.000000000000000000e+00 8.784006513051878517e-02 4.379302360974331343e+00 9.789975545007283841e+00 1.902296763332496754e+00
0.000000000000000000e+00 1.965290310495598214e-01 4.196873015699194021e+00 9.383504355197958446e+00 5.501731824897058587e+00
0.000000000000000000e+00 1.313156514981368428e-01 6.254762955408917691e+00 3.071906291720296167e+01 6.859130145912945231e+00
0.000000000000000000e+00 2.205542217718901021e+00 4.893835552390407351e+00 2.255089034095407285e+01 6.355640817918332353e+00
0.000000000000000000e+00 2.834802037847938827e-01 4.050961336741771390e+00 9.789975545007283841e+00 1.238944550021459312e+00
0.000000000000000000e+00 1.092801686515678522e-03 6.616765319606536522e-02 7.059415515011907560e-02 2.886839809908333179e-02
0.000000000000000000e+00 2.617424106009869078e-01 4.087439272956282288e+00 9.789975545007283841e+00 4.081836277705049865e-01
0.000000000000000000e+00 1.092801686515678522e-03 4.442986001225633641e-02 7.062590433485695096e-02 2.949447784000625711e-02
0.000000000000000000e+00 3.050389875424673214e+00 4.332726919705049973e+00 2.454761232143410155e+01 5.963171062222629715e+00
0.000000000000000000e+00 3.135882153118085380e+00 6.648804272681794636e+00 2.545455456001846173e+01 4.386743111539665563e+00
0.000000000000000000e+00 1.092801686515678522e-03 1.748566191151064431e-01 7.061642250161738465e-02 6.251511791382616083e-03
0.000000000000000000e+00 2.262668557909372838e-02 4.342774167053625511e+00 1.006079140472315814e+01 1.570851200776310241e+00
0.000000000000000000e+00 1.092801686515678522e-03 1.314046947231758966e-01 2.507657584937831308e-01 4.995132837569401206e-03
0.000000000000000000e+00 3.192877004913693195e+00 6.752618135277169031e+00 2.672462883658998578e+01 3.827148042556800078e+00
0.000000000000000000e+00 2.161004205533120892e+00 5.134314685662881850e+00 1.819517749027976095e+01 1.220776800211992530e+00
0.000000000000000000e+00 2.617424106009869078e-01 4.087439272956282288e+00 9.248013958594853534e+00 7.661758747946446901e-02
0.000000000000000000e+00 8.704006197476233941e-01 6.546468259623860142e+00 2.926682913351856286e+01 6.787850317404077849e+00
0.000000000000000000e+00 2.400046174171778790e-01 4.050956356365093214e+00 9.790003941890459416e+00 4.958524611996113052e+00
0.000000000000000000e+00 1.092801686515678522e-03 3.922345509531905416e-01 3.208787106027865543e-01 1.434731859152783562e-01
0.000000000000000000e+00 1.092801686515678522e-03 2.271572880413281342e-02 4.884707629036039167e-02 1.157755934161252276e-01
0.000000000000000000e+00 1.092801686515678522e-03 1.313810327474904116e-01 1.627767153729890448e-01 5.909557219048471033e-02
0.000000000000000000e+00 1.313156514981368428e-01 3.021990292705623471e+00 3.708041636734773494e+00 1.499329485974564502e+00
0.000000000000000000e+00 1.870339106202814294e+00 6.016057790059327282e+00 2.291412907913728958e+01 3.202554199116724121e+00
0.000000000000000000e+00 2.182668242333688502e-01 4.160395112410573581e+00 9.383504355197958446e+00 4.417460336455602210e+00
0.000000000000000000e+00 1.092801686515678522e-03 1.531424879069828993e-01 2.155737142469526246e-01 6.083990796931290114e-03
0.000000000000000000e+00 3.135882153118085380e+00 4.012088175573078175e+00 2.654413029544924285e+01 4.464203426789904228e+00
0.000000000000000000e+00 1.092801686515678522e-03 1.313810327474904116e-01 2.155406524425834969e-01 1.638609269926862011e-01
0.000000000000000000e+00 2.617424106009869078e-01 4.087439272956282288e+00 9.789975545007283841e+00 4.416895139266052261e+00
0.000000000000000000e+00 1.935552485754239216e+00 5.775582749397456972e+00 2.200663838897238023e+01 2.047086742620014110e+00
0.000000000000000000e+00 1.530534446819437899e-01 3.175418078193105176e-01 3.437511540876541094e-01 1.462492685248427682e-01
0.000000000000000000e+00 3.078887301322476677e+00 2.495891053559754713e+00 3.035601152418876580e+01 5.103436217071662284e+00
0.000000000000000000e+00 3.704313765200279440e-01 8.658593155161571353e-01 9.762614204472559454e-01 5.179081169171093069e-02
0.000000000000000000e+00 3.052179969686029670e-01 3.832081284988021253e+00 6.047231641397618596e+00 1.977911175924023379e-01
0.000000000000000000e+00 2.227811223811790864e+00 4.813776825031589546e+00 1.547274387543737184e+01 7.991485931887618022e-02
0.000000000000000000e+00 1.530534446819437899e-01 6.110474832076367768e+00 3.434936600978222287e+01 3.876966429968693006e+00
0.000000000000000000e+00 1.313156514981368428e-01 3.527555541759234692e-01 5.082651364748125289e-01 1.396178382351626890e-01
0.000000000000000000e+00 2.617424106009869078e-01 5.918102780807354080e+00 4.386134695798749483e+00 2.636061202282573568e+00
0.000000000000000000e+00 1.965290310495598214e-01 1.426206195888886752e+00 2.224874847690323953e+00 1.077119034059154323e+00
0.000000000000000000e+00 1.092801686515678522e-03 1.531663811622223925e-01 2.155442139113270261e-01 1.782914466598323755e-01
0.000000000000000000e+00 1.092801686515678522e-03 1.096432395636813828e-01 5.426256561683382058e-03 1.163810005273246129e-01
0.000000000000000000e+00 2.027390168975780949e+00 5.374780446869051431e+00 2.273274471921309825e+01 1.416084981471843918e+00
0.000000000000000000e+00 2.116466193347340763e+00 3.181376833973114771e+00 2.472963196212414161e+01 3.412731154771672770e+00
0.000000000000000000e+00 2.400046174171778790e-01 4.087436777268075971e+00 9.383518742932359658e+00 3.894906711693448820e+00
0.000000000000000000e+00 2.182668242333688502e-01 4.160395112410573581e+00 8.977033165388640157e+00 4.226116751577667863e+00
0.000000000000000000e+00 2.182668242333688502e-01 4.123914691507589048e+00 9.925260756635536197e+00 2.733057685583459406e+00
0.000000000000000000e+00 1.092801686515678522e-03 1.096432395636813828e-01 4.890184292929938836e-02 2.939698320892975697e-02
0.000000000000000000e+00 1.092801686515678522e-03 1.313810327474904116e-01 2.331679498696239972e-01 2.071317563777868853e-01
0.000000000000000000e+00 2.049659175068670347e+00 5.454945625294453038e+00 2.363987916915194987e+01 1.731816670246304701e+00
0.000000000000000000e+00 3.921691697038370283e-01 3.868571489808936281e+00 9.518994751801070464e+00 2.427506358323140156e-01
0.000000000000000000e+00 1.092801686515678522e-03 1.748802810907919281e-01 3.211640947517586109e-01 1.101310381612631284e-01
0.000000000000000000e+00 2.227811223811790864e+00 7.894446302826952255e+00 1.274959246513644118e+01 2.462390637148673123e-01
0.000000000000000000e+00 1.092801686515678522e-03 1.531424879069828993e-01 1.979464052871678925e-01 2.070331677920729530e-01
0.000000000000000000e+00 1.092801686515678522e-03 2.205609196709266584e+00 3.069724238776830205e+00 1.159703346535438245e-01
0.000000000000000000e+00 3.164379579015890176e+00 3.931929139560386144e+00 2.146190151275618163e+01 1.048994643431306883e+00
0.000000000000000000e+00 2.834802037847938827e-01 2.794024652059012848e+00 3.788209298305229566e+00 5.658986203645958168e-01
0.000000000000000000e+00 3.486935833362209691e-01 9.091188154232906493e-01 8.907225080832507080e-01 4.167093189874730430e-01
0.000000000000000000e+00 3.486935833362209691e-01 3.905047040950449855e+00 3.816106693203104783e+01 2.827512009159547812e+00
0.000000000000000000e+00 1.092801686515678522e-03 8.790544637987234011e-02 1.141106997343083185e-01 5.907222526690652370e-02
0.000000000000000000e+00 1.092801686515678522e-03 2.269206682844730760e-02 4.884707629036039167e-02 1.375133865999322025e-01
0.000000000000000000e+00 2.138735199440230605e+00 5.134311476021540699e+00 1.964692013242637003e+01 6.905391658514178910e-02
0.000000000000000000e+00 2.400046174171778790e-01 4.123917198171058729e+00 9.789756191521114204e+00 9.034508782317651754e-01
0.000000000000000000e+00 1.313156514981368428e-01 4.935380231691933184e-01 5.675506781652588373e-01 2.137736601640595202e-01
0.000000000000000000e+00 3.164379579015890176e+00 4.012191930660061523e+00 2.672558997782988044e+01 4.537137120795603273e+00
0.000000000000000000e+00 1.530534446819437899e-01 1.461399368389626696e+00 1.213263055850848149e+00 5.016530877857516835e-01
0.000000000000000000e+00 8.784006513051878517e-02 3.078981134610219605e+00 6.462688264409203853e+00 8.750730634596911584e-01
0.000000000000000000e+00 1.530534446819437899e-01 3.879524352383177943e-01 3.320073880179292281e-01 1.360372622519370189e-01
0.000000000000000000e+00 2.049659175068670347e+00 5.535107446328411562e+00 1.746918493814783346e+01 7.947643473955631754e-02
0.000000000000000000e+00 1.092801686515678522e-03 1.313810327474904116e-01 2.683635671179406823e-01 4.844188194755221638e-02
0.000000000000000000e+00 1.530534446819437899e-01 1.461399368389626696e+00 1.176782634947865613e+00 6.857148061744794409e-02
0.000000000000000000e+00 1.313156514981368428e-01 2.094273645751145718e+00 3.007402049266875821e+00 1.499664399439613716e+00
0.000000000000000000e+00 2.834802037847938827e-01 2.822522077956815867e+00 3.868365278802692320e+00 1.503512037860925687e-01
0.000000000000000000e+00 3.107384727220281473e+00 4.172409001738722978e+00 1.383894168381356415e+01 2.668566888821331529e-01
0.000000000000000000e+00 3.052179969686029670e-01 3.978002968599953615e+00 9.925260756635536197e+00 2.400334475186499006e+00
0.000000000000000000e+00 2.183273211626010735e+00 3.056744919816850814e+00 1.855837806074982765e+01 8.003152355990579558e-02
0.000000000000000000e+00 2.400046174171778790e-01 4.087436777268075971e+00 9.383299170223105889e+00 4.417394540969711514e+00
0.000000000000000000e+00 1.092801686515678522e-03 1.531663811622223925e-01 3.211310656562785804e-01 1.569073810402606683e-01
0.000000000000000000e+00 2.834802037847938827e-01 2.594542670774382387e+00 4.589862214310466371e+00 1.603275800049046795e+00
0.000000000000000000e+00 1.747912378657528187e-01 2.049738740547491389e+00 4.830362675131590677e+00 9.808047213233862527e-01
0.000000000000000000e+00 1.747912378657528187e-01 2.999646505662499352e-01 3.672528914783107501e-01 6.494693880153930288e-02
0.000000000000000000e+00 1.092801686515678522e-03 1.748566191151064431e-01 4.887862931780834891e-02 2.341752866587477888e-02
0.000000000000000000e+00 1.092801686515678522e-03 1.096432395636813828e-01 7.063963611310841717e-02 2.954290953761105204e-02
0.000000000000000000e+00 3.192877004913693195e+00 6.752618135277169031e+00 2.654340392805451287e+01 3.426360095424995755e+00
0.000000000000000000e+00 2.161004205533120892e+00 5.134314685662881850e+00 2.182514025093939480e+01 5.937449236168975547e-02
0.000000000000000000e+00 2.227811223811790864e+00 4.573191388279774117e+00 2.345877413949017409e+01 6.460726134669842580e+00
0.000000000000000000e+00 1.747912378657528187e-01 2.964999416884179340e+00 6.462518323240330709e+00 4.686018736503719806e-01
0.000000000000000000e+00 2.138735199440230605e+00 5.214473297055497447e+00 2.454761232143410155e+01 1.632928175354402267e+00
0.000000000000000000e+00 1.747912378657528187e-01 1.443802784768880576e+00 2.176777685765973303e+00 8.373460215992218902e-01
0.000000000000000000e+00 2.182668242333688502e-01 5.966193347442711570e+00 3.434936600978222287e+01 3.776883837220442519e+00
0.000000000000000000e+00 3.704313765200279440e-01 2.890531211570542824e-01 3.380191436501769342e-01 7.251382283244516003e-02
0.000000000000000000e+00 3.050389875424673214e+00 4.332726919705049973e+00 1.365744354578058584e+01 8.611977717775261276e-02
0.000000000000000000e+00 2.227811223811790864e+00 7.686832923442627141e+00 2.563605269805144360e+01 4.743286836207098567e+00
0.000000000000000000e+00 4.139069628876460571e-01 8.514410767957056869e-01 9.065220628039341588e-02 2.425594628310609457e-02
0.000000000000000000e+00 2.834802037847938827e-01 2.765527226161207608e+00 3.948538559800955472e+00 6.697533469658243366e-01
0.000000000000000000e+00 2.205542217718901021e+00 7.894442262505966035e+00 1.274963895161226723e+01 5.832689181046452065e-01
0.000000000000000000e+00 1.313156514981368428e-01 3.527361948165672056e-01 5.082651364748125289e-01 2.481213873723089047e-01
0.000000000000000000e+00 1.530534446819437899e-01 3.527568179900010814e-01 1.909736675044855225e-01 1.340746006879446617e-01
0.000000000000000000e+00 1.092801686515678522e-03 1.314046947231758966e-01 1.979723326213056744e-01 6.327316589213596680e-03
0.000000000000000000e+00 2.071928181161560634e+00 5.454948953294926461e+00 2.200663838897238023e+01 1.416084576374249338e+00
0.000000000000000000e+00 1.117243355909501492e-03 3.487589645855745935e-01 1.333630883003822931e-01 1.571261009958209998e-01
0.000000000000000000e+00 2.227811223811790864e+00 7.998252992519118365e+00 1.819448957853737170e+01 2.162322780200472305e+00
0.000000000000000000e+00 1.530534446819437899e-01 1.443801559765468312e+00 2.272972626588818823e+00 5.880990707029271070e-01
0.000000000000000000e+00 1.530534446819437899e-01 1.461399368389626696e+00 2.032486199992917797e+00 2.758955165111622310e-01
0.000000000000000000e+00 3.192877004913693195e+00 6.648811445585002922e+00 2.672494909367602034e+01 3.876498104849972481e+00
0.000000000000000000e+00 3.107384727220281473e+00 4.172409001738722978e+00 1.383894168381356415e+01 4.483548269151108601e-01
0.000000000000000000e+00 2.205542217718901021e+00 4.733511910322489413e+00 1.492832478379488315e+01 2.685758325339431263e-01
0.000000000000000000e+00 1.092801686515678522e-03 1.313810327474904116e-01 1.979723326213056744e-01 1.493863353440195163e-01
0.000000000000000000e+00 1.935552485754239216e+00 5.695420928363499335e+00 1.873942944226145713e+01 6.833622792456428563e-02
0.000000000000000000e+00 1.092801686515678522e-03 4.442986001225633641e-02 7.058953932393602360e-02 1.158049400566438930e-01
0.000000000000000000e+00 1.530534446819437899e-01 1.426223144063681225e+00 2.272973113826616931e+00 1.518293224392719964e-01
0.000000000000000000e+00 1.092801686515678522e-03 1.314046947231758966e-01 1.627472265701077059e-01 2.389995494216805988e-02
0.000000000000000000e+00 8.784006513051878517e-02 4.379302360974331343e+00 9.789975545007283841e+00 2.565651110720978068e+00
0.000000000000000000e+00 2.400046174171778790e-01 4.087436777268075971e+00 9.925480329344791741e+00 4.416895139266052261e+00
0.000000000000000000e+00 3.704313765200279440e-01 8.658754763124424381e-01 5.178926118892002162e-01 9.727445859605257650e-02
0.000000000000000000e+00 1.092801686515678522e-03 8.790544637987234011e-02 7.063511336669231477e-02 7.659190025120729030e-03
0.000000000000000000e+00 2.116466193347340763e+00 3.243696533896747614e+00 1.982915113744060065e+01 2.479931588427836398e-01
0.000000000000000000e+00 1.313156514981368428e-01 3.527555541759234692e-01 2.144736173638146226e-01 1.340808298662707621e-01
0.000000000000000000e+00 2.161004205533120892e+00 5.134314685662881850e+00 2.019165700864255797e+01 1.048397116297755893e+00
0.000000000000000000e+00 1.092801686515678522e-03 1.531424879069828993e-01 2.507693314952692543e-01 5.004847093016615012e-03
0.000000000000000000e+00 2.205542217718901021e+00 8.102055641890292037e+00 1.801271821100687731e+01 2.038614433188855379e+00
0.000000000000000000e+00 1.313156514981368428e-01 3.351383861924080443e-01 3.084589293438455559e-01 1.461620108714764554e-01
0.000000000000000000e+00 2.027390168975780949e+00 5.535104088936969369e+00 2.218817498265769927e+01 1.416084576374249338e+00
0.000000000000000000e+00 1.313355325198448942e-01 3.351383861924080443e-01 5.317650532129071239e-01 8.589952455616498006e-02
0.000000000000000000e+00 8.921384129314324785e-01 6.546471960330933371e+00 2.908530078968370702e+01 6.787850317404077849e+00
0.000000000000000000e+00 1.313156514981368428e-01 3.527361948165672056e-01 3.906373425775683250e-01 6.496705190824954290e-02
0.000000000000000000e+00 9.790895856666664843e-01 6.421847161949590266e+00 2.890374068776161920e+01 6.715226537487003711e+00
0.000000000000000000e+00 1.092801686515678522e-03 2.227902443012570011e+00 3.007402049266875821e+00 4.363018179388186146e-01
0.000000000000000000e+00 1.092801686515678522e-03 1.748566191151064431e-01 1.099608797348957390e-01 6.342905773917472019e-03
0.000000000000000000e+00 1.313156514981368428e-01 2.072004639658256320e+00 3.007404538853199583e+00 1.157404967154402442e+00
0.000000000000000000e+00 1.313156514981368428e-01 2.094273645751145718e+00 3.007402049266875821e+00 1.499664399439613716e+00
0.000000000000000000e+00 3.164379579015890176e+00 6.752614568876837531e+00 1.051845525843973128e+01 8.603939107817945575e-02
0.000000000000000000e+00 2.049659175068670347e+00 5.535107446328411562e+00 1.837667562831274282e+01 6.832147274921178404e-02
0.000000000000000000e+00 1.117243355909501492e-03 3.487589645855745935e-01 2.775646368901589778e-01 1.152811168486324034e-01
0.000000000000000000e+00 3.704313765200279440e-01 8.946996252341121725e-01 1.940993488058163075e-01 3.142451684357294717e-02
0.000000000000000000e+00 1.530534446819437899e-01 3.527568179900010814e-01 3.437547654113526918e-01 6.487933815476955302e-02
0.000000000000000000e+00 2.262668557909372838e-02 1.096447978338820767e-01 1.803745239971482062e-01 1.638401362420898455e-01
0.000000000000000000e+00 1.092801686515678522e-03 4.445352198794184223e-02 1.140651256915520273e-01 1.291242202655981108e-01
0.000000000000000000e+00 1.092801686515678522e-03 3.487589645855745935e-01 1.622519155944725788e-01 1.453185030425113156e-01
0.000000000000000000e+00 2.227811223811790864e+00 4.813676851381651467e+00 1.420197599143691036e+01 4.491936523861914665e-01
0.000000000000000000e+00 1.747912378657528187e-01 2.049763323489014688e+00 2.944876235323349078e+00 8.367576830185686765e-01
0.000000000000000000e+00 1.095778583143278001e-01 1.826936628320781963e+00 5.632004136157553020e+00 1.913777081858045293e+00
0.000000000000000000e+00 1.957290278938047523e+00 5.615262523267221972e+00 2.273266939675664489e+01 2.047087289441233082e+00
0.000000000000000000e+00 1.530534446819437899e-01 1.443801559765468312e+00 3.777696441195566579e-01 1.543021442040787283e-01
0.000000000000000000e+00 3.050389875424673214e+00 4.332726919705049973e+00 2.636259370176392025e+01 5.480460811983628666e+00
0.000000000000000000e+00 3.192877004913693195e+00 6.752618135277169031e+00 2.654340392805451287e+01 3.426830426162777776e+00
0.000000000000000000e+00 3.704313765200279440e-01 2.602128114390998004e-01 3.379993948459280029e-01 7.249661718720962211e-02
0.000000000000000000e+00 2.183273211626010735e+00 2.994425219893217083e+00 2.599983244312302233e+01 2.046595439470676236e+00
0.000000000000000000e+00 2.400046174171778790e-01 5.966196652322308225e+00 3.416755260729009080e+01 3.776415512101721994e+00
0.000000000000000000e+00 3.135882153118085380e+00 6.441190893297467746e+00 2.599913924809396804e+01 3.968538558535426919e+00
0.000000000000000000e+00 1.957290278938047523e+00 5.615262523267221972e+00 2.327716381085557273e+01 1.731338484306827796e+00
0.000000000000000000e+00 2.027390168975780949e+00 5.454942267903009068e+00 2.236971104650284303e+01 1.521171238395166547e+00
0.000000000000000000e+00 1.313156514981368428e-01 3.527361948165672056e-01 5.082651364748125289e-01 2.826036722337859630e-01
0.000000000000000000e+00 1.092801686515678522e-03 1.531424879069828993e-01 1.275846711261585109e-01 2.388733293639095506e-02
0.000000000000000000e+00 1.313156514981368428e-01 1.478995946762724056e+00 1.103395427578288235e+00 5.015749687477377705e-01
0.000000000000000000e+00 3.486935833362209691e-01 3.832086199144483007e+00 3.870559837186686281e+01 2.785591647662830628e+00
0.000000000000000000e+00 3.486935833362209691e-01 3.795605778241500694e+00 3.906861240148221270e+01 2.743670923165884901e+00
0.000000000000000000e+00 1.313156514981368428e-01 1.938390603100915710e+00 1.067278816656682228e+00 6.940157969371765212e-01
0.000000000000000000e+00 2.205542217718901021e+00 3.056747368684997745e+00 1.873984495791465577e+01 7.858783043596427598e-02
0.000000000000000000e+00 1.313156514981368428e-01 3.021990292705623471e+00 6.358881574717043073e+00 3.319477478928773428e-01
0.000000000000000000e+00 2.262668557909372838e-02 2.205610793059377794e+00 3.006885676980556088e+00 4.359868465886581057e-01
0.000000000000000000e+00 1.965290310495598214e-01 4.123912173893227617e+00 9.654513545287350951e+00 5.682317296362738190e+00
0.000000000000000000e+00 2.183273211626010735e+00 5.054156044479579002e+00 1.946538396283600036e+01 9.334069705198823064e-01
0.000000000000000000e+00 3.050389875424673214e+00 4.332726919705049973e+00 2.618109556373093483e+01 5.553084288399855240e+00
0.000000000000000000e+00 2.617424106009869078e-01 4.014478431150315885e+00 9.790003941890459416e+00 2.420543594343239902e-01
0.000000000000000000e+00 2.227811223811790864e+00 7.686832923442627141e+00 2.563605269805144360e+01 4.744664694944968453e+00
0.000000000000000000e+00 2.183273211626010735e+00 5.054156044479579002e+00 2.091764956077448545e+01 6.784421962625782898e-01
0.000000000000000000e+00 2.161004205533120892e+00 5.134314685662881850e+00 2.164364211290641293e+01 1.830758820071669291e-01
0.000000000000000000e+00 3.052179969686029670e-01 2.651539454923265371e+00 4.349231427171512010e+00 1.500302155231742596e+00
0.000000000000000000e+00 1.805125726651388263e+00 6.016047107293624130e+00 2.382173354741096816e+01 3.202548721700765544e+00
0.000000000000000000e+00 1.092801686515678522e-03 3.704967577693815128e-01 2.776157185119729198e-01 1.433876149181760040e-01
0.000000000000000000e+00 3.704313765200279440e-01 2.602128114390998004e-01 3.379993948459280029e-01 5.906491377280403271e-02
0.000000000000000000e+00 1.092801686515678522e-03 3.487826265612600785e-01 1.766478245609178210e-01 1.688652675722072116e-01
0.000000000000000000e+00 1.092801686515678522e-03 1.314046947231758966e-01 1.979723326213056744e-01 6.060159022391077566e-03
0.000000000000000000e+00 2.227811223811790864e+00 4.733515030347689390e+00 1.456500977274149022e+01 4.500361090902271211e-01
0.000000000000000000e+00 2.116466193347340763e+00 3.243696533896747614e+00 2.091813996563849187e+01 2.130309223567637966e-01
0.000000000000000000e+00 1.092801686515678522e-03 1.314046947231758966e-01 1.627472265701077059e-01 6.302146318008906324e-03
0.000000000000000000e+00 1.957290278938047523e+00 5.615361514575271329e+00 2.363987916915194987e+01 2.046591819353255293e+00
0.000000000000000000e+00 1.313156514981368428e-01 5.111358317933525353e-01 5.809841532309398815e-01 2.138550202271608525e-01
0.000000000000000000e+00 2.262668557909372838e-02 3.164467334197935688e+00 3.547717994666854668e+00 1.811068061142254715e+00
0.000000000000000000e+00 3.921691697038370283e-01 8.947005855068651536e-01 9.192679963699263990e-01 4.167503936570154943e-01
0.000000000000000000e+00 1.092801686515678522e-03 1.531424879069828993e-01 2.507693314952692543e-01 5.225793660327602771e-03
0.000000000000000000e+00 1.092801686515678522e-03 3.487589645855745935e-01 2.775646368901589778e-01 1.341133075929238083e-01
0.000000000000000000e+00 3.021892449526868418e+00 4.332724011677538734e+00 2.454736985931685567e+01 5.874402185826242295e+00
0.000000000000000000e+00 3.107384727220281473e+00 4.172409001738722978e+00 2.418433555169350768e+01 5.962362724827708682e+00
0.000000000000000000e+00 1.313156514981368428e-01 3.527555541759234692e-01 4.965142677794850967e-01 2.309281059482547471e-01
0.000000000000000000e+00 1.092801686515678522e-03 1.096432395636813828e-01 7.063963611310841717e-02 7.159780929771658239e-03
0.000000000000000000e+00 2.227811223811790864e+00 7.894446302826952255e+00 1.274959246513644118e+01 7.845437745294960019e-02
0.000000000000000000e+00 2.027390168975780949e+00 5.615265909970927893e+00 2.273235044742967403e+01 1.836913005749490901e+00
0.000000000000000000e+00 2.227811223811790864e+00 4.813776825031589546e+00 1.529011891874191242e+01 8.641308570883585172e-02
0.000000000000000000e+00 1.313156514981368428e-01 3.527361948165672056e-01 1.557390756149626687e-01 5.013349427496461425e-02
0.000000000000000000e+00 2.227811223811790864e+00 2.932110394419289001e+00 1.892166044727569130e+01 4.149047971684994840e-01
0.000000000000000000e+00 1.965290310495598214e-01 2.936503966207818728e+00 6.670301643793529855e+00 2.365024876992298797e+00
0.000000000000000000e+00 3.164379579015890176e+00 4.012090960594343336e+00 2.146186348119880094e+01 1.048998132160188668e+00
0.000000000000000000e+00 3.192877004913693195e+00 6.545267918191325585e+00 2.545450861392097508e+01 3.849134537549343094e+00
0.000000000000000000e+00 3.704313765200279440e-01 8.514391606571797277e-01 4.510850871976275211e-01 6.881328043778178749e-02
0.000000000000000000e+00 1.313156514981368428e-01 1.443800329514406400e+00 2.321070275750968026e+00 2.141808711611353500e-01
0.000000000000000000e+00 3.486935833362209691e-01 7.937575765514698345e-01 3.320248986270760150e-01 1.426902826596624652e-01
0.000000000000000000e+00 2.834802037847938827e-01 2.822522077956815867e+00 3.868365278802692320e+00 1.503512037860925687e-01
0.000000000000000000e+00 2.205542217718901021e+00 8.102184981163556898e+00 1.764999516443842253e+01 2.162306611013768531e+00
0.000000000000000000e+00 2.138735199440230605e+00 5.054149654987579510e+00 2.255120918453582846e+01 1.049575764282870249e+00
0.000000000000000000e+00 1.935552485754239216e+00 5.615259107329538146e+00 2.345869987470071649e+01 1.731822683550790165e+00
0.000000000000000000e+00 3.107384727220281473e+00 6.648800626189119711e+00 2.581759624253373886e+01 4.028240569028468165e+00
0.000000000000000000e+00 2.617424106009869078e-01 4.087439272956282288e+00 9.383504355197958446e+00 7.667807339595389404e-02
0.000000000000000000e+00 2.227811223811790864e+00 2.932110394419289001e+00 1.874016230924270943e+01 4.148787916676749399e-01
0.000000000000000000e+00 3.486935833362209691e-01 9.235551045534653447e-01 4.288549812758322144e-01 2.968430707327929241e-01
0.000000000000000000e+00 1.957290278938047523e+00 5.695424344301179609e+00 1.819517749027976095e+01 7.880140399322613232e-02
0.000000000000000000e+00 2.161004205533120892e+00 5.134314685662881850e+00 2.055437279103389159e+01 2.131697580969753869e-01
0.000000000000000000e+00 1.117243355909501492e-03 3.487589645855745935e-01 1.910437077362927005e-01 1.336209383047551325e-01
0.000000000000000000e+00 1.117243355909501492e-03 1.096669015393668678e-01 7.063963611310841717e-02 9.425494843308690474e-02
0.000000000000000000e+00 1.092801686515678522e-03 1.313810327474904116e-01 1.627767153729890448e-01 2.389995494216805988e-02
0.000000000000000000e+00 1.957290278938047523e+00 5.615262523267221972e+00 1.910270663609701103e+01 7.893102460425582834e-01
0.000000000000000000e+00 2.227811223811790864e+00 4.733515030347689390e+00 1.456529111108462615e+01 2.685379710572494139e-01
0.000000000000000000e+00 1.530534446819437899e-01 1.443801559765468312e+00 1.176783102906378664e+00 5.486199594642029442e-01
0.000000000000000000e+00 1.848601313019005099e+00 5.935892436926679672e+00 2.345869987470071649e+01 3.202551752599668067e+00
0.000000000000000000e+00 2.834802037847938827e-01 2.765527226161207608e+00 3.948538559800955472e+00 5.659466572736637779e-01
0.000000000000000000e+00 1.747912378657528187e-01 2.027494317396124845e+00 2.945084838929566295e+00 1.077518686016051719e+00
0.000000000000000000e+00 1.530534446819437899e-01 1.461418761311998882e+00 2.176697697046848123e+00 5.257475219810636702e-01
0.000000000000000000e+00 1.530534446819437899e-01 3.351590093658419756e-01 1.204864695289778881e-01 1.339124910243285616e-01
0.000000000000000000e+00 1.747912378657528187e-01 4.160390066255216013e+00 3.066676450153837497e+00 5.655779625547344702e-01
0.000000000000000000e+00 2.993395023629064955e+00 2.495884271317421188e+00 3.071910109426171331e+01 5.163149436161766026e+00
0.000000000000000000e+00 3.078887301322476677e+00 2.495891053559754713e+00 3.035601152418876580e+01 5.103436217071662284e+00
0.000000000000000000e+00 1.313156514981368428e-01 3.021990292705623471e+00 6.462688264409203853e+00 5.882655733520050084e-02
0.000000000000000000e+00 3.192877004913693195e+00 6.441461228499160363e+00 2.545427989988771955e+01 3.908847992673009308e+00
0.000000000000000000e+00 1.092801686515678522e-03 3.487589645855745935e-01 2.920333093252699963e-01 1.340602890828898330e-01
0.000000000000000000e+00 1.313156514981368428e-01 3.021990292705623471e+00 6.255074885024876963e+00 1.964011351134608563e-01
0.000000000000000000e+00 2.071928181161560634e+00 5.454948953294926461e+00 1.946566445651063759e+01 2.131127589075991202e-01
0.000000000000000000e+00 1.313156514981368428e-01 1.443800329514406400e+00 1.176722734029832074e+00 6.851991234165991096e-02
0.000000000000000000e+00 1.805125726651388263e+00 6.016047107293624130e+00 2.382173354741096816e+01 3.307635383721682754e+00
0.000000000000000000e+00 2.161004205533120892e+00 5.134314685662881850e+00 1.928416631847765217e+01 1.221512710755011666e+00
0.000000000000000000e+00 2.227811223811790864e+00 2.994430094342919180e+00 1.801385240578272828e+01 2.477592626543272114e-01
0.000000000000000000e+00 2.227811223811790864e+00 4.813776825031589546e+00 1.529124573740439352e+01 8.641308570883585172e-02
0.000000000000000000e+00 1.095778583143278001e-01 2.993490866092595404e+00 6.877759636784404051e+00 1.010677187984982295e+00
0.000000000000000000e+00 1.095778583143278001e-01 3.022019587483860459e+00 6.566502517387129423e+00 1.281544253269016664e+00
0.000000000000000000e+00 3.486935833362209691e-01 7.793374216924924269e-01 3.147831013112816767e-01 2.317396492732395341e-01
0.000000000000000000e+00 1.092801686515678522e-03 1.748802810907919281e-01 3.211640947517586109e-01 1.097673116519052028e-01
0.000000000000000000e+00 1.313156514981368428e-01 1.938390603100915710e+00 1.140239658462648187e+00 4.533999411136462321e-01
0.000000000000000000e+00 1.935552485754239216e+00 5.775582749397456972e+00 2.218813652700535854e+01 2.047087491268038573e+00
0.000000000000000000e+00 2.227811223811790864e+00 4.813676851381651467e+00 2.019169546429490225e+01 1.077497486932525783e+00
0.000000000000000000e+00 3.164379579015890176e+00 6.752614568876837531e+00 1.051845525843973128e+01 2.675375291111657394e-01
0.000000000000000000e+00 1.848601313019005099e+00 6.016054257960641749e+00 2.309566567282261218e+01 3.202554199116724121e+00
0.000000000000000000e+00 1.870339106202814294e+00 5.935895969025370533e+00 2.327716381085557273e+01 3.202551752599668067e+00
0.000000000000000000e+00 3.486935833362209691e-01 7.504971119745379449e-01 7.183443971068381728e-01 1.256688152669107605e-01
0.000000000000000000e+00 1.092801686515678522e-03 1.748566191151064431e-01 2.331455401040064268e-01 1.964594851930554290e-02
0.000000000000000000e+00 1.313156514981368428e-01 2.049735633565365589e+00 3.007406858660992999e+00 1.158916529183837835e-01
0.000000000000000000e+00 1.092801686515678522e-03 1.096432395636813828e-01 1.358530156645334774e-01 2.384932041554176443e-02
0.000000000000000000e+00 1.092801686515678522e-03 1.313810327474904116e-01 2.683635671179406823e-01 1.926434305373275757e-01
0.000000000000000000e+00 1.313156514981368428e-01 2.072004639658256320e+00 3.007404538853199583e+00 1.157404967154402442e+00
0.000000000000000000e+00 1.747912378657528187e-01 2.049738740547491389e+00 2.944876235323349078e+00 8.370721675310639487e-01
0.000000000000000000e+00 1.117243355909501492e-03 1.096669015393668678e-01 7.063963611310841717e-02 9.425494843308690474e-02
0.000000000000000000e+00 1.313156514981368428e-01 3.021990292705623471e+00 6.358881574717043073e+00 4.674381444959816445e-01
0.000000000000000000e+00 1.092801686515678522e-03 4.442986001225633641e-02 1.140651256915520273e-01 1.291761847591068602e-01
0.000000000000000000e+00 1.092801686515678522e-03 1.313810327474904116e-01 2.683635671179406823e-01 3.402172708857427452e-02
0.000000000000000000e+00 1.313156514981368428e-01 1.443819688873762663e+00 2.321070275750968026e+00 2.765005710847658338e-01
0.000000000000000000e+00 1.965290310495598214e-01 2.879509114412210025e+00 6.981736553113708332e+00 2.365080409076359302e+00
0.000000000000000000e+00 2.834802037847938827e-01 2.566045244876578924e+00 4.670028113465928499e+00 1.499885066020414826e+00
0.000000000000000000e+00 3.486935833362209691e-01 1.259398721582243308e+00 1.176783102906378664e+00 3.093938108110605989e-01
0.000000000000000000e+00 3.078887301322476677e+00 4.092244334008099393e+00 1.358912193219200049e+01 2.659444796960044877e-01
0.000000000000000000e+00 3.704313765200279440e-01 8.225988509392244685e-01 1.004756734710351651e+00 1.460278011132679077e-02
0.000000000000000000e+00 1.092801686515678522e-03 3.487589645855745935e-01 1.910679794198957837e-01 1.688735443907399547e-01
0.000000000000000000e+00 1.117243355909501492e-03 3.487589645855745935e-01 2.775646368901589778e-01 1.339357685192047176e-01
0.000000000000000000e+00 3.704313765200279440e-01 8.370190057982017651e-01 1.004757514460735690e+00 1.462203108952658120e-02
0.000000000000000000e+00 1.313156514981368428e-01 1.479034855752829225e+00 1.030860951335933473e+00 1.167450912502654703e-01
0.000000000000000000e+00 1.095778583143278001e-01 2.094272082313814565e+00 3.007301488398832490e+00 1.153012937129324345e-01
0.000000000000000000e+00 2.617424106009869078e-01 4.087439272956282288e+00 9.654485148404173600e+00 4.081255272927769573e-01
0.000000000000000000e+00 1.092801686515678522e-03 1.748802810907919281e-01 1.099608797348957390e-01 6.289524312231804110e-03
0.000000000000000000e+00 1.530534446819437899e-01 1.426203751141309262e+00 2.321070275750968026e+00 6.504187706265575075e-01
0.000000000000000000e+00 1.935552485754239216e+00 5.695420928363499335e+00 2.236967312069068470e+01 2.047087491268038573e+00
0.000000000000000000e+00 2.161004205533120892e+00 5.134314685662881850e+00 2.055465328470852171e+01 2.131697580969753869e-01
0.000000000000000000e+00 1.313156514981368428e-01 1.982928615286695839e+00 1.067277068910342130e+00 5.497760865318372936e-01
0.000000000000000000e+00 1.313156514981368428e-01 1.478995946762724056e+00 2.224874847690323953e+00 1.237442676127072927e+00
0.000000000000000000e+00 1.965290310495598214e-01 2.879509114412210025e+00 6.981736553113708332e+00 1.144005306250954979e+00
0.000000000000000000e+00 4.436447876290276066e-02 3.078977090951048545e+00 4.033924919185460567e+01 2.869235020411252890e+00
0.000000000000000000e+00 2.227811223811790864e+00 4.813676851381651467e+00 2.019169546429490225e+01 1.076841968865609012e+00
0.000000000000000000e+00 1.092801686515678522e-03 1.314046947231758966e-01 2.507657584937831308e-01 7.736070698550073788e-02
0.000000000000000000e+00 2.138735199440230605e+00 3.181379352321569876e+00 1.910287247484876971e+01 4.156810404146344951e-01
0.000000000000000000e+00 3.704313765200279440e-01 8.514391606571797277e-01 4.288533748706496729e-01 6.879637821281336940e-02
0.000000000000000000e+00 2.071928181161560634e+00 5.454948953294926461e+00 1.928416631847765217e+01 3.565062779007157068e-01
0.000000000000000000e+00 1.530534446819437899e-01 2.993494859043853040e+00 6.566494954101369075e+00 1.010065010377279915e+00
0.000000000000000000e+00 2.116466193347340763e+00 5.214470057704245320e+00 2.690712657151520659e+01 1.051666784874344618e+00
0.000000000000000000e+00 2.834802037847938827e-01 4.014480915838788633e+00 9.789989932741679723e+00 1.238885554551381274e+00
0.000000000000000000e+00 1.092801686515678522e-03 1.313810327474904116e-01 2.507362696909017918e-01 4.847603713066761522e-02
0.000000000000000000e+00 1.965290310495598214e-01 4.123912173893227617e+00 9.654513545287350951e+00 5.682317296362738190e+00
0.000000000000000000e+00 1.530534446819437899e-01 6.110474832076367768e+00 3.434936600978222287e+01 3.876966429968693006e+00
0.000000000000000000e+00 2.205542217718901021e+00 2.994427668761367123e+00 1.892137433681579139e+01 8.008566305547606956e-02
0.000000000000000000e+00 3.704313765200279440e-01 8.658593155161571353e-01 2.113398693365565462e-01 7.594907234931362605e-02
0.000000000000000000e+00 1.313156514981368428e-01 1.478995946762724056e+00 2.224874847690323953e+00 1.236825352379043119e+00
0.000000000000000000e+00 2.027390168975780949e+00 5.615265909970927893e+00 1.910238768677004018e+01 7.893235547262036356e-01
0.000000000000000000e+00 3.704313765200279440e-01 8.514391606571797277e-01 1.004758218362584277e+00 1.531039078872874735e-02
0.000000000000000000e+00 1.747912378657528187e-01 2.027494317396124845e+00 2.945084838929566295e+00 1.076891538010800176e+00
0.000000000000000000e+00 3.486935833362209691e-01 3.832086199144483007e+00 3.870559837186686281e+01 2.785591647662830628e+00
0.000000000000000000e+00 2.049659175068670347e+00 5.535107446328411562e+00 1.783218121421379720e+01 8.027335840955501789e-02
0.000000000000000000e+00 2.617424106009869078e-01 4.050958852053298642e+00 9.925480329344791741e+00 9.069194087854604014e-01
0.000000000000000000e+00 1.092801686515678522e-03 1.313810327474904116e-01 2.155701412454648636e-01 1.493966176219401754e-01
0.000000000000000000e+00 1.092801686515678522e-03 1.313810327474904116e-01 2.155701412454648636e-01 6.287568846807524425e-02
0.000000000000000000e+00 3.052179969686029670e-01 3.978002968599953615e+00 9.925480329344791741e+00 2.400334475186499006e+00
0.000000000000000000e+00 3.486935833362209691e-01 9.235551045534653447e-01 4.065859751829414837e-01 2.968263305092271320e-01
0.000000000000000000e+00 1.092801686515678522e-03 1.748566191151064431e-01 2.155477314798489585e-01 7.736070698550073788e-02
0.000000000000000000e+00 3.486935833362209691e-01 1.259398721582243308e+00 1.176783102906378664e+00 3.093938108110605989e-01
0.000000000000000000e+00 1.313156514981368428e-01 3.527555541759234692e-01 4.965142677794850967e-01 1.665644572666036549e-01
0.000000000000000000e+00 3.486935833362209691e-01 3.795605778241500694e+00 3.925011053951518392e+01 2.701749831624500775e+00
0.000000000000000000e+00 3.704313765200279440e-01 8.802956311714204007e-01 4.510860410743745552e-01 9.724140711858605957e-02
0.000000000000000000e+00 1.313156514981368428e-01 5.111358317933525353e-01 5.809614961684319567e-01 2.138550202271608525e-01
0.000000000000000000e+00 2.138735199440230605e+00 5.134311476021540699e+00 2.236967312069068470e+01 1.049575764282870249e+00
0.000000000000000000e+00 2.227811223811790864e+00 4.493029567245812927e+00 2.345881047980135392e+01 6.881073742403416738e+00
0.000000000000000000e+00 2.183273211626010735e+00 3.056744919816850814e+00 1.819538178468386391e+01 2.477592626543272114e-01
0.000000000000000000e+00 1.092801686515678522e-03 3.704967577693815128e-01 3.064560282299287897e-01 6.315178889810975360e-02
0.000000000000000000e+00 2.138735199440230605e+00 3.181379352321569876e+00 1.928437061288174803e+01 2.479216425179031902e-01
0.000000000000000000e+00 1.965290310495598214e-01 2.908006540310014820e+00 6.566502517387129423e+00 2.364912709214703757e+00
0.000000000000000000e+00 3.107384727220281473e+00 4.012085359670804152e+00 2.672566635929438661e+01 4.464203426789904228e+00
0.000000000000000000e+00 2.049659175068670347e+00 5.454945625294453038e+00 1.801371780789911980e+01 8.027335840955501789e-02
0.000000000000000000e+00 1.965290310495598214e-01 2.879509114412210025e+00 6.981736553113708332e+00 1.145666839648395330e+00
0.000000000000000000e+00 2.227811223811790864e+00 7.998252992519118365e+00 1.746849702640544422e+01 2.162299975533997554e+00
0.000000000000000000e+00 2.227811223811790864e+00 2.869790694495655270e+00 1.928468782113468549e+01 2.471454092440826256e-01
0.000000000000000000e+00 3.486935833362209691e-01 7.504971119745379449e-01 7.183443971068381728e-01 1.541662411647156672e-01
0.000000000000000000e+00 3.050389875424673214e+00 4.332726919705049973e+00 2.273235044742967403e+01 6.775502574734133532e+00
0.000000000000000000e+00 1.530534446819437899e-01 2.993494859043853040e+00 6.566494954101369075e+00 1.010065010377279915e+00
0.000000000000000000e+00 1.092801686515678522e-03 2.269206682844730760e-02 2.714563176316988832e-02 7.071911813950051626e-03
0.000000000000000000e+00 1.747912378657528187e-01 2.027469734454601547e+00 4.830365877486116233e+00 9.807575645454797986e-01
0.000000000000000000e+00 3.704313765200279440e-01 8.802956311714204007e-01 4.510860410743745552e-01 9.724140711858605957e-02
0.000000000000000000e+00 1.530534446819437899e-01 1.461418761311998882e+00 2.176697697046848123e+00 5.257475219810636702e-01
0.000000000000000000e+00 1.313156514981368428e-01 1.479034855752829225e+00 1.103821793141899654e+00 6.870051142856750670e-02
0.000000000000000000e+00 1.092801686515678522e-03 2.269206682844730760e-02 7.058486947416738044e-02 1.163005763439731027e-01
0.000000000000000000e+00 2.227811223811790864e+00 7.998252992519118365e+00 1.746849702640544422e+01 2.162299975533997554e+00
0.000000000000000000e+00 1.965290310495598214e-01 3.941510069378312053e+00 3.925016076950433330e+01 2.827512009159547812e+00
0.000000000000000000e+00 3.021892449526868418e+00 4.332724011677538734e+00 2.454736985931685567e+01 5.874402185826242295e+00
0.000000000000000000e+00 2.027390168975780949e+00 5.615265909970927893e+00 1.801367935224678263e+01 8.029348916265854896e-02
0.000000000000000000e+00 2.161004205533120892e+00 5.134314685662881850e+00 2.146214397487343106e+01 5.880307283315387712e-02
0.000000000000000000e+00 1.092801686515678522e-03 1.313810327474904116e-01 2.155701412454648636e-01 1.493966176219401754e-01
0.000000000000000000e+00 1.092801686515678522e-03 2.269206682844730760e-02 2.714563176316988832e-02 1.815461543977771874e-01
0.000000000000000000e+00 2.049659175068670347e+00 5.535107446328411562e+00 1.728740630644021792e+01 8.020847258085804510e-02
0.000000000000000000e+00 3.135882153118085380e+00 6.648804272681794636e+00 1.087971816914560108e+01 2.675375291111657394e-01
0.000000000000000000e+00 1.095778583143278001e-01 1.826936628320781963e+00 5.632004136157553020e+00 1.913777081858045293e+00
0.000000000000000000e+00 3.192877004913693195e+00 6.648811445585002922e+00 1.051845525843973128e+01 4.482377975944860093e-01
0.000000000000000000e+00 2.138735199440230605e+00 5.214473297055497447e+00 2.454761232143410155e+01 1.632928175354402267e+00
0.000000000000000000e+00 1.783387933467580178e+00 6.176367130944648842e+00 2.345869987470071649e+01 3.202551752599668067e+00
