6.471264425693632916e+00 3.285285631675609608e+01
1.844907766403276739e+01 1.179081161175556461e-02
1.378473846342211750e+01 2.031902754962811031e-02
1.844907766403276739e+01 1.179081161175556461e-02
1.270931564101829636e+01 2.035355078298641679e-02
1.221320817299980632e+01 2.111356435249679003e-02
1.102649036602338839e+01 2.947566777066763094e-02
1.040962223946856824e+01 3.896334921006817942e-02
1.093963396388755349e+01 3.074212056737903043e-02
1.235756469048110873e+01 2.039739844781909492e-02
9.430592390253957902e+00 5.717957131358766820e-02
9.688393799637836423e+00 4.950285632221509968e-02
1.020386827634128046e+01 4.048316137354741190e-02
9.962699162590727298e+00 4.858674452071327921e-02
9.746683419770610257e+00 4.873195054823444700e-02
9.962699162590727298e+00 4.858674452071327921e-02
1.232059760689007177e+01 2.070043613355863552e-02
8.761390640719822542e+00 7.860291783970255186e-02
9.204414869414586420e+00 6.684813792678202804e-02
9.066213212853844183e+00 6.690741234976260721e-02
8.630818625444184988e+00 8.570043574002973730e-02
1.031299906229832253e+01 3.929722876508910667e-02
6.562302939833323912e+00 1.134377259989082631e+01
6.561931046464740902e+00 1.168442745740201438e+01
6.495162940483464986e+00 2.530473489115311736e+01
6.472338948094049194e+00 3.186495886621678153e+01
6.495056134188706309e+00 2.561171407496770769e+01
6.472255864793076796e+00 3.215116527713693273e+01
6.473690311316638635e+00 3.153976956780693186e+01
1.020860545365462535e+01 4.031683332731894609e-02
6.473906034184889080e+00 3.127055907196964313e+01
6.521988659403314514e+00 1.828238506289952170e+01
6.520539262018855808e+00 1.855341219408413522e+01
6.585737976285625628e+00 8.602216217961894174e+00
6.585522130121644224e+00 8.866660321468733841e+00
6.507959117980151476e+00 2.171878177265378795e+01
6.517620085770995608e+00 1.914164138976545004e+01
6.475790976284894640e+00 3.059241349539605892e+01
6.495705591860800432e+00 2.512319971489396409e+01
6.560396265063528354e+00 1.201972255070010931e+01
6.508033824649954724e+00 2.146674845636879780e+01
6.482530019983186342e+00 2.840351297243400452e+01
8.000203265531526498e+00 1.261029837122774888e-01
6.472669328031547487e+00 3.182143646668261994e+01
6.499566051341107098e+00 2.386998674478875770e+01
6.484428884557887685e+00 2.782748885540799577e+01
6.517584912189963831e+00 1.936427750531271386e+01
6.483133600629486182e+00 2.817597837961318419e+01
8.318562777069200109e+00 1.050436544980046100e-01
6.534646523795226258e+00 1.612580857096753562e+01
8.422014091675499969e+00 9.701870739342884076e-02
9.364584359194987329e+00 5.764742312570607374e-02
6.471452148501606771e+00 3.265026828946493254e+01
6.560620431883382508e+00 1.185230253233723019e+01
1.033374376606727729e+01 3.928403995360924689e-02
1.100903446141062325e+01 2.950911704013590292e-02
9.005546034953253454e+00 6.901842902096443078e-02
8.936963394236288494e+00 7.656627912140398506e-02
6.586890163475921156e+00 8.503442397706978184e+00
6.618529635953996682e+00 5.989656953721583577e+00
6.587618427760909334e+00 8.345562982230557481e+00
8.947665445061499412e+00 7.647346591726400522e-02
6.475393934331453494e+00 3.082342355683549684e+01
8.382379009719553409e+00 9.818940379604564062e-02
8.874448869808494678e+00 7.658360292636139099e-02
6.534888683755338157e+00 1.593425280068558969e+01
8.555733745425452952e+00 8.792989847806231829e-02
6.499614765119313020e+00 2.367759634975733718e+01
6.490628075625926030e+00 2.630374948262229751e+01
1.094324179020133947e+01 3.069374131468239827e-02
6.497744901375444471e+00 2.436559592018653220e+01
6.484757177878345935e+00 2.764084421782064638e+01
6.473237249978764041e+00 3.163358126323351627e+01
6.546968968496858388e+00 1.394623275500326720e+01
6.480764520695254660e+00 2.908611299688935503e+01
6.526294205733245590e+00 1.753449221694507898e+01
6.471496507381374386e+00 3.247907842095227693e+01
6.519364972803388447e+00 1.895126344821643372e+01
6.538538848293115713e+00 1.509940501315997885e+01
6.516968634015537276e+00 1.950232136952849160e+01
6.513156367490386955e+00 2.042409800009534493e+01
6.504018370438185315e+00 2.250483430806833951e+01
6.498311622841447033e+00 2.420461388428958927e+01
6.535640079774520217e+00 1.580127738926603342e+01
8.816545450937672612e+00 7.710582354172496045e-02
6.482160628833020688e+00 2.855335410363884563e+01
6.516753060223224203e+00 1.954584376906265319e+01
6.487143294336839006e+00 2.701203397794308714e+01
9.429094548152660238e+00 5.718690146485459758e-02
6.537072322821222414e+00 1.551841354491085845e+01
6.537731817004552859e+00 1.533947046840714101e+01
6.519372535946482472e+00 1.877850419546872729e+01
6.490545514582597875e+00 2.639067271957602046e+01
6.487086477287236974e+00 2.714754696538503254e+01
7.503117569708447121e+00 2.159207696270930565e-01
6.476350860423740308e+00 3.038818943422050012e+01
6.559421756473925669e+00 1.215192077921634706e+01
6.505368066014924011e+00 2.214173024733941375e+01
6.505358674846790201e+00 2.231427511236107719e+01
6.483575984020112593e+00 2.804994164591944994e+01
6.492001278136501519e+00 2.602012638018145196e+01
6.550740495709392874e+00 1.338703183100622773e+01
6.549705538663192605e+00 1.350600488964522228e+01
6.563274993192826479e+00 1.117590407871546887e+01
6.495868096382849011e+00 2.498770931829085384e+01
6.562302939833323912e+00 1.134377259989082631e+01
6.482019042205370063e+00 2.858503669136030467e+01
6.480679543014367994e+00 2.913212290625183343e+01
6.509489301942912753e+00 2.115223139670176522e+01
6.510225731004004146e+00 2.097067608056863008e+01
6.595016275328390520e+00 7.867064819123354091e+00
6.618361402551411032e+00 6.140321786389471903e+00
6.752346397737483130e+00 1.913570213505321194e+00
6.610117323760141161e+00 6.744600484326642054e+00
6.497890097783162844e+00 2.425066056255721136e+01
8.499241577586472474e+00 9.533829862963705271e-02
6.471785572583176993e+00 3.222796757739894957e+01
6.573422421792347592e+00 1.000511107065749172e+01
6.475897305599049858e+00 3.045535536977101643e+01
6.474463354358491962e+00 3.098771140881653352e+01
6.474392721930787964e+00 3.114755555044116520e+01
6.504511956561528585e+00 2.234636257494805278e+01
8.866166683514656199e+00 7.699490241428681714e-02
9.018033289660534635e+00 6.775068541334756944e-02
9.259165420972626848e+00 6.649717926239777366e-02
6.584750641101751789e+00 9.013983109946464012e+00
6.525524611366126493e+00 1.775951594224478924e+01
6.495611021326233470e+00 2.524062025562389522e+01
6.575626497602891973e+00 9.816533471976214287e+00
6.476492856476548710e+00 3.025851647765587416e+01
8.032100235239649777e+00 1.248614139086938746e-01
7.468423516643684756e+00 2.282843069663952895e-01
6.571782973247185744e+00 1.014519328857852898e+01
6.511537923224770985e+00 2.073950363603973557e+01
6.493154450182445636e+00 2.579507938683078905e+01
8.465280151574340550e+00 9.650939594089640028e-02
6.497166415520632121e+00 2.454713251918908412e+01
6.471344766619347766e+00 3.269175376319237358e+01
6.518490379572650539e+00 1.896007312707788373e+01
6.499338682752932250e+00 2.390746570450650665e+01
6.582180795314484634e+00 9.213532517447529102e+00
6.602885683271335182e+00 7.239738190743135959e+00
6.496978714601181260e+00 2.458836133623612596e+01
6.585144187180833164e+00 8.869924267624007541e+00
6.478911220391591286e+00 2.947293671399193116e+01
7.950598205967934540e+00 1.357336422118612662e-01
6.496354995577877212e+00 2.484132462434677535e+01
6.578545516765379908e+00 9.528249416012945616e+00
6.569909640333271739e+00 1.029655480114624666e+01
6.564244775418167421e+00 1.096826893171831685e+01
6.595532791871044687e+00 7.822541442055361394e+00
6.496012129601071550e+00 2.495371159188666965e+01
6.530139516520843124e+00 1.674086465207371432e+01
6.602366995536920413e+00 7.347234526300701951e+00
6.511730980300440841e+00 2.060756364414777053e+01
6.508617519176965516e+00 2.136614602190946854e+01
6.539858723246403827e+00 1.484716728934263408e+01
6.478554812324516021e+00 2.957676325064001688e+01
6.595817283827543953e+00 7.721447155856280276e+00
6.550963421552840948e+00 1.324328127601738636e+01
6.645424461964578811e+00 4.519878341067560257e+00
6.579495235636993122e+00 9.423897807529892034e+00
6.487229093794776524e+00 2.696602318045765045e+01
9.307974451573373997e+00 5.909946395008567471e-02
6.482964667751019761e+00 2.826799921441754648e+01
6.638592425639441075e+00 4.938512185876287042e+00
9.252852135456045346e+00 6.681000492394519041e-02
6.515434230303269736e+00 2.006314119098748350e+01
6.515453420602019818e+00 1.992323433571520042e+01
6.522912429516157573e+00 1.810081344231437939e+01
6.517584912189963831e+00 1.936427750531271386e+01
6.516359098207622935e+00 1.968297240431356343e+01
6.517885430921551482e+00 1.909811899023128490e+01
6.479704257415122903e+00 2.925146573953499285e+01
6.509914536153866393e+00 2.109322207264904492e+01
6.522263663946890944e+00 1.823886274286726916e+01
6.481020879499200582e+00 2.894808286558924948e+01
6.526743321904170614e+00 1.739735613949951443e+01
6.677047032350671429e+00 3.459943556250698382e+00
6.487761343898756472e+00 2.678171159520858069e+01
6.556122105065667505e+00 1.259715499359308133e+01
6.485615479422560448e+00 2.745929950055402102e+01
6.594523613569479359e+00 7.986371647577259480e+00
6.482908658066508067e+00 2.831659051699464769e+01
6.481601605395872490e+00 2.872054974208357336e+01
6.564768719587751988e+00 1.093576241517054370e+01
6.565239141831365366e+00 1.080039927404738442e+01
6.498484070706301630e+00 2.406912348768647902e+01
6.485698840666106690e+00 2.741328870306858434e+01
8.197346387797649570e+00 1.144250314555699810e-01
6.535393571224172860e+00 1.593424441144100179e+01
6.559706084086768918e+00 1.210331509625862267e+01
6.641476465117654548e+00 4.720738464010828750e+00
6.539063251910949504e+00 1.496643204886090928e+01
6.483860891219952016e+00 2.800644066626386319e+01
6.529674368563784803e+00 1.687383214948200560e+01
6.596695154854487875e+00 7.681164456326922796e+00
6.477068288362963777e+00 2.999564320959596131e+01
9.208026658639891338e+00 6.684354691403000814e-02
6.723669717081489416e+00 2.371211518226375325e+00
6.471782513515865531e+00 3.233683003140212264e+01
6.555659323616971790e+00 1.264768270523589955e+01
6.500643601783038683e+00 2.349616413874424481e+01
6.637363019215939630e+00 5.038591831631526574e+00
6.500370046773730870e+00 2.362652072964704075e+01
6.601384985062083821e+00 7.382128807306114204e+00
6.605954845616345494e+00 7.016527029306888430e+00
6.502575767657322814e+00 2.292829511748944782e+01
7.860080119521041020e+00 1.471637464349390134e-01
6.609831433677152646e+00 6.787564719880117892e+00
6.597669056345503158e+00 7.549513698625611724e+00
6.503768400724675658e+00 2.273135525698491932e+01
9.729359537431257365e+00 4.917528642884807372e-02
6.556738491535187840e+00 1.251376097029016066e+01
6.612303866923321394e+00 6.512700562458440423e+00
6.574485820296616545e+00 9.941293584098943370e+00
6.568797156030877993e+00 1.035964638789524983e+01
6.568545511815641724e+00 1.048607091797163093e+01
6.630553746826935324e+00 5.425675301980363407e+00
6.561439052496927715e+00 1.180814225073558354e+01
6.628892848435391727e+00 5.475945558307775407e+00
6.514364516320761744e+00 2.017937191935396513e+01
6.489217561276721113e+00 2.668116492181567168e+01
6.547293776523351205e+00 1.382205802351627355e+01
6.561931046464740902e+00 1.168442745740201438e+01
6.677921852758183618e+00 3.371579636437603167e+00
6.558486262062770855e+00 1.227321500849570768e+01
9.062950295136571910e+00 6.714892147375815801e-02
6.508857685688835382e+00 2.127403115385952859e+01
7.892879121296087597e+00 1.468322329814446270e-01
6.825554938192601284e+00 1.238752624556519910e+00
6.645338197785680023e+00 4.615676821871817381e+00
6.540363530250685287e+00 1.472623987062609885e+01
6.475404294278231276e+00 3.071456110283233087e+01
6.491723828826020615e+00 2.613047615390534517e+01
6.742327321040702870e+00 2.117632681006792250e+00
6.477912622666460507e+00 2.969290916426508886e+01
6.612360253063181759e+00 6.504516119478910063e+00
6.549779428300261941e+00 1.341115579993119233e+01
6.551888818885477583e+00 1.312401188400114016e+01
6.550963421552840948e+00 1.324328127601738636e+01
6.576822125652888040e+00 9.713281267770803140e+00
6.507443614539143439e+00 2.173432272176900071e+01
6.541195383808281250e+00 1.470595163089799584e+01
6.668847003548662222e+00 3.654564250364263689e+00
7.812652677238012267e+00 1.573478829496703923e-01
7.193449957223782221e+00 3.771649655268980439e-01
6.673527673813844707e+00 3.497342191395538258e+00
6.471648118162907082e+00 3.246671462165839017e+01
9.344007501504396629e+00 5.884383817596786082e-02
6.611057681818514276e+00 6.628293573212114431e+00
6.611057681818514276e+00 6.628293573212114431e+00
6.554445601422863810e+00 1.281928608676157744e+01
6.477997863927424937e+00 2.961521636004338731e+01
6.532339482477089732e+00 1.640053090933131585e+01
6.507159341976271882e+00 2.183799519040447024e+01
6.525765291126766954e+00 1.757893047077909898e+01
6.500934894492155891e+00 2.332071027689278253e+01
6.501764718307260438e+00 2.318851583289887230e+01
6.525112146265647617e+00 1.787040208802549657e+01
7.598629516822783536e+00 2.027996387403062373e-01
7.455712408150278137e+00 2.393893428354807451e-01
6.641259274234053933e+00 4.824037977040642744e+00
7.047181295251866651e+00 5.199699899255273428e-01
6.530776293973890034e+00 1.672968424305769375e+01
6.500899005940766529e+00 2.340754356937083713e+01
7.697069306089472818e+00 1.816851985661474544e-01
6.821683491660326837e+00 1.305002679656823039e+00
8.234952199490113145e+00 1.075190343197017090e-01
6.493592921327044465e+00 2.572069425944863141e+01
6.563418969665079317e+00 1.107991300128209922e+01
6.612740115825313403e+00 6.391746779929146527e+00
6.607515584295312827e+00 6.935706246297738353e+00
6.538221069173601130e+00 1.525964496152307426e+01
6.614519181933967040e+00 6.290056076003494923e+00
6.531662955748396726e+00 1.651067770401396473e+01
6.542601944875528375e+00 1.441271612792258061e+01
6.542067851079262475e+00 1.452380263825649287e+01
6.526870453652061421e+00 1.732592850109060123e+01
6.527734261428441265e+00 1.721578112707961949e+01
6.499287221391297109e+00 2.401954540691784601e+01
6.652093171793801218e+00 4.287407521770719931e+00
6.512443652410546235e+00 2.053422748421815314e+01
6.525390161813391821e+00 1.780643241812853006e+01
6.532136105285621497e+00 1.644620682444947946e+01
6.589466591359695258e+00 8.240379326697715001e+00
9.695425358935573001e+00 4.922905530589492817e-02
6.502417556146844468e+00 2.298545262580854498e+01
6.538233786297857009e+00 1.514801061396552484e+01
6.503772005259858879e+00 2.261978245672642629e+01
6.496819928878372785e+00 2.476012794124433469e+01
6.889837293659455852e+00 9.046337347675450502e-01
6.505648862163833535e+00 2.198338964036046761e+01
6.626407896046575985e+00 5.607140581643015764e+00
6.624543856070941317e+00 5.764732225746849181e+00
8.082278866423006747e+00 1.238880667804936608e-01
6.583937306096375508e+00 9.108349532338067434e+00
6.580449453790260250e+00 9.318714798685219236e+00
8.386977062134912231e+00 9.778043008180935247e-02
6.622721387565486673e+00 5.796031530882891580e+00
6.502660767681300413e+00 2.285686747908053817e+01
6.933230575955884767e+00 7.672111889437053245e-01
6.497464523171901263e+00 2.443822584462573388e+01
6.471319089169066174e+00 3.280128452524780869e+01
6.640123551930551038e+00 4.905485161117541182e+00
6.525656909147969920e+00 1.765035716885098793e+01
6.477315401417331309e+00 2.987142740175807276e+01
6.554352245289988055e+00 1.284224400982876624e+01
6.774905047569137473e+00 1.663341278401282430e+00
6.557478343525259490e+00 1.247335505265947653e+01
6.475404294278231276e+00 3.071456110283233087e+01
6.533473445991690554e+00 1.625638103573154325e+01
6.661198424827093234e+00 3.969523010388364970e+00
6.692916636436453182e+00 2.987644283239281773e+00
6.533893008562763782e+00 1.622468964395331170e+01
7.666690791117883208e+00 1.837847022300863054e-01
6.579813572432811952e+00 9.390105333448859781e+00
6.496951856836752803e+00 2.469606329376514608e+01
6.833989116933825159e+00 1.168434800070404567e+00
7.355375679481649165e+00 2.769255083627672476e-01
7.553697318146508799e+00 2.121843014169108310e-01
6.471703547046529614e+00 3.235990041678122253e+01
6.578017728210942217e+00 9.623242390475001073e+00
6.613367826411862715e+00 6.323772007873111001e+00
6.575921928353452017e+00 9.790907345651316263e+00
6.549257522197037495e+00 1.358053082089459274e+01
6.784144375873632171e+00 1.591783758513473312e+00
6.899083061633446867e+00 8.603583997307672204e-01
7.332501469240914282e+00 2.891827976195337491e-01
7.072686948218772862e+00 4.864428064452928635e-01
6.477589379572820327e+00 2.973643156379925045e+01
6.477007437327432449e+00 3.008206063626792215e+01
6.592323894026698383e+00 8.053667310928529943e+00
6.688811293604003616e+00 3.151889154606630328e+00
6.479622555820395036e+00 2.932915844325642496e+01
6.487842121591552491e+00 2.673570079772314756e+01
8.566609278711004194e+00 8.708107160731271001e-02
6.491507433358952639e+00 2.620166497338901124e+01
6.474314676532443080e+00 3.114934391853755713e+01
6.474146454972824927e+00 3.125137409934689359e+01
6.477564338390841669e+00 2.979673535244244320e+01
7.063605240058436152e+00 5.056345553060881404e-01
8.139156934651184727e+00 1.155523726619320513e-01
6.516146318197614029e+00 1.968388696954514572e+01
8.770099703014508918e+00 7.741445201134304621e-02
6.531088888758996625e+00 1.662778497796058019e+01
6.568519618359362156e+00 1.058361620984031504e+01
6.667723990529175637e+00 3.738064626586692807e+00
6.635786297841937298e+00 5.143745841016310827e+00
6.511012610760853470e+00 2.091161002273406311e+01
6.508033824649954724e+00 2.146674845636879780e+01
6.720334743429237534e+00 2.455796543245577723e+00
6.479230888061592530e+00 2.942941415734549082e+01
6.516053544036035206e+00 1.978519179769098457e+01
7.849576957120223852e+00 1.571202531062100838e-01
6.983993012882179663e+00 6.270016051343162422e-01
7.135334562616104215e+00 4.188174091530402765e-01
7.210594912960936576e+00 3.628446008487116736e-01
6.534078144399726007e+00 1.614991391386867292e+01
6.658174263354764477e+00 4.170788441314247308e+00
6.793803767443516328e+00 1.495907671479642209e+00
6.647917436755236054e+00 4.481003389329276665e+00
7.121247470811710834e+00 4.356008823377450767e-01
6.630764579519032864e+00 5.354072408104793013e+00
6.870764043043823044e+00 9.852373935683353956e-01
6.733689514176044000e+00 2.167000625163944871e+00
9.307988253915990384e+00 5.906382597792008554e-02
6.541698803594910849e+00 1.460874067852629743e+01
6.689055702604356668e+00 3.082881369655261050e+00
6.568545511815641724e+00 1.048607091797163093e+01
6.867032808136690925e+00 1.026022104927223122e+00
6.670308362508706068e+00 3.624514963857656813e+00
6.654776119986153482e+00 4.258038713775493811e+00
6.780059084526845581e+00 1.621384363153482555e+00
6.584664811388233119e+00 9.026694354487705851e+00
7.434062271835760960e+00 2.504273006885749941e-01
6.563274993192826479e+00 1.117590407871546887e+01
6.563418969665079317e+00 1.107991300128209922e+01
6.501392003232738581e+00 2.329154133263904569e+01
6.586723258053982732e+00 8.543207967830420912e+00
6.476728234248866123e+00 3.009946904983135951e+01
6.485224621777805787e+00 2.754881191228232495e+01
6.554782984597602891e+00 1.272468848219041071e+01
6.552677336471528946e+00 1.307414646927294655e+01
6.553090466378829859e+00 1.297975813960826486e+01
6.487329875548526026e+00 2.687122587722321754e+01
6.473361944662237910e+00 3.157040495287504100e+01
6.502002242621403916e+00 2.303841743523717156e+01
6.628727435486081454e+00 5.547548452183345802e+00
6.622219719614672151e+00 5.868174269209817773e+00
7.925629633356923165e+00 1.366830383929620862e-01
8.476948491230166027e+00 9.594239697805098666e-02
6.721413053996998954e+00 2.411677436921205508e+00
6.616064599580467664e+00 6.218529386002952464e+00
6.744757357514308715e+00 2.041512155500119441e+00
6.829719705780235017e+00 1.203593807813296834e+00
6.715681826425725198e+00 2.536272581777785806e+00
6.717194673595258791e+00 2.502107776573720077e+00
6.546731239124383706e+00 1.400770955591986322e+01
6.543857432882663971e+00 1.434159221737641943e+01
6.543972193815386085e+00 1.424891639906761398e+01
6.514616377864722807e+00 2.008725735761066034e+01
6.508848850916372442e+00 2.132262331060213967e+01
6.599182508422079430e+00 7.468696225209549233e+00
6.485205089264539424e+00 2.755412961639908431e+01
6.703497218959364012e+00 2.762905533861372387e+00
6.503799034070777196e+00 2.255595025424031519e+01
6.545034414615492402e+00 1.415780351918120594e+01
6.684880836126381176e+00 3.176101697797127255e+00
7.178197580915890441e+00 3.945770142691163440e-01
6.486592508464692486e+00 2.718825168208943310e+01
6.845139268869643523e+00 1.138458916171708690e+00
6.489907661268459194e+00 2.648019007659874902e+01
8.166266554004756983e+00 1.152170778911802279e-01
6.492344657666362373e+00 2.596085612545031651e+01
6.874361154877056457e+00 9.467930186594408770e-01
6.597488167734918640e+00 7.592478254748989741e+00
6.487329875548526026e+00 2.687122587722321754e+01
6.659716740065197094e+00 4.032653114172727093e+00
7.092589482267356971e+00 4.801342952298334743e-01
6.503294387615643934e+00 2.274689323379345751e+01
6.484111059714321001e+00 2.786840931106621966e+01
6.484089597627905377e+00 2.791697894037478278e+01
7.408522248581237868e+00 2.529037401775565130e-01
6.731262120931502224e+00 2.226747564229263787e+00
6.485765221304683692e+00 2.732380910395091433e+01
7.397028859376402643e+00 2.650803057442401856e-01
6.514237768228781533e+00 2.021173147756039512e+01
8.274013609046443563e+00 1.063902575749290647e-01
6.500674751998780643e+00 2.343566054957983269e+01
7.024182768963661339e+00 5.630602340666276406e-01
6.658335694335281829e+00 4.099730545821675953e+00
6.605726883251611170e+00 7.104855862386175502e+00
6.547849302082453526e+00 1.373469558649686562e+01
6.547293776523351205e+00 1.382205802351627355e+01
6.485765221304683692e+00 2.732380910395091433e+01
6.486392705875598352e+00 2.723707289051425917e+01
6.644079122444360053e+00 4.697086254829497598e+00
6.513218280193084020e+00 2.035267036168643884e+01
6.511536737894138227e+00 2.075994288850253255e+01
6.625677162883184756e+00 5.673228635604015579e+00
6.485068567764797010e+00 2.764081233579514674e+01
6.481375172154371533e+00 2.887036667851576155e+01
6.749312137343706830e+00 1.982256150259516847e+00
6.506732182219424843e+00 2.185004955360879819e+01
7.632607564809672063e+00 1.933862477413428316e-01
6.505407180279793700e+00 2.207030354926752480e+01
7.254029236949440573e+00 3.338019611594195135e-01
6.529513044227054586e+00 1.695986688557937327e+01
6.813017136394487139e+00 1.318788224096480555e+00
6.757537920297744805e+00 1.841296950061713122e+00
6.529674368563784803e+00 1.687383214948200560e+01
8.108092723633166798e+00 1.168101067998642967e-01
6.955682513901498609e+00 6.803919032173939563e-01
7.725514004334242735e+00 1.782491704177784075e-01
6.694049292031064802e+00 2.936100983351929372e+00
6.712359932451903433e+00 2.603567589160935114e+00
6.682232470341844532e+00 3.268602789566249278e+00
6.553446262845796788e+00 1.292575775705317476e+01
6.542067851079262475e+00 1.452380263825649287e+01
6.541698803594910849e+00 1.460874067852629743e+01
6.489747880691454363e+00 2.661568047320185926e+01
6.634882825318062061e+00 5.195818254483906884e+00
6.726095185543390365e+00 2.292151470110718403e+00
6.704311026208622515e+00 2.718941166117990527e+00
6.513798286514436597e+00 2.033743704534113661e+01
6.545233522424787509e+00 1.410899911531222983e+01
6.549128600575395254e+00 1.361089237733581392e+01
6.965223168622440397e+00 6.592110083305420254e-01
6.511071094031375850e+00 2.082654913509109207e+01
6.605668338705799947e+00 7.177880770842278935e+00
6.608270153390987112e+00 6.868385715561237781e+00
6.606362005183480157e+00 6.976747595593365325e+00
6.558037910523032643e+00 1.235694885866499249e+01
6.599182508422079430e+00 7.468696225209549233e+00
6.558402146335788885e+00 1.232428982532285211e+01
6.536967913031964450e+00 1.558984118331977164e+01
6.951246129518929173e+00 7.072565463683452291e-01
6.644907300028695118e+00 4.641712944617336412e+00
6.489893742469618587e+00 2.653129802001144810e+01
6.879311401025236528e+00 9.176827013807297151e-01
6.640176315815979891e+00 4.833358176491502789e+00
6.474604058290824860e+00 3.090753562262649012e+01
6.771368702371733050e+00 1.706670666287699811e+00
6.632711994758053287e+00 5.327963057726153195e+00
6.667292411959440557e+00 3.764100861163077294e+00
7.269491946181577902e+00 3.307348591139376848e-01
6.975971157737404837e+00 6.507470018238835641e-01
6.583937306096375508e+00 9.108349532338067434e+00
6.566340604294990335e+00 1.065761765610090706e+01
6.496421986173049667e+00 2.480617366858911410e+01
6.474604058290824860e+00 3.090753562262649012e+01
6.636515379495729228e+00 5.097930803284758561e+00
6.570198838729291779e+00 1.021549444000685014e+01
6.476620225586017021e+00 3.023487294163951589e+01
7.707185394474631579e+00 1.796379720322340556e-01
6.520368902622556639e+00 1.863436356528600513e+01
6.520539262018855808e+00 1.855341219408413522e+01
6.537731817004552859e+00 1.533947046840714101e+01
6.681988115213040480e+00 3.311052308799058874e+00
8.798475643479237718e+00 7.723152741623520723e-02
6.515545955699581171e+00 1.986453743834201902e+01
6.516053544036035206e+00 1.978519179769098457e+01
6.590736629591123830e+00 8.177459188941577750e+00
6.591708812285875574e+00 8.099499672535607431e+00
6.761197491500839263e+00 1.791211811414719302e+00
6.474463354358491962e+00 3.098771140881653352e+01
6.860119380042121406e+00 1.053230416825175819e+00
6.811396213769455699e+00 1.363724371776969813e+00
6.802213681133416401e+00 1.418913920720709099e+00
7.651560134149275605e+00 1.912977687972158003e-01
8.255805655283673161e+00 1.065638284645293726e-01
8.593507319275055067e+00 8.696933377257670683e-02
6.538221069173601130e+00 1.525964496152307426e+01
6.632926344807154706e+00 5.248912685514318888e+00
6.730179422225691432e+00 2.247296566219241232e+00
6.554782984597602891e+00 1.272468848219041071e+01
6.501919444881658627e+00 2.310984507364608120e+01
7.151985131494436487e+00 4.187319295862109714e-01
6.481095718681161522e+00 2.889949117655840638e+01
6.663349266078190780e+00 3.896841300901101590e+00
6.472189274481875643e+00 3.217635668703933760e+01
8.626248431646837744e+00 8.574588079630243720e-02
6.477228190365417859e+00 2.994912020597976721e+01
6.476641003851726808e+00 3.017716170352257521e+01
6.479694517694857936e+00 2.926885255575215794e+01
8.108092723633166798e+00 1.168101067998642967e-01
6.692145472570620868e+00 3.039160536253979750e+00
6.492884568811379431e+00 2.587133798967233034e+01
6.907153665526880815e+00 8.392967890560159017e-01
6.714438478434023416e+00 2.587862600967811399e+00
7.225041047696477925e+00 3.627645531036394755e-01
6.650248864479332056e+00 4.433587048458029756e+00
6.650600148690345215e+00 4.358740928639753598e+00
6.532428557628780830e+00 1.632910327092240266e+01
6.701812655962633869e+00 2.804518584519622770e+00
6.650600148690345215e+00 4.358740928639753598e+00
6.477373664734834335e+00 2.984025933998929503e+01
6.529132522711086573e+00 1.702836818719399403e+01
6.512392732707229293e+00 2.059537597200295167e+01
6.519742407171849941e+00 1.877241076760227045e+01
6.528987322463632559e+00 1.703445810254324400e+01
6.666475350930217481e+00 3.834441035804487363e+00
6.566994452442319385e+00 1.064903994348531668e+01
8.145172000210969543e+00 1.153485825824971944e-01
6.571319642109516579e+00 1.015240216983599986e+01
6.543857432882663971e+00 1.434159221737641943e+01
6.542601944875528375e+00 1.441271612792258061e+01
6.764137195738562092e+00 1.778806473242764419e+00
6.506546506515839212e+00 2.192406375567410848e+01
6.624744297189758768e+00 5.690861056899670700e+00
6.546127592184957322e+00 1.407544588492659443e+01
7.101151614667595702e+00 4.738810419714713507e-01
7.736299477414696923e+00 1.731546301437391355e-01
6.918934586012317034e+00 8.017456438437832178e-01
6.502896601609351457e+00 2.281938851936279278e+01
6.589414561656703917e+00 8.285744249006402384e+00
6.497464523171901263e+00 2.443822584462573388e+01
6.593061416370429306e+00 7.998464344397120840e+00
6.941779454590299991e+00 7.271980813158170909e-01
8.288237776321976114e+00 1.061187571107316541e-01
6.605726883251611170e+00 7.104855862386175502e+00
6.582069749504429801e+00 9.253298087570971830e+00
6.740331792873598182e+00 2.152337257398290848e+00
7.527536635326614878e+00 2.133783425195620587e-01
6.565790736068110256e+00 1.072900860130650180e+01
6.565239141831365366e+00 1.080039927404738442e+01
6.565790736068110256e+00 1.072900860130650180e+01
6.672191430907683518e+00 3.566561687962761962e+00
6.710622389979561397e+00 2.696901157423417850e+00
6.548614386122396880e+00 1.367653554191312359e+01
7.425277332922539664e+00 2.524754158906187818e-01
6.539678253784164674e+00 1.486922076509763890e+01
7.904949966728867849e+00 1.467070952001360007e-01
6.531134391979725784e+00 1.655928718886316631e+01
7.241158588029537491e+00 3.403659428191607716e-01
6.525656909147969920e+00 1.765035716885098793e+01
6.527734261428441265e+00 1.721578112707961949e+01
6.527864591844823039e+00 1.714435348867070630e+01
6.491678787626482539e+00 2.614239428046220937e+01
6.526870453652061421e+00 1.732592850109060123e+01
6.526743321904170614e+00 1.739735613949951443e+01
6.523848486766834043e+00 1.791924114611582652e+01
6.523740506297356134e+00 1.799066878452473972e+01
6.520263906143777710e+00 1.870579120369491832e+01
6.520368902622556639e+00 1.863436356528600513e+01
6.536997816706577424e+00 1.557109024423574439e+01
6.678367324664566063e+00 3.339074275882316645e+00
6.532428557628780830e+00 1.632910327092240266e+01
8.602622961209732466e+00 8.644645485367659365e-02
6.501947382438172163e+00 2.307907138852458928e+01
6.505407180279793700e+00 2.207030354926752480e+01
6.505368066014924011e+00 2.214173024733941375e+01
8.055675027170050129e+00 1.247008412934462601e-01
6.616169187162808996e+00 6.201100674212701946e+00
6.665577864607740821e+00 3.834447419296286963e+00
6.658985709877833337e+00 4.083929456000759295e+00
6.494658843364650380e+00 2.568506709020646284e+01
6.513818836732493622e+00 2.026882097404299898e+01
6.581541804389421380e+00 9.284923052211169647e+00
6.918934586012317034e+00 8.017456438437832178e-01
6.612740115825313403e+00 6.391746779929146527e+00
6.567145496125077919e+00 1.058485801519494451e+01
6.529274011063854743e+00 1.695987039809658370e+01
7.527536635326614878e+00 2.133783425195620587e-01
7.949505699255423607e+00 1.357688287118991588e-01
6.546473449048578530e+00 1.403807951467069515e+01
6.608270153390987112e+00 6.868385715561237781e+00
7.750407759122769136e+00 1.726741561703561967e-01
7.620799063374749771e+00 1.945421090508966389e-01
6.788324236469531314e+00 1.537856434797504335e+00
6.531088888758996625e+00 1.662778497796058019e+01
6.663349266078190780e+00 3.896841300901101590e+00
6.476090820294175820e+00 3.043290279171560542e+01
6.520263906143777710e+00 1.870579120369491832e+01
6.996122722500349944e+00 6.046342829765856131e-01
6.511071094031375850e+00 2.082654913509109207e+01
6.655928973431569418e+00 4.200879645224324221e+00
7.363383858923207903e+00 2.666227781830013965e-01
6.620237384333646169e+00 5.948823901477444664e+00
6.659833623362479749e+00 3.995565536187663636e+00
6.549066098698147265e+00 1.366535878806492121e+01
8.070567513854152608e+00 1.242848005690146695e-01
6.616983314781998082e+00 6.149839797401284613e+00
6.573613437630573486e+00 9.989868925359125740e+00
7.918749380030190466e+00 1.458247280853892935e-01
7.009803308173305325e+00 5.846966611084771781e-01
6.557943365319641060e+00 1.240802205315974582e+01
7.234159001615135587e+00 3.511191899490914703e-01
6.590736629591123830e+00 8.177459188941577750e+00
6.528159217824739180e+00 1.710083108913654470e+01
6.570198838729291779e+00 1.021549444000685014e+01
6.568797156030877993e+00 1.035964638789524983e+01
6.536786177234287898e+00 1.565545633973784589e+01
6.626549580099298176e+00 5.564390451822013084e+00
6.501534331039040993e+00 2.322599479261661770e+01
6.489747880691454363e+00 2.661568047320185926e+01
6.699455528656200975e+00 2.827329722537726298e+00
7.795420080916704464e+00 1.673261762974280753e-01
7.321788764210391598e+00 2.904040367765545194e-01
6.587979684710862038e+00 8.309867680206806995e+00
6.473237249978764041e+00 3.163358126323351627e+01
6.711389008680670010e+00 2.665607212089644573e+00
6.496951856836752803e+00 2.469606329376514608e+01
7.773318346209291185e+00 1.682967820006696646e-01
6.620485414705702176e+00 5.884487565787511087e+00
6.695915494277466351e+00 2.909586766583168504e+00
6.503772005259858879e+00 2.261978245672642629e+01
7.304375553663632559e+00 3.048347356639950489e-01
6.523740506297356134e+00 1.799066878452473972e+01
6.523022002665715746e+00 1.805222175328353629e+01
6.939280583755951248e+00 7.477516020669205954e-01
7.157950947629633909e+00 4.020884180495324367e-01
6.672191430907683518e+00 3.566561687962761962e+00
7.168934545881347375e+00 4.017748644946057546e-01
7.314044243896474562e+00 3.035786573034256475e-01
6.505937063640855555e+00 2.196042280145524472e+01
8.499241577586472474e+00 9.533829862963705271e-02
6.586345591364294094e+00 8.598065769096628230e+00
6.636903370133011570e+00 5.064628066207911061e+00
7.785881193668624967e+00 1.681343540711487949e-01
7.281566024567175610e+00 3.256233386464289503e-01
6.512443652410546235e+00 2.053422748421815314e+01
6.510460300094710995e+00 2.092715336926130476e+01
6.850338059894842679e+00 1.103246613994930181e+00
6.748727933484573782e+00 1.991420063338467994e+00
7.014979407199332329e+00 5.772964834170782877e-01
6.765610745465048481e+00 1.728765176868639175e+00
6.745310442086445590e+00 2.032348242421168294e+00
8.178338839863664944e+00 1.151503655952684918e-01
6.500643601783038683e+00 2.349616413874424481e+01
6.547849302082453526e+00 1.373469558649686562e+01
6.492884568811379431e+00 2.587133798967233034e+01
7.296478841308680074e+00 3.190873603541368175e-01
6.509722128394713536e+00 2.110870868539443279e+01
6.757537920297744805e+00 1.841296950061713122e+00
6.492538194059197743e+00 2.593060824440346579e+01
6.491507433358952639e+00 2.620166497338901124e+01
6.698694724687251245e+00 2.861605307652073549e+00
6.515545955699581171e+00 1.986453743834201902e+01
6.515453420602019818e+00 1.992323433571520042e+01
6.494874018930411275e+00 2.565383124420151262e+01
7.380475222423092063e+00 2.655476294492900013e-01
6.633360689444633529e+00 5.222876395705235986e+00
6.514023268502032948e+00 2.026790669711628823e+01
6.481430675437898969e+00 2.881257016767621693e+01
6.476641003851726808e+00 3.017716170352257521e+01
9.351279462956753719e+00 5.819492198008117956e-02
6.603277096679559754e+00 7.199958685907212441e+00
7.000017018377652889e+00 6.029356211369660823e-01
6.479432224162301246e+00 2.937268215135073390e+01
7.805744293331442485e+00 1.575183910188530656e-01
6.799123882275707409e+00 1.460801959623260871e+00
1.033374376606727729e+01 3.928403995360924689e-02
6.684020467588416281e+00 3.230609177099665885e+00
7.034339346868749843e+00 5.411070581877615027e-01
6.726095185543390365e+00 2.292151470110718403e+00
6.697288822016365550e+00 2.880911925113789795e+00
6.553090466378829859e+00 1.297975813960826486e+01
6.553446262845796788e+00 1.292575775705317476e+01
6.578310429030867823e+00 9.569138942667244407e+00
7.563722280935364140e+00 2.053662648419110059e-01
6.650248864479332056e+00 4.433587048458029756e+00
8.244916100963248340e+00 1.068947471958982820e-01
6.544055055181626557e+00 1.419784158224046955e+01
6.788324236469531314e+00 1.537856434797504335e+00
6.499614765119313020e+00 2.367759634975733718e+01
6.537072322821222414e+00 1.551841354491085845e+01
8.188249080779552713e+00 1.145876601961059033e-01
6.523848486766834043e+00 1.791924114611582652e+01
6.691034866826863770e+00 3.060310020822400556e+00
6.552677336471528946e+00 1.307414646927294655e+01
6.551888818885477583e+00 1.312401188400114016e+01
6.500370046773730870e+00 2.362652072964704075e+01
6.498484070706301630e+00 2.406912348768647902e+01
6.499287221391297109e+00 2.401954540691784601e+01
6.577076264264408501e+00 9.672391741116502573e+00
6.471264425693632916e+00 3.285285631675609608e+01
6.503847127018234531e+00 2.252791371469921344e+01
6.574485820296616545e+00 9.941293584098943370e+00
6.471319089169066174e+00 3.280128452524780869e+01
6.557943365319641060e+00 1.240802205315974582e+01
6.558486262062770855e+00 1.227321500849570768e+01
6.543972193815386085e+00 1.424891639906761398e+01
6.489907661268459194e+00 2.648019007659874902e+01
6.489893742469618587e+00 2.653129802001144810e+01
7.570518065241502725e+00 2.040451748231770501e-01
6.802213681133416401e+00 1.418913920720709099e+00
8.304980741159146973e+00 1.054634901904703687e-01
6.536489426780891954e+00 1.570406202269557028e+01
6.536232903140562378e+00 1.570406627049967341e+01
6.531230012831286125e+00 1.655635733955166700e+01
7.034339346868749843e+00 5.411070581877615027e-01
6.796727088013492235e+00 1.460850895690863016e+00
8.799473169101366565e+00 7.715522939079924591e-02
6.849131663864199027e+00 1.118606222990739418e+00
6.539063251910949504e+00 1.496643204886090928e+01
6.539370922844016221e+00 1.491782644805536329e+01
6.539370922844016221e+00 1.491782644805536329e+01
6.538233786297857009e+00 1.514801061396552484e+01
6.536786177234287898e+00 1.565545633973784589e+01
6.535936666025843778e+00 1.575267187130521940e+01
6.535936666025843778e+00 1.575267187130521940e+01
6.811396213769455699e+00 1.363724371776969813e+00
6.486392705875598352e+00 2.723707289051425917e+01
7.110385185146982145e+00 4.547890973937727677e-01
7.660713504521391215e+00 1.900835452808015413e-01
7.111270317683578313e+00 4.523178587691156771e-01
6.522912429516157573e+00 1.810081344231437939e+01
6.523022002665715746e+00 1.805222175328353629e+01
6.481020879499200582e+00 2.894808286558924948e+01
6.484089597627905377e+00 2.791697894037478278e+01
6.508857685688835382e+00 2.127403115385952859e+01
9.741818526014919044e+00 4.880725649630827251e-02
7.375911855608127787e+00 2.657186448753312558e-01
1.101747321869609131e+01 2.950164061032943194e-02
7.581520505748070349e+00 2.036792738434632100e-01
6.591708812285875574e+00 8.099499672535607431e+00
7.287769177109947094e+00 3.195125482551888219e-01
6.477228190365417859e+00 2.994912020597976721e+01
