6.482673817720403520e+00 3.511337193672655133e+01
1.268489014893556899e+01 1.977604987230354577e-02
1.223035867747275951e+01 2.090152060050652627e-02
1.140991583567162060e+01 2.912832472329017486e-02
1.025617869997824982e+01 3.815785006580540983e-02
1.096390736222507201e+01 3.036191080744843687e-02
9.749664339013769165e+00 4.740948097274347295e-02
1.022304686970766419e+01 3.955042714483987532e-02
1.261507069567332628e+01 1.988160512544856137e-02
1.231052910590247151e+01 2.014045263970330041e-02
1.101208026129941331e+01 2.962445892129195874e-02
1.130878695702867098e+01 2.925968309441527929e-02
6.483367150999825412e+00 3.349882455180652840e+01
6.483326474434140785e+00 3.476156841476971948e+01
9.453072244053938533e+00 5.758004705043937715e-02
9.624312281323074814e+00 5.755923593771797298e-02
9.087391439024520068e+00 6.707711487957333796e-02
9.240926503620233490e+00 6.703511286024717297e-02
8.856286087637746718e+00 7.632579657452075172e-02
8.989409823319755688e+00 7.605886939570130623e-02
6.576819446148730819e+00 1.115710544646660018e+01
6.576760273752919161e+00 1.165388598819716925e+01
1.139180938409404042e+01 2.918418959858075021e-02
1.130878695702867098e+01 2.925968309441527929e-02
9.691974416492319833e+00 5.736922409351247198e-02
8.430598747175880092e+00 9.853719947862971118e-02
8.666675174489492761e+00 8.566542797143120169e-02
1.231052910590247151e+01 2.014045263970330041e-02
8.352098260316127565e+00 1.047990603278292354e-01
8.535081184756522887e+00 9.533597302492692604e-02
8.734805948724478242e+00 8.563760221476024448e-02
6.515098150415276734e+00 2.232120158505027163e+01
8.602413359387076852e+00 8.835517193772411682e-02
1.261976902518917321e+01 1.984398788103041225e-02
1.268229353126097791e+01 1.983283256470254330e-02
6.514858031384195947e+00 2.259598659710792390e+01
9.398899441277324129e+00 5.759310268561786822e-02
9.049485883228157945e+00 6.769324166349829919e-02
8.989409823319755688e+00 7.605886939570130623e-02
6.502834688530326979e+00 2.588285766057214943e+01
9.295364581190730391e+00 6.697379479896849175e-02
8.092623920300381357e+00 1.241815001784798839e-01
9.636984717945264123e+00 5.754980031412446767e-02
9.240926503620233490e+00 6.703511286024717297e-02
6.495342327226158119e+00 2.921483296713765654e+01
6.485737103361221223e+00 3.262421017862771322e+01
6.496489221233640698e+00 2.864799237952994204e+01
7.911957502541443255e+00 1.473861009124944610e-01
8.234198066580830755e+00 1.144850001611345675e-01
8.283905553365505270e+00 1.078688320181623167e-01
6.501737195685345583e+00 2.643433469019123194e+01
6.511723327817858120e+00 2.346172387642664603e+01
7.958015982226375407e+00 1.459324611976455799e-01
6.522501526390616533e+00 2.058590438514513821e+01
8.493480039014583483e+00 9.574412618469134439e-02
6.579982325667727672e+00 1.055367396402990821e+01
1.101049278315156066e+01 3.004547779972939828e-02
6.487650366834814442e+00 3.199777788169699022e+01
6.487949893613914831e+00 3.178703930083881346e+01
1.096492827488439659e+01 3.022671841819427052e-02
6.632045983805066491e+00 5.935761628844963944e+00
6.485693005707221737e+00 3.288288627090154392e+01
6.615226670453106195e+00 7.231579346436604716e+00
6.511837570350869520e+00 2.321544265003091922e+01
6.506406251640017402e+00 2.477634245914923028e+01
6.496424387346201534e+00 2.889687777429481841e+01
6.503654477145755841e+00 2.578280448018469784e+01
6.494844413392226734e+00 2.941431111798826592e+01
9.381670582072089815e+00 5.782724025523135192e-02
8.477830515608387074e+00 9.609855558580568391e-02
6.503658554820594517e+00 2.554138687099754534e+01
6.525270819048724746e+00 2.007792459880898051e+01
6.515660921866619049e+00 2.219072806332678383e+01
6.531147812175909451e+00 1.879355154174657727e+01
8.525646606453054943e+00 9.555930350175945165e-02
6.502552704243362847e+00 2.611731342957409296e+01
6.551193324841872112e+00 1.534151600325370346e+01
6.555623486910477027e+00 1.418165707634697448e+01
6.579075118819051049e+00 1.089404014464402692e+01
6.579240187531520512e+00 1.066828470765148928e+01
8.223604291298018509e+00 1.146029695852021080e-01
6.518145206392796709e+00 2.174287198972211499e+01
8.319984534039662094e+00 1.057452630549646500e-01
6.495866708095843656e+00 2.897551533534672430e+01
8.768842753076654617e+00 8.555663111676863053e-02
8.852906991848865204e+00 7.634964377812832048e-02
6.548866756093017827e+00 1.589519811200765176e+01
6.600848024870711761e+00 8.901364324069909628e+00
6.530510874612278194e+00 1.900393488711432255e+01
6.572132870935651461e+00 1.201515715426628006e+01
6.574252552621374868e+00 1.181320884444683905e+01
8.805286673013236864e+00 8.555005929174216983e-02
6.582528820837787009e+00 1.041794130443871680e+01
6.608604839571537326e+00 7.758737660105682110e+00
6.541366141062360917e+00 1.693278601272416850e+01
6.528516439262001647e+00 1.926138258882440724e+01
6.499803195893461449e+00 2.737822329411796929e+01
6.534373843193852061e+00 1.807985309142423347e+01
6.534110641920049645e+00 1.828439533013755636e+01
7.683746836734856700e+00 1.826770681680998099e-01
6.535339981454735714e+00 1.789828147083908760e+01
6.525703930043348144e+00 1.993088255358297545e+01
6.484350090355397001e+00 3.314826104111038774e+01
6.522492285993829242e+00 2.073637492761706724e+01
8.128209846197929522e+00 1.239323651122783004e-01
6.679045958796856475e+00 3.853687199413348807e+00
6.678755337954854987e+00 4.053033017755446998e+00
6.528011215734913719e+00 1.940861805977609933e+01
6.554706134831631559e+00 1.445053675172081853e+01
6.619010097477000087e+00 6.978828415789874562e+00
8.817661773949646786e+00 7.695718182215501024e-02
6.508856761860688955e+00 2.414298150153772582e+01
8.133435292971958219e+00 1.238209347284628392e-01
6.507045898797891859e+00 2.458064311351851217e+01
6.506452017996604553e+00 2.463371570822670975e+01
6.547485766208390068e+00 1.601810039293779653e+01
6.508378947356221467e+00 2.434075960186001097e+01
6.494445098671526750e+00 2.959583202005058311e+01
6.532999480889064792e+00 1.863163040943334181e+01
6.530285973665623800e+00 1.918452035858000926e+01
6.590227423596854983e+00 9.649169509931388333e+00
9.298380078540713356e+00 6.693372922765311595e-02
6.600885249645946473e+00 8.739583936446754464e+00
6.485660094928153541e+00 3.293056095995050470e+01
8.743225394112657867e+00 8.556266549254501474e-02
6.488748008462411399e+00 3.163685593867905865e+01
9.347906897874525001e+00 5.822683548004225357e-02
7.656052280735349491e+00 1.911755079197194063e-01
6.690403872078973357e+00 3.443214020955471355e+00
6.488829532814246015e+00 3.147390654061271320e+01
6.606172602778388026e+00 7.924184081670047064e+00
1.022304686970766419e+01 3.955042714483987532e-02
6.483584158769684969e+00 3.339500948784234424e+01
6.543712294421728082e+00 1.668932051076986411e+01
6.535297539524270505e+00 1.805684288621401734e+01
6.538781520444170603e+00 1.752468094901421480e+01
6.631419417316072540e+00 6.062821179175887920e+00
6.518314278887958224e+00 2.169179468970135005e+01
7.379045409289124891e+00 2.810383850362311309e-01
6.593871602640547280e+00 9.189955757179959051e+00
6.553695868582480877e+00 1.462991973148481151e+01
6.549439707776715025e+00 1.571369583253417979e+01
6.504841965095467415e+00 2.525403392277263492e+01
6.494517674451866007e+00 2.945779983617731901e+01
7.698096230237824855e+00 1.813755571502082831e-01
8.646980773921542962e+00 8.598700480506467347e-02
6.524693633354168298e+00 2.016352419595761702e+01
6.543182766274003193e+00 1.674441439341743276e+01
6.541295108735094566e+00 1.707093058724636947e+01
9.717879104885192021e+00 4.888035830609942928e-02
8.351569048194672717e+00 1.051227641711417332e-01
6.562371267026389177e+00 1.323936502814871119e+01
8.057155875118590771e+00 1.263437441873858369e-01
6.530297997058299053e+00 1.907473044309787014e+01
6.509203039587091233e+00 2.397853550641174891e+01
6.577466340614671836e+00 1.110486732367412088e+01
6.589731771665809035e+00 9.783134817168409825e+00
6.518883188638923798e+00 2.156131787228774854e+01
7.076625360171665768e+00 5.384908795549283589e-01
8.194510251971351522e+00 1.150041991726701573e-01
6.623579366907171639e+00 6.628039057994177696e+00
9.329967951454564812e+00 6.674628647049571373e-02
7.854474560135410677e+00 1.580897224569679516e-01
6.533166857726466326e+00 1.847886167707045857e+01
6.497125529820931611e+00 2.832635943851398963e+01
7.086776982815260695e+00 5.159449192732470379e-01
6.556509236143690522e+00 1.401037143515540428e+01
6.567690392177370384e+00 1.250146090729072945e+01
6.565866676769198662e+00 1.279174711181293311e+01
6.595754518455343884e+00 9.182319016305255488e+00
7.627501554357820623e+00 1.919864317762297878e-01
6.501732969380161542e+00 2.657979015780431098e+01
7.394699840892478448e+00 2.686526754107086412e-01
6.552660651288179317e+00 1.486804417790011179e+01
6.493173081565950966e+00 3.008148020284018287e+01
6.516748072677152059e+00 2.190701946493947005e+01
6.571403296427138052e+00 1.212026199963457884e+01
6.551019943604121210e+00 1.551225917945995825e+01
6.498581516153979720e+00 2.765100611457795310e+01
6.566548619098423245e+00 1.262395728518256632e+01
6.527938666322712358e+00 1.957924648018979497e+01
6.540145343288433999e+00 1.727799340226368230e+01
8.162304006211190455e+00 1.171677088269509337e-01
6.492541044256260996e+00 3.039865659526989816e+01
8.170811397077967442e+00 1.165503490457803493e-01
7.723005035311094169e+00 1.806651483459487673e-01
6.512826599000686834e+00 2.310804873754027611e+01
6.484218851968238440e+00 3.327063072873685456e+01
6.508856761860688955e+00 2.414298150153772582e+01
7.021429145354473711e+00 6.524543475958147765e-01
6.592817517308870556e+00 9.351055839767084876e+00
6.766992602073161223e+00 1.936605427153580861e+00
6.506120597094432689e+00 2.488477033393757765e+01
6.561082398874385824e+00 1.346990261821193968e+01
6.626098118425458594e+00 6.404962316416213497e+00
6.702969867597561304e+00 3.223308241393923801e+00
6.609797870118731211e+00 7.602958638376543732e+00
6.555167154297515175e+00 1.432788248443968726e+01
6.670503596802479507e+00 4.276453389542509420e+00
6.713476826393683261e+00 3.013494517934506955e+00
6.482896207330591132e+00 3.483425665990341002e+01
7.007531870072208235e+00 6.769822711418206351e-01
6.499813377075111198e+00 2.723191380422220220e+01
6.551941095533448056e+00 1.511946246315639186e+01
6.569299934850991285e+00 1.235090125407887918e+01
6.565103166687426217e+00 1.290953190655639915e+01
6.507639090920299019e+00 2.444107810528235447e+01
6.597565871487496736e+00 9.035393512295220475e+00
7.832784174443366609e+00 1.582583721656291853e-01
6.603589102382819931e+00 8.247993539271575969e+00
6.603810888045834382e+00 8.093088480153626918e+00
6.617101388853060762e+00 7.102610445329314182e+00
6.724000903553589481e+00 2.706165381003192927e+00
6.772623705215005785e+00 1.884377772439869370e+00
9.717636135609282633e+00 4.888478009730323065e-02
6.499140608318103141e+00 2.750514334171607445e+01
6.622365791493473708e+00 6.776093184228154875e+00
6.501252648282037860e+00 2.678671043093609683e+01
7.864328533546296462e+00 1.580666894903330066e-01
6.527870576917750967e+00 1.967413051507286781e+01
6.626500008725669133e+00 6.300508521432848674e+00
6.694713155830364748e+00 3.363541253100348793e+00
6.673405168655961894e+00 4.188024034197478151e+00
6.758193867501478103e+00 2.036789911073334292e+00
8.450896916474780696e+00 9.655127088226506116e-02
7.985419029090354393e+00 1.369854364231737065e-01
6.647866416150801427e+00 5.186590016852270502e+00
7.240462908468352055e+00 3.495268807565840019e-01
6.504607684558679104e+00 2.530007839215651799e+01
6.539188485788001159e+00 1.737653722042536941e+01
6.528132938281562048e+00 1.937948333697211822e+01
6.514187363001389564e+00 2.281010825813491749e+01
6.592007314307451793e+00 9.459641410867140721e+00
8.038881825702581807e+00 1.358003151727667224e-01
6.602560364386186542e+00 8.465684855766753003e+00
6.560120413614032309e+00 1.371010422737601253e+01
6.557285558130347525e+00 1.394465751293548195e+01
6.519804933819935755e+00 2.132868585603503675e+01
7.606369452182229374e+00 2.017204109822091640e-01
6.643438312804899937e+00 5.500234991004096408e+00
6.498500050782991089e+00 2.775810330415737681e+01
6.498261540223319699e+00 2.790398866978109993e+01
6.482887824173424463e+00 3.496624651711353238e+01
6.489225850290127440e+00 3.138100333560159783e+01
6.489594975608438787e+00 3.118939771272644279e+01
7.960497570980727744e+00 1.376876986850409101e-01
6.520670021003822647e+00 2.128940941835508838e+01
7.886950102100224846e+00 1.482444293400120849e-01
9.057139969702742377e+00 6.764852031646528818e-02
8.621228457013362600e+00 8.629905527880457616e-02
6.756975419845443476e+00 2.128823614367378436e+00
6.601800731704251746e+00 8.595518616250304333e+00
6.484796659366176996e+00 3.307097534250264914e+01
6.738173529036833642e+00 2.450415749806517329e+00
6.550955552664400550e+00 1.564485940288210664e+01
6.583011468755570306e+00 1.036155062133557614e+01
7.497081723585055535e+00 2.310380589630737780e-01
6.503658554820594517e+00 2.554138687099754534e+01
6.504424368094220199e+00 2.540233978612264210e+01
6.776336398770063774e+00 1.834331815444558034e+00
7.905766122683270503e+00 1.475511100060737379e-01
8.312824864639832612e+00 1.058234285726948748e-01
6.485962023103725826e+00 3.257801312661575821e+01
6.800144460495676668e+00 1.619803423014332555e+00
6.650428181535716021e+00 5.096622107314545680e+00
7.819658468180787025e+00 1.590077459455840614e-01
9.075277144188783396e+00 6.759685669569287514e-02
6.511272292980538445e+00 2.360447412888478524e+01
6.621996460501910597e+00 6.824012621659912625e+00
6.665920414022990848e+00 4.342707243483673984e+00
6.521952864130402538e+00 2.083509540350180700e+01
8.032488560862800497e+00 1.361571632705262658e-01
6.858568161408777897e+00 1.203924155526201245e+00
6.584284303059504850e+00 1.024605208043465510e+01
7.880086176296428491e+00 1.483311579106943445e-01
6.513058829466870314e+00 2.298629046986778235e+01
6.502037599497151987e+00 2.629884531382949220e+01
6.501475061884190332e+00 2.660811101856010197e+01
7.355115293977918967e+00 2.819898748503185670e-01
6.505162475262340926e+00 2.511854416039137305e+01
6.495470212683713385e+00 2.911102627744549309e+01
6.710022044016936249e+00 3.079688755687558288e+00
6.524355593347737958e+00 2.037842159727366464e+01
6.498106506510012537e+00 2.808850714270821314e+01
6.494222993525146315e+00 2.965362646322676810e+01
8.191967566927630173e+00 1.151547840180653925e-01
6.618146963383798820e+00 7.092422436125957574e+00
6.486484257573825296e+00 3.238029922706528652e+01
6.602037163921568030e+00 8.566866367839280016e+00
6.750102046881610640e+00 2.233997533869600094e+00
7.424966849850858530e+00 2.557757149356589821e-01
8.071467265727577001e+00 1.255826185301506803e-01
6.519371177866944755e+00 2.151710819192962632e+01
6.514799688800525068e+00 2.268444298946681315e+01
6.585471948629833427e+00 1.004336542660576193e+01
6.606524853092882843e+00 7.825231690056005718e+00
6.486829325440464089e+00 3.220507945595232968e+01
6.706281471890458867e+00 3.146331210007908386e+00
7.209612157008099764e+00 3.789468389977838636e-01
6.552553590039549292e+00 1.500064489664669587e+01
6.482887824173424463e+00 3.496624651711353238e+01
6.551019943604121210e+00 1.551225917945995825e+01
6.520829913386355869e+00 2.106561441912541710e+01
6.545241323988951976e+00 1.648846457820806322e+01
8.781968846959651742e+00 8.555620853263294634e-02
6.546398464421090857e+00 1.627607775167656357e+01
6.546404821556426334e+00 1.614466175770424172e+01
6.633945991238457296e+00 5.815399958778458611e+00
6.624970913480414225e+00 6.455758399565688421e+00
7.222073004024266218e+00 3.655409113930898624e-01
6.558516621949165959e+00 1.377678653165295408e+01
6.715684246013258196e+00 2.925192925452654080e+00
6.544235242104896599e+00 1.656283693020688474e+01
6.542763880645245500e+00 1.686698179041859902e+01
7.256265709189506197e+00 3.486730923596447762e-01
6.514293258603666814e+00 2.272646071545750601e+01
6.964197958715226733e+00 7.987803484350598504e-01
6.566548619098423245e+00 1.262395728518256632e+01
6.490922524095398494e+00 3.092772386315179389e+01
6.483868284059853160e+00 3.331354164031426279e+01
6.510755882113422821e+00 2.370783597692268074e+01
7.574988322665032747e+00 2.141805604880945013e-01
6.496978673722965780e+00 2.850267062999020595e+01
6.546404821556426334e+00 1.614466175770424172e+01
6.886764169675389624e+00 1.060755300247482991e+00
6.586050556064478201e+00 9.959909646791798465e+00
6.577992358916826099e+00 1.098245076376537988e+01
6.638316665921563775e+00 5.689435125838952167e+00
6.536904262565481183e+00 1.786143951672507058e+01
7.275900976375402784e+00 3.351219139090949040e-01
6.523063567076974323e+00 2.046465644093123615e+01
7.445457272564754980e+00 2.550102049646318925e-01
6.805458179608172564e+00 1.577852407367684284e+00
6.561289131887311221e+00 1.336186554704428353e+01
6.537819270831678686e+00 1.766784804035067324e+01
6.505162475262340926e+00 2.511854416039137305e+01
6.524501826118804360e+00 2.025665048357364029e+01
6.494053567175794406e+00 2.972937856539292412e+01
6.491875361682708068e+00 3.064887508861933085e+01
6.584181231429906411e+00 1.028343438553957157e+01
6.521554457982946751e+00 2.100110919249724617e+01
6.520691560350289073e+00 2.118738578209798362e+01
6.505302692149003363e+00 2.499678558810110829e+01
6.551539182765131031e+00 1.528012485789727926e+01
6.541105375319740567e+00 1.711428415075714682e+01
6.552104024733862886e+00 1.506444287020276285e+01
6.565202968337247036e+00 1.279182700408968820e+01
7.533766669261452442e+00 2.272063821858562038e-01
6.663030986308600134e+00 4.499545933155992827e+00
6.614100745515828272e+00 7.433790503175122133e+00
6.562570490596778328e+00 1.313130562286496250e+01
6.733688923938115245e+00 2.538740285295802313e+00
7.100275145460613224e+00 4.953368394044874168e-01
6.999421906783069858e+00 6.886095406071934821e-01
6.611730398344827897e+00 7.568000728116524911e+00
6.654815933077430579e+00 4.795563243118271757e+00
6.698729871332917973e+00 3.337165545555213608e+00
6.563673144308687313e+00 1.307148979089911478e+01
6.983215679711423540e+00 7.410590528180261982e-01
6.536963162097698898e+00 1.774587528354676991e+01
6.614912144510790348e+00 7.348682586432896180e+00
6.579240187531520512e+00 1.066828470765148928e+01
6.603246203143473991e+00 8.364852681485782426e+00
6.603589102382819931e+00 8.247993539271575969e+00
6.647670392302089226e+00 5.232481655750104821e+00
6.873022173586679884e+00 1.129137363724846299e+00
6.491142931399465077e+00 3.087503043478085729e+01
6.791473424311913476e+00 1.684076398414832143e+00
6.641561808265352695e+00 5.539216503654468937e+00
6.486761770711425790e+00 3.226445910629009717e+01
7.774738856844579438e+00 1.690903847218611367e-01
7.786550617482556724e+00 1.684648246058699506e-01
6.654951694347668756e+00 4.733929857029719912e+00
6.513818440171914581e+00 2.297612086221466754e+01
6.493838196264734464e+00 2.980288397337740491e+01
7.739871262538831509e+00 1.696987001441657705e-01
7.436559308202020269e+00 2.555458323447674651e-01
6.505727858531954233e+00 2.493700945677613490e+01
6.516220353280042232e+00 2.197363683160466152e+01
6.516001103187971211e+00 2.208857170806761516e+01
7.407482294133381551e+00 2.678866669342018225e-01
6.536960343871777823e+00 1.778266182732828682e+01
6.611906106140620132e+00 7.494358433956491261e+00
6.656185648049859793e+00 4.686277552713955963e+00
6.600890115993752083e+00 8.705834809346457703e+00
6.651208143683838614e+00 5.011738936434269931e+00
6.829283737673093491e+00 1.399157195184102864e+00
6.841722145778140529e+00 1.335428829756143188e+00
6.586336614961234126e+00 9.875574209582987706e+00
6.643961110666426251e+00 5.405270152549916496e+00
6.561289131887311221e+00 1.336186554704428353e+01
6.629638339803020308e+00 6.214737521894107886e+00
7.510969272222694393e+00 2.310253019861397694e-01
6.492905144914026039e+00 3.024330116279905667e+01
6.576072525226527077e+00 1.176154416833442440e+01
6.793982948450048909e+00 1.653929843617509832e+00
6.645037900357287697e+00 5.395082143346559000e+00
6.592817517308870556e+00 9.351055839767084876e+00
6.570704246686301708e+00 1.224571481709601350e+01
6.567914352539970579e+00 1.245608690227249404e+01
6.569076878264747066e+00 1.239627525909711458e+01
6.489793557481625896e+00 3.107772850566250611e+01
6.748883597873522433e+00 2.296760868876545292e+00
7.305501701750078070e+00 3.121836506239311637e-01
7.175467274557435715e+00 4.104628600427753238e-01
6.538114558924072561e+00 1.762878899252588738e+01
7.062697730274134500e+00 5.595565388062189172e-01
6.502248647905804368e+00 2.625280286972379074e+01
6.924935175828626832e+00 9.122358467949061023e-01
8.653495397319970195e+00 8.575968580513679274e-02
6.587703393319496392e+00 9.815756330351421255e+00
7.297563386649401629e+00 3.207865185981589873e-01
6.660165986819552408e+00 4.557051650923943598e+00
6.576116620198014573e+00 1.171015116880464646e+01
6.546398464421090857e+00 1.627607775167656357e+01
6.545303081455639216e+00 1.638125877669578401e+01
7.414824595981857058e+00 2.664979814739504294e-01
7.762444800032198167e+00 1.690954851572408491e-01
6.554958720680902573e+00 1.443679176131639075e+01
9.347862821890277729e+00 5.830271003262947616e-02
6.511456900427333494e+00 2.349561377622849889e+01
6.676568583613942565e+00 4.088492152054961082e+00
9.329967951454564812e+00 6.674628647049571373e-02
7.339571713886024362e+00 2.935320545096288813e-01
6.641385173658227892e+00 5.606240179076038999e+00
7.130547402016762071e+00 4.660181331513130742e-01
6.572132870935651461e+00 1.201515715426628006e+01
6.563778286305631759e+00 1.301844988781656198e+01
6.562481561093885141e+00 1.318632512506615839e+01
6.908379838110854543e+00 9.817241830932338376e-01
6.534005663041012824e+00 1.839227904921250811e+01
6.534110641920049645e+00 1.828439533013755636e+01
6.821128868338503182e+00 1.447992563182764592e+00
6.991511624556213889e+00 7.069592593226822208e-01
6.501436474830163625e+00 2.671527953416605072e+01
6.883625381158321233e+00 1.099127320567220956e+00
6.680837535612503153e+00 3.765317043610037828e+00
6.538590686119007067e+00 1.756001000863354378e+01
6.487051451395314139e+00 3.213277153730124525e+01
7.051660193488238804e+00 5.718009050479365696e-01
6.498500050782991089e+00 2.775810330415737681e+01
6.545303081455639216e+00 1.638125877669578401e+01
6.560148384768460517e+00 1.360311092186085524e+01
6.489500222332885926e+00 3.122315018320800561e+01
6.629733567560580632e+00 6.157867595984854781e+00
6.493741302973605301e+00 2.989053439584323257e+01
6.623855948842904517e+00 6.605474735516968288e+00
7.727834575032173525e+00 1.805305202946110577e-01
6.497088683143807053e+00 2.841834282388579780e+01
6.495470212683713385e+00 2.911102627744549309e+01
6.532080883835906349e+00 1.870211522352048661e+01
8.295105654503771575e+00 1.069107045739509931e-01
6.645399518728609678e+00 5.300177083228173380e+00
6.492729200512962429e+00 3.032149377235604248e+01
6.510136212167919822e+00 2.392687125708985008e+01
6.497439875958326283e+00 2.818309956087013290e+01
6.602975010922909505e+00 8.422800948502452201e+00
6.502999263502919014e+00 2.578689583560607446e+01
6.716407799098914388e+00 2.824598899565568200e+00
6.630164143173061575e+00 6.110857790737586726e+00
6.508313267005264358e+00 2.443020242980005108e+01
6.487511807738427727e+00 3.205190821056623918e+01
8.444004739007040072e+00 9.764139855386529121e-02
6.498214814830107322e+00 2.800656346185986223e+01
6.519459799871983208e+00 2.143084034989190556e+01
6.516001103187971211e+00 2.208857170806761516e+01
6.539770083432076220e+00 1.737224768085652471e+01
6.521769788888614805e+00 2.092412331051758656e+01
6.551823735252938263e+00 1.522269818911402517e+01
7.592990077066794186e+00 2.038693190732869809e-01
6.629049161767614606e+00 6.267985750116758403e+00
6.504424368094220199e+00 2.540233978612264210e+01
8.014250246421003254e+00 1.361591134918658519e-01
6.498241606474041809e+00 2.798512351395621778e+01
6.513987505419817303e+00 2.287457459365033330e+01
1.140504154020815264e+01 2.914849358773957677e-02
6.520691560350289073e+00 2.118738578209798362e+01
6.512689694405468188e+00 2.315230315659410465e+01
6.522318236442540496e+00 2.078745264609202081e+01
6.500421228326207945e+00 2.696605520972557102e+01
6.500851700209122619e+00 2.686675450863430825e+01
6.492966542603449298e+00 3.017135126537536038e+01
6.781674942008618423e+00 1.792376284048585511e+00
7.035354702327585308e+00 6.048546048555609733e-01
6.715492221859211242e+00 2.949756729893088902e+00
6.558265654198528694e+00 1.387193433556877054e+01
6.640350825620938480e+00 5.641826372840426984e+00
7.183164658129603808e+00 3.939538782412664308e-01
6.584293327958405939e+00 1.014613842978570801e+01
6.500114348639363548e+00 2.713385358960146476e+01
6.689695775728853100e+00 3.524593571626079225e+00
7.364104423375762210e+00 2.811841963850475468e-01
7.803772631761606071e+00 1.684605448410903539e-01
7.152307353374903087e+00 4.642416695940500548e-01
6.683996827695580123e+00 3.669955912274127652e+00
6.684573084996406678e+00 3.588576510982459222e+00
6.493643219127273269e+00 2.990849497340952112e+01
6.652071678483334694e+00 4.921844556545784677e+00
6.496930173653477247e+00 2.855834561529387017e+01
6.599653064633699273e+00 8.992146001878889905e+00
6.682160018573751081e+00 3.758326141596810555e+00
7.123884276051938969e+00 4.750011386525146428e-01
6.682679320015445512e+00 3.676946814287354925e+00
6.500245792927199062e+00 2.704952541693569401e+01
6.547908306750526819e+00 1.595500701945259614e+01
7.152380089837324206e+00 4.275652367885472427e-01
6.679931802522161455e+00 3.853680963423133043e+00
6.497488030618262300e+00 2.813822490708349733e+01
6.865879522772558197e+00 1.169346360141860552e+00
9.391249162557780750e+00 5.767370371685196645e-02
6.600493749620175876e+00 8.953105869384891946e+00
7.803772631761606071e+00 1.684605448410903539e-01
7.525348431037670593e+00 2.272085279840007632e-01
6.755212180897165908e+00 2.198444532249358652e+00
6.532078847190269322e+00 1.877574699931178515e+01
6.510622751033397826e+00 2.380379800745840768e+01
6.555403650229243873e+00 1.423273500039158357e+01
6.555383995332745073e+00 1.427680466288166095e+01
6.527049345002325254e+00 1.982059984896358884e+01
6.936915152053305000e+00 8.945754103915825040e-01
6.765256782393135992e+00 2.008156721558465030e+00
6.540837416158113982e+00 1.719067470767765471e+01
7.163213422220843896e+00 4.274367322455185358e-01
6.527938666322712358e+00 1.957924648018979497e+01
6.493323358374892607e+00 2.999962284726968420e+01
6.488940491487073636e+00 3.144855383987763631e+01
6.553415259345104715e+00 1.472160437976614666e+01
6.651713032993121111e+00 4.952543913311186152e+00
6.579003227203230608e+00 1.091492438034976331e+01
6.486058685089467701e+00 3.248429911136197035e+01
6.524501826118804360e+00 2.025665048357364029e+01
6.603810888045834382e+00 8.093088480153626918e+00
6.605076710622475034e+00 8.006320809239150904e+00
7.326255746046652639e+00 2.944426976636360660e-01
7.474010307242672901e+00 2.433727076274969647e-01
6.523464589801345248e+00 2.038663830149389611e+01
6.591875899254087123e+00 9.495120671580060900e+00
6.903161772799286666e+00 1.017055608378897746e+00
6.553695868582480877e+00 1.462991973148481151e+01
6.493497787038243096e+00 2.998809726620980598e+01
6.914763700906082278e+00 9.472696065384893505e-01
6.491575813633524206e+00 3.073299139224203813e+01
6.527076247195086722e+00 1.976081274393973075e+01
6.667960493922981513e+00 4.318441305453706747e+00
6.970887820710512273e+00 7.552634121110018972e-01
6.508378947356221467e+00 2.434075960186001097e+01
6.496683104263191844e+00 2.859986326322870553e+01
6.945573407774443098e+00 8.485010566132517029e-01
6.492186254769454656e+00 3.048838220150812717e+01
7.104524086204256683e+00 4.950095204844821017e-01
6.540151267952559522e+00 1.720436065864973685e+01
6.747035434905947149e+00 2.329426716957319510e+00
6.527684242185950225e+00 1.973191481484074927e+01
6.488579644263666957e+00 3.166477918549346526e+01
6.658767492754751771e+00 4.639873202659483553e+00
6.491885984914294028e+00 3.059724860765606635e+01
6.742692481110005076e+00 2.385408987592890995e+00
7.755250486425956602e+00 1.692635487494167923e-01
6.785316460179910081e+00 1.784163801490812773e+00
7.255566008712220238e+00 3.494552925983075986e-01
6.621712324646535919e+00 6.912555025946221399e+00
6.878965047709550973e+00 1.124733270573042843e+00
6.614912144510790348e+00 7.348682586432896180e+00
7.545638689226819906e+00 2.201073977581014252e-01
6.486341210018947478e+00 3.239649919369610132e+01
6.486058685089467701e+00 3.248429911136197035e+01
6.651162892258661863e+00 5.064395513679108340e+00
6.663145936050511864e+00 4.431147538694815147e+00
7.487228308686607825e+00 2.404943941084720649e-01
7.647132814008347879e+00 1.913221579652112925e-01
6.605076710622475034e+00 8.006320809239150904e+00
6.709093470608875620e+00 3.124677608555737063e+00
7.746542153111994011e+00 1.695616225486208939e-01
7.456405616242372858e+00 2.436018825620419048e-01
7.548077253478314042e+00 2.185841907572347587e-01
6.955157137410004076e+00 8.035310737648275747e-01
6.499044737288883766e+00 2.758946995728976148e+01
8.000368752802065941e+00 1.364326807878837589e-01
6.519459799871983208e+00 2.143084034989190556e+01
6.489270261766597159e+00 3.130331053137989983e+01
7.166271763847404941e+00 4.107079244787287253e-01
6.719054515232870450e+00 2.764325546529537103e+00
6.586061948956922762e+00 9.920948305353656238e+00
7.466979760364655938e+00 2.433835613935573239e-01
6.491679500092049082e+00 3.071882935324994435e+01
6.499946319451046506e+00 2.714758563155643145e+01
6.497317167217674161e+00 2.824201757936971191e+01
7.201477320823338246e+00 3.822427380567897104e-01
7.517095673259420074e+00 2.303265821386585865e-01
7.987314233972826472e+00 1.368908965515165110e-01
6.499914959708350537e+00 2.721818059041315152e+01
6.844622502405973918e+00 1.276249583180275149e+00
7.561846727656338807e+00 2.147744907475634402e-01
6.497086330307904056e+00 2.843247037237444985e+01
6.810967451522476068e+00 1.526704886465105382e+00
6.939905157312292516e+00 8.719494763870012655e-01
6.636452064502501358e+00 5.757885330220338105e+00
6.500381266918748402e+00 2.703665057035467356e+01
6.726857874205694365e+00 2.584262936888998663e+00
7.315320574090301342e+00 3.086600889733412956e-01
6.663145936050511864e+00 4.431147538694815147e+00
6.653395701586076960e+00 4.863192415678757818e+00
6.552661413049029271e+00 1.482748505353384871e+01
6.487230543408925243e+00 3.209962968422777863e+01
6.560773331454032409e+00 1.353619025534926124e+01
7.690899610335622860e+00 1.825867411727183642e-01
6.808231998370257720e+00 1.541782622536090885e+00
6.500851700209122619e+00 2.686675450863430825e+01
6.624826108944199099e+00 6.528672696621485194e+00
6.496424387346201534e+00 2.889687777429481841e+01
8.069241636698276210e+00 1.256967399635828542e-01
7.560080839747366888e+00 2.148231991959820286e-01
6.621712324646535919e+00 6.912555025946221399e+00
6.489793557481625896e+00 3.107772850566250611e+01
6.490027806622161499e+00 3.099756812260179828e+01
6.526249770670696115e+00 1.988041059953857825e+01
6.489466594134541744e+00 3.129579660970330224e+01
6.969442625078465348e+00 7.552810525794495522e-01
6.498261540223319699e+00 2.790398866978109993e+01
6.988504912352956566e+00 7.352591108864774405e-01
6.746829116770396872e+00 2.376314657195103930e+00
6.645477624978224362e+00 5.291749739442746403e+00
6.523063567076974323e+00 2.046465644093123615e+01
7.042495932925850077e+00 5.919986128434242545e-01
6.544237499496277977e+00 1.650781875648282337e+01
6.491308859144104382e+00 3.080907843454026107e+01
6.852070132429687099e+00 1.247124296450658143e+00
6.484796659366176996e+00 3.307097534250264914e+01
6.755893545138541789e+00 2.169717417038000473e+00
7.190180202682440402e+00 3.931926331952275699e-01
6.636858644925909267e+00 5.747379131487689641e+00
8.002542852999859235e+00 1.361667593234434370e-01
7.286586433169729204e+00 3.351116115857443178e-01
7.025571532709266265e+00 6.119166475367366909e-01
8.817661773949646786e+00 7.695718182215501024e-02
6.685885571105363745e+00 3.581585608969231949e+00
6.688394395127366110e+00 3.531584473639306498e+00
6.521614778447796468e+00 2.093713622484888148e+01
7.603066065001694795e+00 2.018098792564052280e-01
7.483394708755312763e+00 2.426309935444813659e-01
7.114209085770840879e+00 4.828020041748389279e-01
6.550800029918164569e+00 1.565561470787277898e+01
8.432830641432790486e+00 9.852636463550998314e-02
6.736863969271875696e+00 2.497042757330494744e+00
7.289819662502916131e+00 3.350944477282377654e-01
7.319557731764876785e+00 3.075854580578656905e-01
6.863570850312726179e+00 1.173874266262096011e+00
6.532083446767302348e+00 1.866976503874909454e+01
6.654635771495915897e+00 4.852400304536795161e+00
6.511252814905875930e+00 2.363514814097047534e+01
6.510774332033704148e+00 2.367716196483699065e+01
6.716407799098914388e+00 2.824598899565568200e+00
6.719054515232870450e+00 2.764325546529537103e+00
6.563877041585884697e+00 1.296343038561536609e+01
6.836734195578422657e+00 1.373764155681418631e+00
6.483267518018460684e+00 3.480757805786914361e+01
7.826950392276343038e+00 1.588057501557676998e-01
6.490027806622161499e+00 3.099756812260179828e+01
1.139183024475271111e+01 2.917988955808653931e-02
7.197019186922149814e+00 3.931176508803753689e-01
6.494048701294123482e+00 2.977542500210723375e+01
7.060553805967919594e+00 5.595945823031654998e-01
8.781968846959651742e+00 8.555620853263294634e-02
6.558265654198528694e+00 1.387193433556877054e+01
6.624826108944199099e+00 6.528672696621485194e+00
6.661826120980729904e+00 4.545538732234925661e+00
6.542659824916582600e+00 1.687089787024356369e+01
6.787340082468236169e+00 1.734122505116687529e+00
6.577992358916826099e+00 1.098245076376537988e+01
7.231518439028095102e+00 3.646639287430122334e-01
6.502552704243362847e+00 2.611731342957409296e+01
6.611997987675496624e+00 7.453854228736403797e+00
6.499224523703991174e+00 2.743548226268545420e+01
6.502360699446635195e+00 2.618874456713828636e+01
6.492956121745695697e+00 3.018195364407208814e+01
8.609374293407080714e+00 8.766875867094164887e-02
7.047008824301787655e+00 5.905531672155653888e-01
6.530510874612278194e+00 1.900393488711432255e+01
9.636984717945264123e+00 5.754980031412446767e-02
6.633945991238457296e+00 5.815399958778458611e+00
6.501436474830163625e+00 2.671527953416605072e+01
6.492117701941436003e+00 3.055958885216741194e+01
6.492186254769454656e+00 3.048838220150812717e+01
6.488471434728638521e+00 3.172608559553533425e+01
6.845387094716724796e+00 1.271170049119003220e+00
6.699552849269675647e+00 3.270792775353760451e+00
6.500421228326207945e+00 2.696605520972557102e+01
6.922949297458301565e+00 9.273195458132704738e-01
6.560148384768460517e+00 1.360311092186085524e+01
6.556509236143690522e+00 1.401037143515540428e+01
6.818749185593175888e+00 1.447996807228143279e+00
6.893164077881096752e+00 1.027284164188819293e+00
6.516748072677152059e+00 2.190701946493947005e+01
6.516220353280042232e+00 2.197363683160466152e+01
6.725882837759984412e+00 2.647367015223705877e+00
6.674769552747448209e+00 4.140371870422418610e+00
9.081935198614019100e+00 6.724436771055079809e-02
6.816221231086431409e+00 1.490179936457257215e+00
6.725882837759984412e+00 2.647367015223705877e+00
6.726857874205694365e+00 2.584262936888998663e+00
6.521470875725256633e+00 2.105894788587817601e+01
6.763492215278059660e+00 2.012684627678700267e+00
8.617182930510734806e+00 8.639013392500444199e-02
6.950994430244277211e+00 8.428595589201786087e-01
6.560898369021298748e+00 1.352400580559529786e+01
6.512246402214566743e+00 2.320672825651322668e+01
6.831223377015677833e+00 1.390181950720976278e+00
7.584192996928881492e+00 2.141784146899498864e-01
7.783147463964781743e+00 1.689500848569967517e-01
6.533969082944093287e+00 1.841904856608204710e+01
6.491232515253720692e+00 3.081104777505945336e+01
6.699552849269675647e+00 3.270792775353760451e+00
6.893164077881096752e+00 1.027284164188819293e+00
6.571400299302862180e+00 1.218294739990009390e+01
6.570705794626976015e+00 1.218302953851208414e+01
6.838050575556938959e+00 1.353667290692297298e+00
6.552553590039549292e+00 1.500064489664669587e+01
6.918451471316941159e+00 9.462603713203205924e-01
6.814091049027800828e+00 1.490273763937272733e+00
8.014250246421003254e+00 1.361591134918658519e-01
7.333767978303916912e+00 2.942707307973944642e-01
6.549439707776715025e+00 1.571369583253417979e+01
7.635849864552187505e+00 1.918891377640610241e-01
6.513987505419817303e+00 2.287457459365033330e+01
6.553415259345104715e+00 1.472160437976614666e+01
6.548598113178679014e+00 1.592585971138497136e+01
6.552866376899491030e+00 1.478540381342256538e+01
6.903782336410791309e+00 9.938807479355761254e-01
6.502360699446635195e+00 2.618874456713828636e+01
6.533782790000723928e+00 1.845824328944219062e+01
6.526814293069554296e+00 1.985569867748707651e+01
8.294305618940438052e+00 1.069489591024403718e-01
6.488148501612615249e+00 3.173390067202757336e+01
6.574252552621374868e+00 1.181320884444683905e+01
6.510216224586694800e+00 2.386410062991448555e+01
6.953903325469926067e+00 8.275293556232010683e-01
7.141350644206009513e+00 4.643893942181630541e-01
6.570704246686301708e+00 1.224571481709601350e+01
6.510622751033397826e+00 2.380379800745840768e+01
6.510216224586694800e+00 2.386410062991448555e+01
7.115285140608521353e+00 4.784337586017237132e-01
6.584293327958405939e+00 1.014613842978570801e+01
6.585200618985124876e+00 1.008873952237643046e+01
7.028172099740368495e+00 6.119137431448072872e-01
6.505302692149003363e+00 2.499678558810110829e+01
7.141350644206009513e+00 4.643893942181630541e-01
6.499044737288883766e+00 2.758946995728976148e+01
6.852070132429687099e+00 1.247124296450658143e+00
6.787340082468236169e+00 1.734122505116687529e+00
6.658767492754751771e+00 4.639873202659483553e+00
6.564825530919693009e+00 1.294915878756569505e+01
7.275900976375402784e+00 3.351219139090949040e-01
7.586899186689648467e+00 2.141085846451595553e-01
8.234198066580830755e+00 1.144850001611345675e-01
7.458876125188559136e+00 2.435873337987033427e-01
6.576760273752919161e+00 1.165388598819716925e+01
8.283905553365505270e+00 1.078688320181623167e-01
6.486761770711425790e+00 3.226445910629009717e+01
6.734035075401131998e+00 2.503486118626110812e+00
6.497317167217674161e+00 2.824201757936971191e+01
