2.536771976655176175e+01 5.773385269668196429e-03
6.684256511124316624e+00 2.941195851402363814e+01
1.943231124019261813e+01 6.318228947783807552e-03
1.269563914000424454e+01 1.566301344973286200e-02
1.792081949056170842e+01 7.465496739743591320e-03
1.151312267471043072e+01 2.486055928721179337e-02
1.243343350807395886e+01 1.680466847470943326e-02
1.916935304714739274e+01 6.465878006152694230e-03
1.834378911736863671e+01 7.253857011119616352e-03
1.068540846001654465e+01 3.435996668019789674e-02
1.116782388857886588e+01 2.648663167537088428e-02
1.043951641528765784e+01 3.674184307010390504e-02
1.792081949056170842e+01 7.465496739743591320e-03
1.834378911736863671e+01 7.253857011119616352e-03
6.686291352565678636e+00 2.874910339690743655e+01
1.003762784460779756e+01 4.350915259897944476e-02
6.696403043813920597e+00 2.548233059392826760e+01
6.695977620381722062e+00 2.606968742984469856e+01
6.769808171550885767e+00 1.321717549912699852e+01
6.769697569536005766e+00 1.377624257798699681e+01
6.688892476641022711e+00 2.772181232695475472e+01
6.688488587070337665e+00 2.826858880176997957e+01
6.797136188909751908e+00 1.031744698820809703e+01
6.797723705240303893e+00 9.792067761604720033e+00
6.733427145943422509e+00 1.906245050465658153e+01
6.737972589911008114e+00 1.837352555449684388e+01
6.739481514248412353e+00 1.809890433664316944e+01
1.917193966226475865e+01 6.386084469823952517e-03
6.742845098417825866e+00 1.696804635774858028e+01
6.741965841657953540e+00 1.736884434218629636e+01
6.825042555353976859e+00 7.448254398915166163e+00
6.824437143708441234e+00 7.832688314935455587e+00
6.719346284895883592e+00 2.121302634013729715e+01
6.693714191578232331e+00 2.663767300904324031e+01
6.708650234948392743e+00 2.294134618752589105e+01
6.783750580669756225e+00 1.121611235343955926e+01
1.128741874693099234e+01 2.510118556344972940e-02
6.770621950239010367e+00 1.297795920197870068e+01
6.760772127795162234e+00 1.464568557959663941e+01
6.733294833360922382e+00 1.939592229681551672e+01
9.684550411688070071e+00 5.273549313640435443e-02
6.782599215427471684e+00 1.146382398786305146e+01
6.707700126562644805e+00 2.312284563094907597e+01
6.707018350333457057e+00 2.345475393159050270e+01
6.689354697875259603e+00 2.767580547797282975e+01
6.690233030327565444e+00 2.735881777156029671e+01
6.855534099651449331e+00 5.904367304383349335e+00
6.856332762976069084e+00 5.589879121159318842e+00
6.828379511059929463e+00 7.065877423446683459e+00
6.714458347285220619e+00 2.194621273627661395e+01
6.690705944652347803e+00 2.723510282591771414e+01
6.741622283160064732e+00 1.765430974135877662e+01
6.724629727281756786e+00 2.047336814878635280e+01
9.871212852854345243e+00 5.273152751459304205e-02
6.809136573236374446e+00 8.821296581411376181e+00
1.257163327333801206e+01 1.575758476470184855e-02
1.052562274516179919e+01 3.442963365830205985e-02
6.793564293424492639e+00 1.046200723270841060e+01
6.730852216281424383e+00 1.955893608295322750e+01
6.705061979021192720e+00 2.393346235711379677e+01
6.745719980917767700e+00 1.667053554629791989e+01
6.746013911582995348e+00 1.647365484435304595e+01
6.771099163048944547e+00 1.270556336193476099e+01
6.719925981860742858e+00 2.094559166433265673e+01
6.809930392600758609e+00 8.555878187018079117e+00
6.874436869708051567e+00 4.988008749490679072e+00
6.875419735022733292e+00 4.799519691648448827e+00
6.727283180177917821e+00 2.004755941312720324e+01
6.726308763894103926e+00 2.028489505688600048e+01
6.709612445728394547e+00 2.276059350087933808e+01
6.687658774349452884e+00 2.850786797340077428e+01
6.760761091171612058e+00 1.487447015743010681e+01
6.804260759033194716e+00 9.051239382960215352e+00
6.702995353161098180e+00 2.412346048775696161e+01
6.705109927702974204e+00 2.369598876011568933e+01
6.740813809039402749e+00 1.791740195080609155e+01
6.771285302136794471e+00 1.258665645970035740e+01
6.771521171611254886e+00 1.234980781866341992e+01
6.800428056476337524e+00 9.459343210624979292e+00
6.887361396914106315e+00 4.369135199451265272e+00
6.887077920957055177e+00 4.599290900138486293e+00
6.904445848466454372e+00 3.923105418820697743e+00
6.844111911714548135e+00 6.395510696613558643e+00
6.737772555358438886e+00 1.859633256404811164e+01
6.706235256490435503e+00 2.354313426293495581e+01
6.713545688846733306e+00 2.216612584120479568e+01
6.896290405121652256e+00 4.054122367291902229e+00
6.716633139710409317e+00 2.172796871610354330e+01
6.712416034281344146e+00 2.244074471981219787e+01
6.741598936991310964e+00 1.786484718913149194e+01
6.830172475118783559e+00 6.890855653728523045e+00
6.845525724661846390e+00 6.233991970989343656e+00
6.801199680016796201e+00 9.257199004923549523e+00
6.805576434001181063e+00 8.854377643893423411e+00
6.759230855336235244e+00 1.507090487879970198e+01
6.735286523532128200e+00 1.889464580250758274e+01
6.735896843462437111e+00 1.870069830484561280e+01
6.693855278380686613e+00 2.644317946375473483e+01
6.699676386165709374e+00 2.475633674491657032e+01
6.741965841657953540e+00 1.736884434218629636e+01
6.741728055805433328e+00 1.755915474546143429e+01
6.789303747007924272e+00 1.090797121441270434e+01
6.722928262072062289e+00 2.070909091188896411e+01
6.699428570990388465e+00 2.494257448174446523e+01
6.694599849159641458e+00 2.626168169811826303e+01
9.550123248584352353e+00 5.564502420868226717e-02
6.728974333310753231e+00 1.984048154077708759e+01
6.729695579413607298e+00 1.974039107917676006e+01
6.707700126562644805e+00 2.312284563094907597e+01
6.694068017740671728e+00 2.638539728441561039e+01
6.691400634987705764e+00 2.705360538699672190e+01
6.687035718702801113e+00 2.868936502762046459e+01
6.725726658638188304e+00 2.029186712642889390e+01
6.717022451482298706e+00 2.154738324463786370e+01
9.247821840245055824e+00 6.516310726497959172e-02
6.892943606917286914e+00 4.144600034383842058e+00
9.442411194274475505e+00 6.250681676057841252e-02
6.751646289282899005e+00 1.592684346354091751e+01
6.816771281266920113e+00 8.338925829021560432e+00
6.711594594972657646e+00 2.251935816640879295e+01
6.693419930833472087e+00 2.681041503071850585e+01
6.756051179225225134e+00 1.534919463025381425e+01
6.735286523532128200e+00 1.889464580250758274e+01
6.801356058788849523e+00 9.113581288597071506e+00
6.764574408328365429e+00 1.418262451952333159e+01
6.753236111208811288e+00 1.560606106497841594e+01
6.702418377659866700e+00 2.445536821825846374e+01
6.766168888151220528e+00 1.401483416794607528e+01
6.877240045849622341e+00 4.730503859795281763e+00
6.780124641797337759e+00 1.162948150047714968e+01
6.823946573253995673e+00 7.928360586653353081e+00
6.784563019129936201e+00 1.110422265639626360e+01
6.756506987375204609e+00 1.519038147739798106e+01
6.762792918540078801e+00 1.442982088465803869e+01
6.763215699547830084e+00 1.427100851420415495e+01
6.702384035687011909e+00 2.447795939224601725e+01
6.798655087413823850e+00 9.596930893339960633e+00
9.342494205133215601e+00 6.284992886003026857e-02
9.442411194274475505e+00 6.250681676057841252e-02
6.890638981602625890e+00 4.296514776176259431e+00
6.931535339390687334e+00 3.032198333811355173e+00
6.706125825827009557e+00 2.367556669991476781e+01
6.697297603529642096e+00 2.542259651489131400e+01
6.751744165423138710e+00 1.577385097709225903e+01
6.814447399030520991e+00 8.481756998489560218e+00
9.161592060646800206e+00 7.179191682292024312e-02
6.710612785818691250e+00 2.270085801053529195e+01
6.797136188909751908e+00 1.031744698820809703e+01
6.701960026249168756e+00 2.461296070618261922e+01
6.732716985829311440e+00 1.946185868702895405e+01
6.789521608267242492e+00 1.081341655955610648e+01
6.781719223012068198e+00 1.155684751676635891e+01
6.702748994522091053e+00 2.430969794397430306e+01
6.798246016741170017e+00 9.699086843326874430e+00
6.704149412191058310e+00 2.398037342244831294e+01
6.712572822264564643e+00 2.221609396813324366e+01
6.801199680016796201e+00 9.257199004923549523e+00
6.779755726787223935e+00 1.177234460493083112e+01
6.743163634791605077e+00 1.678058814463305737e+01
6.799483427305772487e+00 9.491519108178849251e+00
9.941394773361896142e+00 4.594035907984690692e-02
6.759389548079471233e+00 1.493420836120079720e+01
6.836452806307923957e+00 6.699278037487629511e+00
6.828044877134034962e+00 7.201999164014281085e+00
6.792958667260939443e+00 1.059671821618876209e+01
6.695373932326744715e+00 2.620194427035299256e+01
6.695977620381722062e+00 2.606968742984469856e+01
7.006625287887520592e+00 1.664270698916597180e+00
6.716188405471829270e+00 2.175752761950761283e+01
6.712425579118081131e+00 2.230921290651344435e+01
9.023723784029865413e+00 7.362580961762979492e-02
6.933610443390078260e+00 2.972475637398496850e+00
6.924782005871050750e+00 3.342219919257101601e+00
6.761445208834618192e+00 1.451820490532902141e+01
6.823830062654145934e+00 7.992349628498169878e+00
6.728467657263681900e+00 2.003075981797358907e+01
6.692137409606478293e+00 2.699386853750922199e+01
6.817827380205283561e+00 8.313529117896484522e+00
6.692639205960101201e+00 2.687015314792213871e+01
6.690233030327565444e+00 2.735881777156029671e+01
1.250218783714517734e+01 1.627334931074513394e-02
6.687854474067108868e+00 2.845008591956159805e+01
6.688291671918536352e+00 2.832637085560915580e+01
7.234986659940392251e+00 6.587031813554202753e-01
6.859900821347990174e+00 5.396421720412145184e+00
6.766391757143978225e+00 1.393542791699308658e+01
6.986389801855527715e+00 1.967841524975180167e+00
6.723789785267901387e+00 2.059206308620051473e+01
6.771099163048944547e+00 1.270556336193476099e+01
6.771285302136794471e+00 1.258665645970035740e+01
6.748534932346696991e+00 1.632553336939802335e+01
6.750832687461657322e+00 1.597681159046936727e+01
8.954997195615877814e+00 8.153805349700635197e-02
6.699313325678372344e+00 2.503569313951411246e+01
6.697420300371800472e+00 2.532947757651111687e+01
9.871212852854345243e+00 5.273152751459304205e-02
6.839794677302155179e+00 6.568787406042038590e+00
8.585749553545252155e+00 1.010876460488209228e-01
7.024901287801057492e+00 1.594016785935674418e+00
6.827432566252378265e+00 7.297787028215232397e+00
7.592595772500139617e+00 2.721812494560799101e-01
6.931234854371062681e+00 3.124337284724435726e+00
9.622266167323255459e+00 5.389189194031393515e-02
6.786633234910534718e+00 1.106108889980932730e+01
1.251208794856849771e+01 1.619534525636067215e-02
6.728552898673846983e+00 1.992189250689911262e+01
1.243343350807395886e+01 1.680466847470943326e-02
6.831763485870982144e+00 6.865505374466533084e+00
6.827209433141021577e+00 7.313565947470559436e+00
6.748814228049332620e+00 1.610943047009984852e+01
6.748657458932146191e+00 1.621748230151610315e+01
6.743034216127966829e+00 1.688863997604931200e+01
6.748657458932146191e+00 1.621748230151610315e+01
7.121393522775151474e+00 9.834970562880387401e-01
6.927869892669777485e+00 3.171175652776492271e+00
9.580866338212334909e+00 5.473820013337801077e-02
6.735896843462437111e+00 1.870069830484561280e+01
6.737772555358438886e+00 1.859633256404811164e+01
6.856392395172098198e+00 5.516862155153726022e+00
6.843333634342744887e+00 6.454387185280671346e+00
7.027217625946905244e+00 1.451020235436388139e+00
7.385057883251720412e+00 4.178084763395269463e-01
7.003465347909538785e+00 1.763034742471098371e+00
6.718280593211302332e+00 2.139452686482643173e+01
6.719040051400181568e+00 2.131591469138062322e+01
7.191846970617910451e+00 7.270981319474841831e-01
1.123118728574161906e+01 2.557762024771781037e-02
6.715347718153966916e+00 2.185783130396734464e+01
6.717453940044015859e+00 2.149483054928616355e+01
6.958589019594686675e+00 2.483570691178294876e+00
6.729695579413607298e+00 1.974039107917676006e+01
8.917089945318087629e+00 8.185281283367586147e-02
7.105499479373884597e+00 1.017384830278947661e+00
6.973006619804908546e+00 2.230251086316411779e+00
1.046069397390912670e+01 3.527736919917714986e-02
6.818876166847802622e+00 8.215215810287922693e+00
6.925392266798477969e+00 3.243802660608505750e+00
9.650296730780977938e+00 5.315898034789418719e-02
7.244219195824189050e+00 5.814911171280263691e-01
6.990385878176382128e+00 1.925910272630002584e+00
7.414359625365714912e+00 3.851767842322492141e-01
6.828044877134034962e+00 7.201999164014281085e+00
6.824437143708441234e+00 7.832688314935455587e+00
6.721674371110680113e+00 2.086194651425198643e+01
6.868627368176753123e+00 5.102656119291621550e+00
6.938541750462430713e+00 2.912315013957670118e+00
6.894234025787268294e+00 4.124826949744086590e+00
1.121683513940671340e+01 2.607066820250589223e-02
8.521771053134498786e+00 1.021935359773295110e-01
6.741728055805433328e+00 1.755915474546143429e+01
6.773777702791559996e+00 1.222653351697986146e+01
6.774718072455190310e+00 1.213310923113880690e+01
6.882111530694437818e+00 4.643717540766327367e+00
6.711455705955282625e+00 2.261247696485649072e+01
6.911377221934764670e+00 3.707847870260042367e+00
8.745567771231689491e+00 9.164741498280762344e-02
6.797723705240303893e+00 9.792067761604720033e+00
6.787067464602406730e+00 1.099822846432818046e+01
6.874250513516788175e+00 5.064279224209083274e+00
6.702748994522091053e+00 2.430969794397430306e+01
6.723080276805016631e+00 2.061597225411931333e+01
6.712425579118081131e+00 2.230921290651344435e+01
6.722783108467336177e+00 2.080220942822612784e+01
6.702869201734718452e+00 2.421657928620465583e+01
6.702869201734718452e+00 2.421657928620465583e+01
6.699428570990388465e+00 2.494257448174446523e+01
6.698482179254514612e+00 2.521719172723745217e+01
6.698596253335506567e+00 2.512407306946780494e+01
7.512148945926231391e+00 3.131753368433506934e-01
6.866571914527009213e+00 5.165630399746991230e+00
6.832488535339283686e+00 6.785762012771098917e+00
6.857351435774978299e+00 5.456139578896238795e+00
6.825137052877011890e+00 7.402880577076040858e+00
8.385409935825231642e+00 1.117369618365454814e-01
6.819922897977181542e+00 8.189819099162848559e+00
7.562754694485658291e+00 2.844847203746376785e-01
6.774896514773981693e+00 1.206167762025243206e+01
6.969332286884198702e+00 2.300103786074573442e+00
6.763215699547830084e+00 1.427100851420415495e+01
6.764574408328365429e+00 1.418262451952333159e+01
6.762594742525374514e+00 1.450922687199246397e+01
6.751966318806448264e+00 1.569444433598452804e+01
6.750072567648084387e+00 1.606598975443183264e+01
6.860316087661211704e+00 5.339115883149925246e+00
6.863118800803970743e+00 5.250745060642231898e+00
6.715347718153966916e+00 2.185783130396734464e+01
6.707018350333457057e+00 2.345475393159050270e+01
6.698926099010035884e+00 2.505959959068826493e+01
6.698348328972379306e+00 2.526974278074508362e+01
7.065369609749145852e+00 1.212057683713781753e+00
6.711455705955282625e+00 2.261247696485649072e+01
7.173839844658340681e+00 7.589090863260141706e-01
7.060809046012678003e+00 1.271527741897631181e+00
7.148458080949222193e+00 8.549432668529246548e-01
6.791213062171741477e+00 1.076390609101803264e+01
6.791574228471767505e+00 1.067750386931777307e+01
6.906615345779004933e+00 3.839840765775050624e+00
6.720861098655151800e+00 2.089562353740420875e+01
8.012442258831852016e+00 1.632259853736525712e-01
6.918877367039998560e+00 3.500383314258915135e+00
8.635741538163708597e+00 9.384511939895863464e-02
1.128183868395805867e+01 2.536071390667443345e-02
6.772395336369889662e+00 1.230949845774409468e+01
6.772991385147261845e+00 1.226684287789918670e+01
6.839179693284576977e+00 6.649235187307772854e+00
6.770439135379938023e+00 1.306228913498563671e+01
6.985795134901792380e+00 2.038830605963983356e+00
6.770271059560343474e+00 1.313372062855294331e+01
6.769808171550885767e+00 1.321717549912699852e+01
6.978942763657946635e+00 2.143200575361837501e+00
6.916224390908985775e+00 3.648456968455947802e+00
6.791574228471767505e+00 1.067750386931777307e+01
6.792958667260939443e+00 1.059671821618876209e+01
6.851813013511616646e+00 6.080231244067429763e+00
6.728552898673846983e+00 1.992189250689911262e+01
7.979367571567530071e+00 1.637992496697097122e-01
6.700539627528452336e+00 2.475361853323635586e+01
6.920418472225033923e+00 3.441867289042146005e+00
7.025798791325966519e+00 1.513778068584281211e+00
8.358121313569395028e+00 1.125405488093976225e-01
9.063914095410854799e+00 7.310235928324877730e-02
6.746223607926878252e+00 1.639424820324531495e+01
6.832488535339283686e+00 6.785762012771098917e+00
6.745072938511125216e+00 1.675028897494166813e+01
7.834938437780601284e+00 1.961649019514309367e-01
6.955536345391521102e+00 2.594628515898780297e+00
6.718945367281696335e+00 2.139361181160297676e+01
6.754746367667621598e+00 1.543827104180831711e+01
6.754974892086340610e+00 1.535886440070058256e+01
6.753461420168113349e+00 1.552665442387068495e+01
6.751744165423138710e+00 1.577385097709225903e+01
6.751966318806448264e+00 1.569444433598452804e+01
6.762792918540078801e+00 1.442982088465803869e+01
6.743034216127966829e+00 1.688863997604931200e+01
6.742845098417825866e+00 1.696804635774858028e+01
7.161391984116697529e+00 7.973227020199173953e-01
6.766168888151220528e+00 1.401483416794607528e+01
8.445949799178835704e+00 1.113071759589625426e-01
8.275542193615192943e+00 1.213431395327736612e-01
9.954359066704366654e+00 4.514714961679855421e-02
7.156758530679861785e+00 8.115020385692535143e-01
6.701653454658921483e+00 2.467743376065562444e+01
6.955612843109939547e+00 2.543284335353500403e+00
6.719040051400181568e+00 2.131591469138062322e+01
6.888080317358049598e+00 4.343738488326192027e+00
6.950047032795367841e+00 2.672363049813534452e+00
1.117095975075870484e+01 2.648128356028526045e-02
8.467810632165145179e+00 1.103602800274759432e-01
6.823729017735749913e+00 8.056338562859066244e+00
6.916755480722875049e+00 3.573740000500430725e+00
6.926815405209733711e+00 3.243789618108185113e+00
6.820525883306257420e+00 8.125876489181113271e+00
6.923231155185924024e+00 3.369855775249227747e+00
6.922333607654175935e+00 3.414846739071724535e+00
7.533323395647005150e+00 2.989182247320034680e-01
6.971965930468200234e+00 2.273663301730062258e+00
6.811012244244798453e+00 8.515421545064873143e+00
6.916490773999894870e+00 3.574360321852658728e+00
6.909287726541185393e+00 3.780110601807056270e+00
8.074445974940619664e+00 1.526394785169624679e-01
7.940184740918119211e+00 1.748283215700458804e-01
6.780915788148839773e+00 1.160788936094636092e+01
6.778359432005274243e+00 1.177354698405206435e+01
6.776616846781036152e+00 1.191761235713537204e+01
6.778173560790500929e+00 1.184497859493843741e+01
6.775999032531898614e+00 1.204392242033674343e+01
7.046270781282002460e+00 1.365979710852611051e+00
8.339043481464425867e+00 1.202299801140832292e-01
8.149523633821239343e+00 1.418786876751397807e-01
6.768606846004069588e+00 1.380673434901999919e+01
8.213113929654635825e+00 1.313994486682841523e-01
7.920153443944856875e+00 1.753971708008343344e-01
7.209779486170344143e+00 6.819129309859677246e-01
8.551869482100952879e+00 1.016538225583323019e-01
6.856332762976069084e+00 5.589879121159318842e+00
6.960928317373074492e+00 2.423869827545237499e+00
7.960941285123591449e+00 1.642018301202649300e-01
6.758808185615307274e+00 1.513063836713086729e+01
7.709577344050197567e+00 2.251654511036153550e-01
6.985542482924610219e+00 2.051041595239718518e+00
8.664951463587792446e+00 9.288947927755043799e-02
6.778173560790500929e+00 1.184497859493843741e+01
6.776434730853301502e+00 1.198904396802174688e+01
6.776616846781036152e+00 1.191761235713537204e+01
6.774718072455190310e+00 1.213310923113880690e+01
6.770271059560343474e+00 1.313372062855294331e+01
6.770439135379938023e+00 1.306228913498563671e+01
6.994611393125016008e+00 1.817693784991340600e+00
7.693628539092983054e+00 2.362713251763967071e-01
8.826590386890774909e+00 8.311301907355460317e-02
8.183878748291157024e+00 1.320568520872623941e-01
7.018971341911937500e+00 1.616244008298687307e+00
7.049594339529689613e+00 1.324121778233277480e+00
6.840966501551226209e+00 6.535878353734190682e+00
6.946605837583902598e+00 2.736427865203976850e+00
8.808150188900647493e+00 8.386007437313286461e-02
9.997165428299668477e+00 4.412279004239763602e-02
7.002503070486511660e+00 1.809885925554695074e+00
9.990211765533036470e+00 4.478054670191802117e-02
7.802641492192966766e+00 1.967810639793276806e-01
7.270770271004222352e+00 5.534296549253645559e-01
6.849950671515471434e+00 6.164504687976248398e+00
8.692743945450946086e+00 9.254887946840079094e-02
7.012788389797460553e+00 1.645354283146146956e+00
6.942670617864187932e+00 2.790869579398203904e+00
6.964532963354802320e+00 2.373801567197135753e+00
8.787920008947271100e+00 9.127209232645765169e-02
6.803930793659374032e+00 9.090865440250771812e+00
6.733031947012098506e+00 1.941366715161357348e+01
7.288506854760562703e+00 5.244937705584180598e-01
7.065325141977713663e+00 1.261005843808971960e+00
7.492266417896622066e+00 3.274444961690497480e-01
6.993706191292032415e+00 1.867735081365465621e+00
9.130593427126028061e+00 7.194520784418237391e-02
8.128104380567082288e+00 1.424528996866265829e-01
1.050224605293842117e+01 3.514952049332562001e-02
6.698596253335506567e+00 2.512407306946780494e+01
7.025798791325966519e+00 1.513778068584281211e+00
6.701827827126743742e+00 2.462713886009937525e+01
6.957426409357561958e+00 2.519753240822620199e+00
7.094648658280648057e+00 1.086704324791977871e+00
1.003330968672570656e+01 4.380462514359388659e-02
6.940814083146782387e+00 2.887890925719283963e+00
7.900155582839168744e+00 1.853628257339292040e-01
6.909287726541185393e+00 3.780110601807056270e+00
6.906615345779004933e+00 3.839840765775050624e+00
8.168887249384416904e+00 1.323525442996676127e-01
7.461070652888746935e+00 3.580092630512088370e-01
6.941311422110811868e+00 2.852599768363098587e+00
6.863360425842197188e+00 5.222092027311437512e+00
9.033328074193924806e+00 7.342951785745173432e-02
6.853651399462365568e+00 5.988640739300568505e+00
6.787067464602406730e+00 1.099822846432818046e+01
6.992702978274146552e+00 1.880563601679393404e+00
6.757257479546731282e+00 1.514041335046953485e+01
8.093665744838304477e+00 1.429819781844177129e-01
9.084392472595506973e+00 7.276683489531513005e-02
6.823468499774183016e+00 8.068682751111854401e+00
7.223283805956389081e+00 6.724774253614717034e-01
7.257386430417173351e+00 5.810300820907497998e-01
7.033936469150990689e+00 1.421909483141333475e+00
6.759650928175348739e+00 1.488344703976121686e+01
6.821668786739742529e+00 8.116059826997714666e+00
6.747511979001568072e+00 1.633451005780781884e+01
6.747225927437451531e+00 1.638527188337327090e+01
6.865736564947211740e+00 5.191027110872064476e+00
6.722783108467336177e+00 2.080220942822612784e+01
9.317478105895286689e+00 6.347458273167513876e-02
6.697774890972992168e+00 2.530557157334197171e+01
7.337581665000101339e+00 4.762591401593953000e-01
6.693216245328291514e+00 2.686819695847391998e+01
6.695373932326744715e+00 2.620194427035299256e+01
6.919632695764478036e+00 3.492342713176884050e+00
6.687035718702801113e+00 2.868936502762046459e+01
6.691614855698324149e+00 2.699582295838504820e+01
7.551007442985521401e+00 2.985214975631864665e-01
6.861945700169818529e+00 5.309620263780741922e+00
6.944741242204283793e+00 2.790671369489691855e+00
8.728312519627907662e+00 9.182434543353719392e-02
7.637908728267325031e+00 2.499030311945102945e-01
6.854464618237400941e+00 5.975137929218661270e+00
6.696403043813920597e+00 2.548233059392826760e+01
7.180712045232810148e+00 7.394883382947352590e-01
6.968946231666094171e+00 2.359489567816818845e+00
8.953894951365050758e+00 8.178041486021569995e-02
6.982515537439534015e+00 2.106114529013086489e+00
6.686291352565678636e+00 2.874910339690743655e+01
8.853621345378831720e+00 8.250152721976285186e-02
7.471203315173171156e+00 3.418644645428663420e-01
9.271772255286601094e+00 6.451496483816938909e-02
6.688488587070337665e+00 2.826858880176997957e+01
6.691400634987705764e+00 2.705360538699672190e+01
6.693419930833472087e+00 2.681041503071850585e+01
6.688291671918536352e+00 2.832637085560915580e+01
6.687854474067108868e+00 2.845008591956159805e+01
6.693855278380686613e+00 2.644317946375473483e+01
6.913913684640761836e+00 3.692994019083603252e+00
8.890286919622186090e+00 8.245969184602322533e-02
6.946605837583902598e+00 2.736427865203976850e+00
7.277397788343624718e+00 5.444133023118826742e-01
7.348099012268599850e+00 4.562698347140178301e-01
8.707411799087367399e+00 9.216685305507922588e-02
7.145829777345867662e+00 8.819486983281668024e-01
7.357778480312368252e+00 4.513324786340040529e-01
6.963616017543854397e+00 2.418380496603602658e+00
6.776434730853301502e+00 1.198904396802174688e+01
6.976337929812546967e+00 2.180197988695566913e+00
8.108444347261299257e+00 1.427881949548788498e-01
8.052251148949054027e+00 1.532421696617143059e-01
6.848482658397992751e+00 6.198827122524953381e+00
8.567687975878346407e+00 1.012807536091452215e-01
6.741598936991310964e+00 1.786484718913149194e+01
7.078385036632277583e+00 1.149247344981517704e+00
8.027732924309356477e+00 1.535660646949066066e-01
7.317053498379385346e+00 4.959033843329017088e-01
7.621885654836049184e+00 2.649035741067907734e-01
6.717453940044015859e+00 2.149483054928616355e+01
6.717022451482298706e+00 2.154738324463786370e+01
6.698482179254514612e+00 2.521719172723745217e+01
7.044731537528813092e+00 1.391197310727990466e+00
8.415887206952438859e+00 1.113972415581463843e-01
9.304257454678692696e+00 6.403064085193482802e-02
7.447064807366198913e+00 3.677469313368921799e-01
6.884805867730730000e+00 4.633952058810364427e+00
6.791213062171741477e+00 1.076390609101803264e+01
6.931124027434456991e+00 3.143079003978785479e+00
7.124350602037625713e+00 9.393440124709383499e-01
7.326264921612025915e+00 4.829830306113878646e-01
7.847214144576538430e+00 1.862465943692517278e-01
9.284601091415177976e+00 6.409845458083984759e-02
6.713545688846733306e+00 2.216612584120479568e+01
6.719925981860742858e+00 2.094559166433265673e+01
6.798444720780085326e+00 9.648008919282261786e+00
6.798444720780085326e+00 9.648008919282261786e+00
7.650660249242105415e+00 2.497340870619237929e-01
6.751198010355424550e+00 1.594896265756047349e+01
6.753461420168113349e+00 1.552665442387068495e+01
6.754227184895768232e+00 1.547668629694223519e+01
6.759389548079471233e+00 1.493420836120079720e+01
6.756506987375204609e+00 1.519038147739798106e+01
7.068495920788427256e+00 1.176928221358039428e+00
8.491977930811941633e+00 1.030774541015541668e-01
6.890638981602625890e+00 4.296514776176259431e+00
7.371408028806341051e+00 4.371842371653001380e-01
8.315864819740921732e+00 1.204958297654137450e-01
7.435717343741750973e+00 3.703799018679425625e-01
6.701653454658921483e+00 2.467743376065562444e+01
6.850134986352055755e+00 6.119130682958013878e+00
6.843204713180297105e+00 6.499761098990909147e+00
8.307053540212056220e+00 1.206901342771872915e-01
7.677723805409383040e+00 2.462322130687148725e-01
7.749692568230678091e+00 2.127915187070980041e-01
9.554647939959007630e+00 5.486859328764487342e-02
6.767210933354454561e+00 1.389511855607376134e+01
6.767783701571315369e+00 1.384704370993932443e+01
9.155685392760409158e+00 7.188846005011829965e-02
6.953835754402307501e+00 2.633476994412464300e+00
6.851989490811643435e+00 6.034857330357191962e+00
7.420525258479484521e+00 3.766484227226212789e-01
7.003465347909538785e+00 1.763034742471098371e+00
6.704724834317507209e+00 2.397534515471323857e+01
6.915353164319139267e+00 3.656124224033904468e+00
7.043915331160375715e+00 1.414711670798049825e+00
7.487881863681518091e+00 3.410134119263431574e-01
8.418467293236542304e+00 1.113634292170811446e-01
7.305071813586033080e+00 5.212287756841167408e-01
7.081984825989350973e+00 1.133529814798170943e+00
6.871574390060908755e+00 5.077180815065669428e+00
9.103637429943656656e+00 7.247388562347704954e-02
7.082262886433126070e+00 1.108085460714670401e+00
7.049594339529689613e+00 1.324121778233277480e+00
8.647812428024153064e+00 9.362300399031395215e-02
6.689354697875259603e+00 2.767580547797282975e+01
6.688892476641022711e+00 2.772181232695475472e+01
7.668332163821550473e+00 2.464835749399025555e-01
6.854648371798758966e+00 5.929764015508423469e+00
6.851989490811643435e+00 6.034857330357191962e+00
7.886005899745264891e+00 1.856301108624596741e-01
6.825137052877011890e+00 7.402880577076040858e+00
6.825042555353976859e+00 7.448254398915166163e+00
6.750072567648084387e+00 1.606598975443183264e+01
6.748814228049332620e+00 1.610943047009984852e+01
8.490046767990888199e+00 1.031627114804421902e-01
7.775911045329089610e+00 2.089492813804202931e-01
7.756588589735818218e+00 2.127769143943282204e-01
6.953338571593171480e+00 2.669252426539548750e+00
7.100507584662037353e+00 1.051090445853901656e+00
7.134161906165672029e+00 9.101446303089841816e-01
7.126378162392735582e+00 9.392504423928532686e-01
7.307840156394160402e+00 5.075503723367819076e-01
6.836455751270334780e+00 6.655317999946937846e+00
8.258149780285302555e+00 1.218294695655411097e-01
8.230140185115523366e+00 1.312225795319573729e-01
7.792102249809272685e+00 1.969201374419989881e-01
7.075353556301712921e+00 1.176814092276962764e+00
7.138772281446377654e+00 8.962297624023685128e-01
8.852843302581060669e+00 8.307284697266656415e-02
9.114181951037162221e+00 7.243369947707763157e-02
8.890286919622186090e+00 8.245969184602322533e-02
6.982515537439534015e+00 2.106114529013086489e+00
6.809930392600758609e+00 8.555878187018079117e+00
6.771521171611254886e+00 1.234980781866341992e+01
6.767783701571315369e+00 1.384704370993932443e+01
6.767210933354454561e+00 1.389511855607376134e+01
7.100507584662037353e+00 1.051090445853901656e+00
6.773777702791559996e+00 1.222653351697986146e+01
6.850283393240190755e+00 6.114553851764490844e+00
6.954578481000593726e+00 2.622275612628266028e+00
6.976337929812546967e+00 2.180197988695566913e+00
7.090538687445013366e+00 1.099776127307486417e+00
7.377900002490582310e+00 4.321661628615636741e-01
7.621885654836049184e+00 2.649035741067907734e-01
9.342494205133215601e+00 6.284992886003026857e-02
6.843010746124958743e+00 6.504337476754384006e+00
7.871590867691192983e+00 1.859473403385905610e-01
8.787920008947271100e+00 9.127209232645765169e-02
6.754227184895768232e+00 1.547668629694223519e+01
6.754746367667621598e+00 1.543827104180831711e+01
7.731844185027241245e+00 2.238243343039617583e-01
6.811803233075649722e+00 8.483245647511001408e+00
