2.206410060943781914e+01 3.940844146283603924e-03
inf 3.789715676392586829e-03
-2.077629191478929549e+00 3.884599742849834314e+01
-1.629804143384229853e+00 2.674236717676061303e+01
-1.553395744279010504e+00 2.389770683099277448e+01
-1.577172161206915613e+00 2.545301364693241197e+01
-1.275550578599044194e+00 1.747523079875155361e+01
-1.245233497371972753e+00 1.636718708480477247e+01
-1.935106373520639966e+00 3.351344310146541261e+01
-1.603151218308439985e+00 2.568468702717734331e+01
-2.034298567773927147e+00 3.572002170710631930e+01
-2.035178407086292829e+00 3.669079138349776059e+01
-1.956987917423392620e+00 3.444324298144573504e+01
-2.046884566674943340e+00 3.700221145257425093e+01
-1.532668022465532243e+00 2.382968655365818833e+01
-1.464224393206870145e+00 2.128812185801770340e+01
-1.778701610873600236e+00 3.000319228123265702e+01
-1.186343808891771934e+00 1.488327382625447548e+01
-2.050020369562860711e+00 3.782598700373578282e+01
-1.526753028337053175e+00 2.298284458423143661e+01
-1.968429335419998205e+00 3.507997491519021338e+01
-1.711682345340967748e+00 2.873196474228941000e+01
-1.810082946810920079e+00 3.083782518917940152e+01
-1.650582273031833358e+00 2.735609406190675941e+01
-1.870821588803049274e+00 3.254074549198279698e+01
-1.688782772477102068e+00 2.795123975048625908e+01
-1.213292088747529585e+00 1.566064655687531726e+01
-1.132351107771597309e+00 1.378876877181779648e+01
-1.145880665533057563e+00 1.454312373758412669e+01
-1.927967733166357389e+00 3.312485446480224738e+01
-2.066435526270634426e+00 3.819499899137419874e+01
-1.365103873268411538e+00 1.907486778874996247e+01
-1.956987917423392620e+00 3.444324298144573504e+01
-1.732591367015215766e+00 2.903305142777148973e+01
-1.870972954917965447e+00 3.276390651398388343e+01
-1.468902711413176521e+00 2.185212226135703872e+01
-1.862605852132834805e+00 3.197907802443604908e+01
-1.235622741819073056e+00 1.609344705848364754e+01
-1.302153288090806882e+00 1.783369413284929550e+01
-1.319591014894743175e+00 1.835792450643792506e+01
-1.045857906946116467e+00 1.204802726460328799e+01
-6.001352772168957461e-01 5.851695079216566953e+00
-1.741763350992173942e+00 2.952717032499397121e+01
-1.370389075305515458e+00 1.942172566629146147e+01
-1.504735669082631011e+00 2.267489973431042571e+01
-1.489469568512448605e+00 2.231740410593427981e+01
-1.440084094510560631e+00 2.096615030216962339e+01
-1.427544945550783817e+00 2.056816344304147037e+01
-4.927799409623568883e-01 4.528666158657115304e+00
-1.087082969787660058e+00 1.349971919242797824e+01
-1.472361198956005035e+00 2.200565276751570565e+01
-1.064240275580835338e+00 1.225762612709769073e+01
-1.065906648280792846e+00 1.262027932529220209e+01
-4.990372382802453766e-01 4.890995471737124234e+00
-1.294150847959861572e+00 1.783119559275712263e+01
-9.660437081623171052e-01 1.055414722049766318e+01
-5.958379926404718807e-01 5.505790284234532095e+00
-1.335703680437015928e+00 1.873868628292203553e+01
-2.007889081984113755e+00 3.556572195794371538e+01
-9.700225278902011583e-01 1.087997572431781279e+01
-1.440084094510560631e+00 2.096615030216962339e+01
-1.395383690925099618e+00 1.987716147397173216e+01
-1.045444053134383822e+00 1.173540067514658247e+01
-1.474710900425183713e+00 2.223214925577425305e+01
-2.042932010558609068e+00 3.689840476288208748e+01
-1.510352926023044162e+00 2.276338131786582863e+01
-1.815793233451784561e+00 3.097331558578251176e+01
-8.308049712847376256e-01 8.582618685069139275e+00
-1.085085047676551673e+00 1.320551667271699969e+01
-1.233476810356420872e+00 1.582860715968959653e+01
-8.290437829293303418e-01 8.302483421015011800e+00
-1.020649886719785959e+00 1.132181752298066968e+01
-1.829973997259088270e+00 3.153386528285850332e+01
-1.426905206818129823e+00 2.038063116785279760e+01
-1.072066303993668868e+00 1.292983943366635735e+01
-1.394013732098160929e+00 1.974226832571778090e+01
-1.748913175924771801e+00 2.983433718847511429e+01
-1.526753028337053175e+00 2.298284458423143661e+01
-1.665994692765035090e+00 2.771919188943506995e+01
-1.406031371891702353e+00 2.006049846793755620e+01
-1.067807506382042249e+00 1.271425902357674254e+01
-1.371881898548586776e+00 1.956787153478422425e+01
-8.571111759174542266e-01 8.959242028746986719e+00
-6.033331102545077540e-01 6.002765812719490057e+00
-1.829430655748612189e+00 3.141210453137902192e+01
-1.321951839448442190e+00 1.856800496034986736e+01
-1.319591014894743175e+00 1.835792450643792506e+01
-1.021012728299447891e+00 1.140606995202599805e+01
-1.049496419339648545e+00 1.225461435299176216e+01
-2.035178407086292829e+00 3.669079138349776059e+01
-7.494207770178125116e-01 7.328948389812348196e+00
-1.978782748733184826e+00 3.528534724607375495e+01
-1.045444053134383822e+00 1.173540067514658247e+01
-1.025414475659409019e+00 1.153153485221547392e+01
-7.177559557805365253e-01 6.634774139933840686e+00
-4.269312524702622014e-01 4.004951884429603481e+00
-4.298527968541839828e-01 4.206079267809248456e+00
-3.055605441989832638e-01 3.350893736506856957e+00
-7.238205796915710977e-01 6.827640133734453443e+00
-9.189555183483804068e-01 9.866006337112278146e+00
-9.209190589494877788e-01 1.005876642307528535e+01
-6.478418772746946663e-01 6.348595253194192267e+00
-1.426923642875844278e+00 2.045055110418853417e+01
-7.314818606464111861e-01 6.984739096090857302e+00
-1.658715848152500616e+00 2.753764322878916815e+01
-1.665432284736790169e+00 2.761032943543190754e+01
-1.818060445693313820e+00 3.114112373817280854e+01
-1.862605852132834805e+00 3.197907802443604908e+01
-1.856440268202393051e+00 3.179755298927705809e+01
-2.003667814946649361e+00 3.538419784998484374e+01
-1.419528187708104960e+00 2.019913302981981928e+01
-1.597277748665914210e+00 2.550318888914436855e+01
-2.671912906339803384e-01 3.082230025124209405e+00
-2.715907310255467055e-01 3.261842988354914930e+00
-9.823836580926199602e-01 1.114266685594290962e+01
-1.155841521119921778e+00 1.455229008626278286e+01
-1.321951839448442190e+00 1.856800496034986736e+01
-1.335703680437015928e+00 1.873868628292203553e+01
-8.442972815362751460e-01 8.789344859402227428e+00
-1.756782265283030497e+00 2.996718090722445638e+01
-7.680357459629776340e-01 7.723916294052958875e+00
-1.165763026614272668e+00 1.472007477252470764e+01
-6.329670385668164645e-01 6.212939136761324477e+00
3.224727028356292463e-02 2.000843944138455566e+00
-9.189555183483804068e-01 9.866006337112278146e+00
-9.109691362827463390e-01 9.705389920969601292e+00
-3.173993082402469801e-01 3.510354035034162212e+00
-7.238205796915710977e-01 6.827640133734453443e+00
-7.376151743765131386e-01 7.172909017336841941e+00
-7.632666744937101067e-01 7.434035051833264518e+00
-1.468902711413176521e+00 2.185212226135703872e+01
-9.475319778791932990e-01 1.035774333913461831e+01
-1.724922379092452385e+00 2.892723129278179073e+01
-2.471208014015797705e-01 3.022528014631167270e+00
-8.227755957480480109e-02 2.515668035334027941e+00
-7.991951148576767472e-02 2.367240630393311562e+00
-1.218731770052924324e+00 1.580124006068569642e+01
-1.213292088747529585e+00 1.566064655687531726e+01
-1.097187196615330818e+00 1.362104194094230891e+01
6.038140257875802830e-02 1.881256309155594053e+00
-1.410836597583915442e+00 2.009393668061211002e+01
1.186454932308739635e-01 1.728873558008872102e+00
-9.035753313263832354e-01 9.517026834456114415e+00
-1.810082946810920079e+00 3.083782518917940152e+01
-1.719272915320613437e+00 2.879174089617868049e+01
-1.834533438866743360e+00 3.166935567946161001e+01
-7.661841571090056702e-01 7.589056130688028645e+00
-3.352838809504991580e-01 3.582968000365855499e+00
-9.787566672829197678e-01 1.102835365178953175e+01
-1.085085047676551673e+00 1.320551667271699969e+01
-1.082577881379910067e+00 1.307389827598881027e+01
-9.732533036571874296e-01 1.099428846946869776e+01
1.472001106464941866e+00 4.311116764286999636e-01
-1.025414475659409019e+00 1.153153485221547392e+01
-9.229618010181955823e-01 1.014729827388284278e+01
-8.578410148346836683e-01 9.003150859256333405e+00
-1.823362783629689954e+00 3.120089777342120740e+01
-5.785532716095507233e-01 5.364221010229968556e+00
-5.778501121112097350e-01 5.242476787521471948e+00
-8.375373755300955514e-01 8.597964748905960519e+00
-1.088232495542100775e+00 1.358586262186161697e+01
2.313823142285464096e-01 1.483699171908661185e+00
-6.182503737168961733e-01 6.107852474740408155e+00
-2.347678960727572206e-01 2.933028967080721028e+00
-1.427544945550783817e+00 2.056816344304147037e+01
-1.774677703640284709e-01 2.796588557977596423e+00
-8.073222993636183231e-01 7.963216586356182347e+00
-8.153154625195701000e-01 8.174376584516464206e+00
-8.106227833251848924e-01 8.058923656283388581e+00
-1.073960430839226987e+00 1.303194720402659712e+01
-3.896155308475952594e-01 3.800809896360934026e+00
-9.508756327505896166e-01 1.047205977075698158e+01
-9.805064363255296955e-01 1.112799839872860552e+01
-9.713360853024214370e-01 1.089972227494575385e+01
-4.456256578475331631e-01 4.406004709368916750e+00
4.468938049762777864e-01 1.100449117941484367e+00
-1.666701503948116336e+00 2.782805315871804908e+01
-1.742022146942229677e+00 2.958998671815804471e+01
-1.748195020053332049e+00 2.973959708348497344e+01
6.754606071420287128e-01 8.189637507648385162e-01
-1.668974837168154313e+00 2.789363563691079761e+01
-9.090795707838471573e-01 9.601678179280677128e+00
-8.427498794711829611e-01 8.704231563541835470e+00
-2.086798499263507467e-01 2.868414885913844969e+00
-1.731619062026272804e+00 2.894095963673589722e+01
-7.010573334479326402e-01 6.623923717184310611e+00
-1.385913252926896266e+00 1.963707066345674335e+01
-1.419528187708104960e+00 2.019913302981981928e+01
-1.104387429176127755e+00 1.372613478328707259e+01
-6.070744880021067269e-01 6.062925189857223174e+00
-7.899400573503868594e-01 7.855098507434375321e+00
-6.708541331510137207e-01 6.454357766867829582e+00
-7.625274260681131899e-01 7.379293423101007221e+00
-6.205758533337244476e-01 6.183786851461055889e+00
-7.316460314408169685e-01 7.014821141375213287e+00
-4.381573466529709582e-01 4.296180724197229850e+00
-1.340969255522334591e-01 2.694715174404557878e+00
-2.065331991259140576e+00 3.811728372214645333e+01
-1.850022520546936278e+00 3.169374629958489464e+01
-1.856440268202393051e+00 3.179755298927705809e+01
-9.093589962156994888e-01 9.623632110961876762e+00
-8.889312745846975616e-01 9.292095201191877152e+00
-1.747951753542933861e+00 2.972547711476115850e+01
-3.410050196980132786e-01 3.675021607462522155e+00
-4.080138752512687539e-01 3.873423861692627312e+00
-7.349807661526372993e-01 7.089789728363903976e+00
-1.140058286713066249e-01 2.548194390765094575e+00
-1.072765599329156716e+00 1.295935006003430701e+01
-8.597662035645793344e-01 9.082361851579667800e+00
2.384957942389343444e+00 2.070932244985718707e-01
-7.657567305119666878e-01 7.534316270111414582e+00
-4.114638934105238066e-01 3.948018227116246948e+00
2.302435131021518810e-01 1.568272003400357661e+00
1.186259250821290134e+00 5.020794601270148760e-01
1.135983375675768459e+00 5.303591106031182445e-01
-2.052418462787177322e+00 3.785207750562473450e+01
-2.003667814946649361e+00 3.538419784998484374e+01
-1.978782748733184826e+00 3.528534724607375495e+01
-9.433025752349549764e-01 1.032163052986657092e+01
-7.881335792199191115e-01 7.779138813674845387e+00
6.035032401234609045e-01 9.453716830310590069e-01
5.576471057706179346e-01 1.005658731578539022e+00
-7.757845179016811983e-03 2.181377106832249169e+00
-8.106227833251848924e-01 8.058923656283388581e+00
-4.421850219974479135e-01 4.342757399952673403e+00
-6.851278326488930981e-01 6.529362153862095397e+00
-1.065906648280792846e+00 1.262027932529220209e+01
-1.067807506382042249e+00 1.271425902357674254e+01
1.694328695724465483e-01 1.671113228839164799e+00
4.068275700877826417e-01 1.188476253358609958e+00
1.000089454354635921e+00 6.011825817414017115e-01
-4.298527968541839828e-01 4.206079267809248456e+00
-1.743489149589530607e+00 2.963603159427694678e+01
-1.824725581269215358e+00 3.132265982607020760e+01
2.790741073760536484e-01 1.379008941535535104e+00
7.819190545165102257e-01 7.543281058650566084e-01
-9.209190589494877788e-01 1.005876642307528535e+01
-2.062589406424700122e+00 3.809119230168202819e+01
-2.057867098200765632e+00 3.800279194835784580e+01
-8.017023712313499084e-01 7.884225475695763485e+00
-5.617523647658992925e-01 5.132158164709435866e+00
-7.446336146005172463e-02 2.279464487050601118e+00
-7.991951148576767472e-02 2.367240630393311562e+00
-8.442972815362751460e-01 8.789344859402227428e+00
-8.427498794711829611e-01 8.704231563541835470e+00
4.055384610371282061e-01 1.193707967442229290e+00
-1.166743113091359252e+00 1.479938425697489279e+01
-7.357782397703899191e-01 7.117892093093648676e+00
-8.696679182259529073e-01 9.104900125158291502e+00
8.331773084276113961e-01 6.875838629561700222e-01
-9.515834329116698020e-01 1.052764248694680838e+01
-8.712228063178550919e-01 9.164704468086373623e+00
-9.109691362827463390e-01 9.705389920969601292e+00
1.122921755952176193e-01 1.808264600098439256e+00
-1.166183504154413075e+00 1.477931715807496360e+01
3.624548420458137965e-01 1.272902138806451422e+00
-8.059418875567295748e-01 7.943469048513033925e+00
-2.057479073316858642e+00 3.792507637334065862e+01
-2.057867098200765632e+00 3.800279194835784580e+01
2.855378721830052063e-02 2.071269181520532410e+00
-9.367848178802058445e-01 1.025982433498958990e+01
-9.330225892866541582e-01 1.018247000803511781e+01
-1.297757653296396085e-01 2.618725640003814803e+00
-8.172116635006743124e-01 8.250334209127299090e+00
-8.153154625195701000e-01 8.174376584516464206e+00
-1.823880358201181995e+00 3.127661413477591168e+01
-6.582490166331937953e-01 6.404288861743090422e+00
-6.851278326488930981e-01 6.529362153862095397e+00
-4.098123304685889479e-01 3.904109012665835543e+00
-5.470235472404952892e-01 5.029447287894130092e+00
-5.312775008582055758e-01 5.001859777855026223e+00
-1.737232286440121565e-01 2.752930756104008836e+00
-2.057479073316858642e+00 3.792507637334065862e+01
-1.658715848152500616e+00 2.753764322878916815e+01
-3.191706206287945324e-01 3.541039186007370887e+00
-3.578243794722080762e-01 3.731582595428278637e+00
-4.771542408371418076e-01 4.504632330350533564e+00
5.190047196535392260e-01 1.042321873689963985e+00
-1.297757653296396085e-01 2.618725640003814803e+00
3.129336067836315655e-02 2.043774434653494509e+00
3.315941262065741912e-01 1.323220059735042309e+00
3.177230442482092521e+00 1.372276998741354670e-01
-3.737701807174860225e-01 3.758881082002449858e+00
-1.385913252926896266e+00 1.963707066345674335e+01
-5.296020077395060532e-01 4.955430325083244547e+00
-5.774884145736089991e-01 5.220522084522531081e+00
2.767071008090677409e-01 1.432170055814287135e+00
8.249840508141657480e+00 1.476165683735103026e-02
8.217773868846248719e-01 7.303298240066831148e-01
9.220541791507773643e-01 6.482213072607303506e-01
6.126689451080729043e-01 9.085256116592752562e-01
1.865441013884859833e+00 3.009883899868752155e-01
-8.955106137114092757e-01 9.418169671622491634e+00
-8.894651748646883460e-01 9.352259979977095128e+00
-1.666701503948116336e+00 2.782805315871804908e+01
4.407217544024657485e+00 7.068785256950045615e-02
-3.035531524067138220e-01 3.315219233578486246e+00
-8.875904493136135276e-01 9.248549886783706597e+00
-2.332148917227885587e-01 2.902434455318646300e+00
-5.136015494398441517e-01 4.932929938778436885e+00
1.529287647032264053e+00 3.752891981563653001e-01
-1.741763350992173942e+00 2.952717032499397121e+01
-1.108145644093122772e+00 1.373418797860716722e+01
2.008805340027898456e+00 2.597422298629652460e-01
-8.713366409049448924e-01 9.186658979537844161e+00
-4.520545041638460160e-02 2.238039283822514491e+00
-8.731115967333727967e-01 9.227087411717201704e+00
-9.367848178802058445e-01 1.025982433498958990e+01
-8.894651748646883460e-01 9.352259979977095128e+00
4.529525743547785366e-03 2.121310477894656099e+00
-1.719272915320613437e+00 2.879174089617868049e+01
-1.821198866328555210e+00 3.115485208212691148e+01
-2.671912906339803384e-01 3.082230025124209405e+00
-1.165763026614272668e+00 1.472007477252470764e+01
-1.705170414512934551e-01 2.723328423839520784e+00
4.845773351736630263e-01 1.077886460209555475e+00
-1.688755050796667545e+00 2.793570467072371954e+01
4.132180303468026672e+00 8.003396560395148462e-02
3.177230442482092521e+00 1.372276998741354670e-01
-4.152298304121715966e-01 4.004333467794763735e+00
-1.015995629354293078e-02 2.217116741270935609e+00
-3.559476895341890934e-01 3.686267116670757016e+00
-5.488872634273257445e-01 5.075877486681385165e+00
-5.600515701876218611e-01 5.085727965922180793e+00
3.137716362623418909e-01 1.343161093383747673e+00
-9.508756327505896166e-01 1.047205977075698158e+01
-7.841866255495211213e-01 7.757451995753865681e+00
-7.376151743765131386e-01 7.172909017336841941e+00
-7.661841571090056702e-01 7.589056130688028645e+00
-7.657567305119666878e-01 7.534316270111414582e+00
-1.132351107771597309e+00 1.378876877181779648e+01
-2.897167343103662640e-01 3.285870495919586798e+00
-5.801919912322889283e-01 5.417426364421435991e+00
-5.785532716095507233e-01 5.364221010229968556e+00
-5.942081650318514763e-01 5.452584930043064659e+00
-5.958379926404718807e-01 5.505790284234532095e+00
2.174503419320094721e+00 2.385738425145516595e-01
9.841638988428592916e-02 1.833158884819844570e+00
1.787818050320886698e+00 3.258256051687486443e-01
1.975177723660099249e-01 1.624305710652438117e+00
-8.290437829293303418e-01 8.302483421015011800e+00
-8.172116635006743124e-01 8.250334209127299090e+00
-8.997214995158369089e-01 9.465438726754081600e+00
2.750358817584314108e-01 1.447361938193319597e+00
6.733870129372495628e-01 8.625410405039930506e-01
3.624548420458137965e-01 1.272902138806451422e+00
-1.597277748665914210e+00 2.550318888914436855e+01
-6.705627517698740103e-01 6.424275491841177299e+00
-4.750010572802594866e-01 4.456052193325422905e+00
4.529525743547785366e-03 2.121310477894656099e+00
-4.750010572802594866e-01 4.456052193325422905e+00
9.602422244400581064e-02 1.860764637488910189e+00
-8.997214995158369089e-01 9.465438726754081600e+00
-8.955106137114092757e-01 9.418169671622491634e+00
9.463818782907419402e-01 6.210878726596016364e-01
1.946586979013094632e-01 1.635452953626917560e+00
-4.396116166756515731e-01 4.310824262662036332e+00
-5.757994818030818251e-01 5.174091885735276009e+00
-1.824725581269215358e+00 3.132265982607020760e+01
-1.823880358201181995e+00 3.127661413477591168e+01
