0.000000000000000000e+00 3.025061749050248915e-04 2.110139522177564885e-04 8.480743105193053492e-04 2.579249708641517466e-03
0.000000000000000000e+00 2.150356535994840277e-04 2.110139522177564885e-04 8.480743105193053492e-04 2.515591760056040856e-03
0.000000000000000000e+00 2.948291899282263367e-04 9.368815156792631882e+00 2.840161827535739647e+01 1.075269167158391381e+00
0.000000000000000000e+00 2.948291899282263367e-04 5.016482078231429220e+00 2.168569157821211135e+01 3.989869112714480165e-02
0.000000000000000000e+00 2.948291899282263367e-04 3.654282973340505780e+00 4.779234417132351531e+00 1.546389461132999088e+01
0.000000000000000000e+00 3.025061749050248915e-04 3.554200380592255737e+00 6.615469847343260490e+00 1.528304091282198840e+01
0.000000000000000000e+00 2.948291899282263367e-04 1.629322788043653825e+00 4.194894369308672211e+00 1.165071881220930017e+01
0.000000000000000000e+00 2.948291899282263367e-04 2.724964662354303346e+00 4.884055432884793824e+00 8.757872160375747228e+00
0.000000000000000000e+00 2.948291899282263367e-04 5.135886099217513490e+00 2.586021820392209136e+01 2.517043969135878800e+00
0.000000000000000000e+00 2.948291899282263367e-04 3.604241676966381203e+00 6.615506329989668366e+00 1.546464419103136478e+01
0.000000000000000000e+00 2.948291899282263367e-04 5.135886099217513490e+00 2.495272751375717490e+01 5.631113264941705054e+00
0.000000000000000000e+00 2.948291899282263367e-04 6.391869410175532451e+00 2.477129367175675867e+01 5.527333472375543622e+00
0.000000000000000000e+00 2.948291899282263367e-04 6.972781132829076967e+00 2.495299935094835675e+01 2.517167668478373255e+00
0.000000000000000000e+00 2.948291899282263367e-04 6.391869410175532451e+00 2.477129367175675867e+01 5.838753541452030404e+00
0.000000000000000000e+00 2.948291899282263367e-04 1.629322788043653825e+00 5.829465271577806362e+00 1.637060366484680074e+01
0.000000000000000000e+00 2.948291899282263367e-04 2.143554254921945734e+00 6.039853957004607032e+00 1.310441881690122123e+01
0.000000000000000000e+00 2.948291899282263367e-04 5.076184088724470911e+00 2.204872323033852766e+01 2.877990132979729943e+00
0.000000000000000000e+00 2.948291899282263367e-04 2.213805532514265373e+00 3.576594680834891626e+00 9.092578783715390855e+00
0.000000000000000000e+00 2.948291899282263367e-04 8.926995557727153141e+00 2.368260357588792075e+01 5.216093040930780411e+00
0.000000000000000000e+00 2.948291899282263367e-04 2.892589432523991810e+00 4.989282017362497434e+00 1.510067830515502152e+01
0.000000000000000000e+00 9.632457581951780687e-03 6.900182072904978092e+00 2.586049004111324123e+01 2.309670343590043640e+00
0.000000000000000000e+00 2.948291899282263367e-04 5.016482078231429220e+00 2.368217109657490838e+01 3.301673829314679537e-02
0.000000000000000000e+00 2.948291899282263367e-04 5.135886099217513490e+00 2.350074240949332349e+01 2.200901851278635579e+00
0.000000000000000000e+00 2.948291899282263367e-04 6.900167167497385456e+00 2.041552418142568825e+01 4.010788379376054036e-02
0.000000000000000000e+00 2.948291899282263367e-04 6.900167167497385456e+00 2.005252790535972451e+01 5.587755589935760270e+00
0.000000000000000000e+00 2.948291899282263367e-04 5.135886099217513490e+00 2.277474985736139246e+01 4.030896471742687059e-02
0.000000000000000000e+00 2.948291899282263367e-04 2.143554254921945734e+00 3.753255860552726642e+00 9.763541612210717702e+00
0.000000000000000000e+00 2.948291899282263367e-04 2.850683239981569805e+00 5.199421715997999627e+00 5.738368986648297643e+00
0.000000000000000000e+00 2.948291899282263367e-04 1.600240900837076818e+00 4.018127757785428855e+00 8.924460249771692943e+00
0.000000000000000000e+00 2.948291899282263367e-04 5.135886099217513490e+00 2.495272751375717490e+01 3.035946022637634023e+00
0.000000000000000000e+00 2.948291899282263367e-04 9.192087317166439675e+00 2.368264473396413550e+01 5.319972111053691499e+00
0.000000000000000000e+00 2.948291899282263367e-04 2.108428616125785915e+00 6.039812870115587984e+00 1.092633147331865828e+01
0.000000000000000000e+00 2.948291899282263367e-04 6.972781132829076967e+00 2.495299935094835675e+01 2.517167668478373255e+00
0.000000000000000000e+00 2.948291899282263367e-04 5.135886099217513490e+00 2.386373868555928368e+01 3.313181380476477866e-02
0.000000000000000000e+00 2.948291899282263367e-04 4.897078057245345839e+00 2.295610383783233388e+01 4.910429789716271642e+00
0.000000000000000000e+00 2.948291899282263367e-04 1.571159013630500034e+00 4.636635549420834224e+00 1.564403286911577773e+01
0.000000000000000000e+00 2.948291899282263367e-04 6.972781132829076967e+00 2.331951610865152347e+01 1.686485953765518353e+00
0.000000000000000000e+00 2.948291899282263367e-04 2.178679893718105554e+00 4.989027453814792068e+00 8.925444881760823179e+00
0.000000000000000000e+00 2.948291899282263367e-04 1.629322788043653825e+00 4.371622208934863529e+00 1.183245430668084985e+01
0.000000000000000000e+00 2.948291899282263367e-04 2.766870854896725795e+00 3.576688713895129101e+00 1.201407010845614387e+01
0.000000000000000000e+00 2.948291899282263367e-04 1.176524067355115610e+00 2.158268115238776819e+00 8.712940252819466380e+00
0.000000000000000000e+00 2.948291899282263367e-04 1.104529221779995352e+00 2.416025957694804216e+00 2.330845070551838649e+00
0.000000000000000000e+00 2.948291899282263367e-04 6.900167167497385456e+00 2.259350183782146360e+01 3.320649048519419555e-02
0.000000000000000000e+00 2.948291899282263367e-04 2.178679893718105554e+00 5.409374101898448473e+00 1.183337684148497893e+01
0.000000000000000000e+00 2.948291899282263367e-04 1.658404675250230165e+00 4.283296196298908676e+00 1.673290403357135858e+01
0.000000000000000000e+00 2.948291899282263367e-04 2.934495625066413815e+00 4.463881445466448383e+00 1.491873220621148732e+01
0.000000000000000000e+00 2.948291899282263367e-04 2.108428616125785915e+00 5.934726208094670774e+00 1.292270064875923730e+01
0.000000000000000000e+00 2.948291899282263367e-04 2.808777047439147800e+00 5.199387193719123168e+00 1.255970437269327178e+01
0.000000000000000000e+00 2.948291899282263367e-04 2.110139522177564885e-04 1.226356983450667792e+00 3.301803332064301877e+00
0.000000000000000000e+00 2.948291899282263367e-04 2.473918842897905035e-01 1.514732288816424743e+00 1.173730019013183501e+01
0.000000000000000000e+00 2.948291899282263367e-04 2.073302977329625651e+00 4.106641617589705362e+00 1.582541334340644568e+01
0.000000000000000000e+00 2.948291899282263367e-04 1.152525785496742117e+00 3.011238527244400665e+00 8.093566985166619432e+00
0.000000000000000000e+00 2.948291899282263367e-04 6.022039085321345686e-01 2.008601886544810977e+00 1.000917870102532881e+01
0.000000000000000000e+00 2.948291899282263367e-04 8.368872473997525097e-01 1.095613300209005381e+00 2.958200094938437719e+00
0.000000000000000000e+00 2.948291899282263367e-04 2.073302977329625651e+00 4.106641617589705362e+00 1.165095616864786443e+01
0.000000000000000000e+00 2.948291899282263367e-04 1.600240900837076818e+00 4.459947356850906708e+00 4.493664133619751588e+00
0.000000000000000000e+00 2.948291899282263367e-04 5.520555564723521602e-01 1.023422465310445340e+00 3.930017433261806303e+00
0.000000000000000000e+00 2.948291899282263367e-04 2.073302977329625651e+00 4.106641617589705362e+00 1.255844685881277734e+01
0.000000000000000000e+00 2.948291899282263367e-04 4.956780067738387530e+00 2.622310833911348027e+01 4.385538721901922621e+00
0.000000000000000000e+00 2.948291899282263367e-04 2.814481597841760052e-02 1.515318083510985625e+00 9.336217995638481426e+00
0.000000000000000000e+00 2.948291899282263367e-04 2.108428616125785915e+00 5.934726208094670774e+00 1.292270064875923730e+01
0.000000000000000000e+00 2.948291899282263367e-04 2.108428616125785915e+00 5.934726208094670774e+00 1.183371182056134607e+01
0.000000000000000000e+00 2.948291899282263367e-04 1.176524067355115610e+00 2.177311332930400134e+00 8.381270445671137992e+00
0.000000000000000000e+00 2.948291899282263367e-04 2.808777047439147800e+00 6.862720753795209738e+00 1.256035662534996611e+01
0.000000000000000000e+00 2.948291899282263367e-04 6.391869410175532451e+00 2.477129367175675867e+01 5.734946851759869624e+00
0.000000000000000000e+00 2.948291899282263367e-04 1.658404675250230165e+00 4.371660116112004779e+00 1.673302169731366718e+01
0.000000000000000000e+00 2.948291899282263367e-04 5.135886099217513490e+00 2.350074240949332349e+01 2.336392247881746265e+00
0.000000000000000000e+00 2.948291899282263367e-04 3.744782382940554238e-02 1.034477719369973236e+00 7.510398312679832600e+00
0.000000000000000000e+00 2.948291899282263367e-04 2.968076369923570157e-01 1.891112937942512895e+00 1.101730126859220249e+01
0.000000000000000000e+00 2.948291899282263367e-04 2.143554254921945734e+00 3.753255860552726642e+00 9.931502215024995195e+00
0.000000000000000000e+00 2.948291899282263367e-04 9.538800276441742818e-03 1.202385658661637269e+00 7.090264132887003967e+00
0.000000000000000000e+00 2.948291899282263367e-04 8.966288555366171975e-01 2.475695516766271087e+00 7.949198321487853214e+00
0.000000000000000000e+00 2.948291899282263367e-04 5.016482078231429220e+00 2.404516737264087212e+01 2.471921002796275690e+00
0.000000000000000000e+00 2.948291899282263367e-04 2.143554254921945734e+00 6.039853957004607032e+00 1.219692812673631543e+01
0.000000000000000000e+00 2.948291899282263367e-04 3.091615751679987478e-01 1.891154565941342014e+00 1.072922846336708780e+01
0.000000000000000000e+00 2.948291899282263367e-04 1.658404675250230165e+00 6.249857000716274591e+00 1.183371182056134607e+01
0.000000000000000000e+00 2.948291899282263367e-04 6.754939236833998883e+00 2.277495297344880498e+01 3.041501490023804655e-01
0.000000000000000000e+00 2.948291899282263367e-04 2.892589432523991810e+00 4.989282017362497434e+00 1.510067830515502152e+01
0.000000000000000000e+00 2.948291899282263367e-04 6.900167167497385456e+00 2.077852045749165200e+01 4.020943525610445185e-02
0.000000000000000000e+00 2.948291899282263367e-04 2.683058469811881785e+00 5.724711456298368972e+00 1.165243371263737515e+01
0.000000000000000000e+00 2.948291899282263367e-04 6.022039085321345686e-01 1.958560590170685511e+00 1.015319969568399472e+01
0.000000000000000000e+00 2.948291899282263367e-04 3.604241676966381203e+00 4.674117622165509189e+00 1.128921740646240401e+01
0.000000000000000000e+00 2.948291899282263367e-04 8.767149861576623016e-01 1.095689116026592247e+00 6.986543097372804212e+00
0.000000000000000000e+00 2.948291899282263367e-04 1.629322788043653825e+00 1.800416245982677133e+00 2.572731949503231252e+00
0.000000000000000000e+00 2.948291899282263367e-04 5.076184088724470911e+00 2.386370461066834636e+01 2.471921002796275690e+00
0.000000000000000000e+00 2.948291899282263367e-04 2.213805532514265373e+00 4.883979949972764523e+00 1.146992464867290984e+01
0.000000000000000000e+00 2.948291899282263367e-04 2.766870854896725795e+00 3.576688713895129101e+00 1.201407010845614387e+01
0.000000000000000000e+00 2.948291899282263367e-04 8.966288555366171975e-01 2.415993506273229841e+00 8.093152761026223274e+00
0.000000000000000000e+00 2.948291899282263367e-04 1.224520631071861931e+00 1.308701158420637389e+00 9.721097734309335436e+00
0.000000000000000000e+00 2.948291899282263367e-04 6.391869410175532451e+00 2.477129367175675867e+01 5.527333472375543622e+00
0.000000000000000000e+00 2.948291899282263367e-04 8.966288555366171975e-01 6.023039551036850625e-01 5.829720749982117312e+00
0.000000000000000000e+00 2.948291899282263367e-04 9.368815156792631882e+00 2.132319089207111773e+01 4.593046368020075043e+00
0.000000000000000000e+00 2.948291899282263367e-04 1.176524067355115610e+00 2.177311332930400134e+00 8.381270445671137992e+00
0.000000000000000000e+00 2.948291899282263367e-04 1.176524067355115610e+00 2.117609322437358443e+00 8.237106633233072017e+00
0.000000000000000000e+00 2.948291899282263367e-04 8.966288555366171975e-01 2.356291495780187706e+00 3.381558959427107158e+00
0.000000000000000000e+00 2.948291899282263367e-04 5.854877911788737288e-01 9.883633384655278187e-01 2.430805925595274086e+00
0.000000000000000000e+00 2.948291899282263367e-04 7.771456392628879328e-01 7.074892502076837175e-01 2.721149549148748736e+00
0.000000000000000000e+00 2.948291899282263367e-04 1.884180812742967601e-02 1.154415911737972644e+00 2.177341187451526494e+00
0.000000000000000000e+00 2.948291899282263367e-04 1.224520631071861931e+00 1.979266315570353152e+00 3.623558357902310512e+00
0.000000000000000000e+00 2.948291899282263367e-04 6.356361432386563592e-01 8.830849369028722640e-01 8.346990427780820454e+00
0.000000000000000000e+00 2.948291899282263367e-04 9.326587093533302009e-02 1.865622465088870641e+00 8.099583257861153740e+00
0.000000000000000000e+00 2.948291899282263367e-04 1.600240900837076818e+00 1.860067587601217154e+00 2.887991935565970447e+00
0.000000000000000000e+00 2.948291899282263367e-04 2.108428616125785915e+00 6.144899532136505194e+00 1.219692812673631543e+01
0.000000000000000000e+00 2.948291899282263367e-04 8.568011167787075166e-01 1.558552774280769659e+00 4.569090375841452278e+00
0.000000000000000000e+00 2.948291899282263367e-04 6.900167167497385456e+00 2.059702231945866657e+01 4.015891264318949966e-02
0.000000000000000000e+00 2.948291899282263367e-04 6.972781132829076967e+00 2.059704403815679541e+01 4.020943525610445185e-02
0.000000000000000000e+00 2.948291899282263367e-04 5.076184088724470911e+00 2.386370461066834636e+01 2.200940209590060981e+00
0.000000000000000000e+00 2.948291899282263367e-04 6.972781132829076967e+00 2.331951610865152347e+01 1.686485953765518353e+00
0.000000000000000000e+00 2.948291899282263367e-04 6.972781132829076967e+00 2.313801797061853449e+01 1.686459056639518339e+00
0.000000000000000000e+00 2.948291899282263367e-04 4.956780067738387530e+00 2.604161020108050195e+01 4.385512751976023083e+00
0.000000000000000000e+00 2.948291899282263367e-04 2.143554254921945734e+00 6.039853957004607032e+00 1.201542998870334067e+01
0.000000000000000000e+00 2.948291899282263367e-04 3.604241676966381203e+00 6.615506329989668366e+00 1.528314605299838824e+01
0.000000000000000000e+00 2.948291899282263367e-04 3.851821111902768990e-01 5.790846820792208138e-01 2.117668402664783400e+00
0.000000000000000000e+00 2.948291899282263367e-04 3.744782382940554238e-02 1.106461158377096687e+00 2.117639176958484359e+00
0.000000000000000000e+00 2.948291899282263367e-04 9.538800276441742818e-03 1.178387376803264219e+00 9.954445849673275504e+00
0.000000000000000000e+00 2.948291899282263367e-04 1.600240900837076818e+00 4.194855597411620174e+00 8.756898758824156914e+00
0.000000000000000000e+00 2.948291899282263367e-04 2.213805532514265373e+00 4.883979949972764523e+00 1.146992464867290984e+01
0.000000000000000000e+00 2.948291899282263367e-04 2.073302977329625651e+00 4.106641617589705362e+00 1.255844685881277734e+01
0.000000000000000000e+00 2.948291899282263367e-04 2.110139522177564885e-04 8.583249292591627055e-01 7.930514087000918089e+00
0.000000000000000000e+00 2.948291899282263367e-04 6.754939236833998883e+00 2.223045855934985582e+01 9.814882818506719397e-01
0.000000000000000000e+00 2.948291899282263367e-04 7.465985523335726126e-02 1.399149689968210986e+00 6.249811919661462767e+00
0.000000000000000000e+00 2.948291899282263367e-04 1.600240900837076818e+00 4.194855597411620174e+00 8.924683445086081690e+00
0.000000000000000000e+00 2.948291899282263367e-04 1.629322788043653825e+00 1.800416245982677133e+00 2.782905273545065228e+00
0.000000000000000000e+00 2.948291899282263367e-04 2.814481597841760052e-02 5.701068326318489143e-01 1.402297466338260801e+00
0.000000000000000000e+00 2.948291899282263367e-04 6.356361432386563592e-01 8.830849369028722640e-01 8.346990427780820454e+00
0.000000000000000000e+00 2.948291899282263367e-04 7.970595086418427178e-01 1.179349096453570667e+00 7.728686486684258838e+00
0.000000000000000000e+00 2.948291899282263367e-04 8.966288555366171975e-01 1.053820543648696928e+00 1.559609806658919906e+00
0.000000000000000000e+00 2.948291899282263367e-04 1.224520631071861931e+00 1.979266315570353152e+00 3.623558357902310512e+00
0.000000000000000000e+00 9.632457581951780687e-03 1.080535866028755843e+00 1.408563655863764863e+00 4.674177037862369488e+00
0.000000000000000000e+00 2.948291899282263367e-04 8.966288555366171975e-01 6.023039551036850625e-01 5.934807412003034521e+00
0.000000000000000000e+00 2.948291899282263367e-04 1.571159013630500034e+00 4.636635549420834224e+00 1.564403286911577773e+01
0.000000000000000000e+00 2.948291899282263367e-04 7.465985523335726126e-02 1.935798226930511401e+00 8.346990427780820454e+00
0.000000000000000000e+00 2.948291899282263367e-04 5.076184088724470911e+00 2.368220647263536449e+01 1.685459022320272005e-01
0.000000000000000000e+00 2.948291899282263367e-04 3.851821111902768990e-01 5.790846820792208138e-01 2.057966392171741266e+00
0.000000000000000000e+00 2.948291899282263367e-04 1.377147592577255275e-01 4.031262984282982242e-01 1.974532148458075786e+00
0.000000000000000000e+00 2.948291899282263367e-04 3.851821111902768990e-01 5.070898365041011102e-01 1.474673853509005150e+00
0.000000000000000000e+00 2.948291899282263367e-04 2.724964662354303346e+00 4.989142094905710145e+00 8.086838474235754859e+00
0.000000000000000000e+00 2.948291899282263367e-04 2.143554254921945734e+00 3.753255860552726642e+00 9.763541612210717702e+00
0.000000000000000000e+00 2.948291899282263367e-04 2.597458224654320413e-01 1.479642256832659264e+00 1.188135903245428970e+01
0.000000000000000000e+00 9.632457581951780687e-03 6.535875700296690793e-02 7.390174537364218033e-01 1.067247640834253497e+00
0.000000000000000000e+00 2.948291899282263367e-04 2.143554254921945734e+00 5.934767294983688934e+00 1.201532030151654951e+01
0.000000000000000000e+00 2.948291899282263367e-04 3.994347358804187231e-01 5.551098801122779092e-01 7.740341128262473447e-01
0.000000000000000000e+00 2.948291899282263367e-04 7.970595086418427178e-01 1.276657524381556996e+00 7.443014972242787408e+00
0.000000000000000000e+00 2.948291899282263367e-04 5.135886099217513490e+00 2.350074240949332349e+01 2.200901851278635579e+00
0.000000000000000000e+00 2.948291899282263367e-04 5.076184088724470911e+00 2.368220647263536449e+01 3.305550562891653582e-02
0.000000000000000000e+00 2.948291899282263367e-04 5.016482078231429220e+00 2.404516737264087212e+01 2.607411399399380159e+00
0.000000000000000000e+00 2.948291899282263367e-04 8.767149861576623016e-01 5.671467832039324142e-01 6.144899532136505194e+00
0.000000000000000000e+00 2.948291899282263367e-04 8.966288555366171975e-01 1.053820543648696928e+00 1.632223771990613193e+00
0.000000000000000000e+00 2.948291899282263367e-04 1.884180812742967601e-02 1.178414193596345250e+00 9.830802820875828019e+00
0.000000000000000000e+00 2.948291899282263367e-04 2.968076369923570157e-01 1.891112937942512895e+00 1.101730126859220249e+01
0.000000000000000000e+00 2.948291899282263367e-04 3.091615751679987478e-01 1.891154565941342014e+00 1.087328730568954072e+01
0.000000000000000000e+00 2.948291899282263367e-04 1.884180812742967601e-02 1.515285754783337824e+00 9.459866077368001669e+00
0.000000000000000000e+00 2.948291899282263367e-04 9.326587093533302009e-02 2.296502741198318542e-01 1.079007021836068531e-01
0.000000000000000000e+00 2.948291899282263367e-04 1.176524067355115610e+00 2.117609322437358443e+00 8.237106633233072017e+00
0.000000000000000000e+00 2.948291899282263367e-04 9.326587093533302009e-02 1.830496826292711043e+00 8.223240747464870992e+00
0.000000000000000000e+00 2.948291899282263367e-04 8.368872473997525097e-01 1.179425685293848947e+00 6.986543097372804212e+00
0.000000000000000000e+00 2.948291899282263367e-04 5.135886099217513490e+00 2.386373868555928368e+01 2.200978159454483940e+00
0.000000000000000000e+00 2.948291899282263367e-04 5.520555564723521602e-01 1.058548104106605159e+00 3.753322520461082945e+00
0.000000000000000000e+00 2.948291899282263367e-04 8.767149861576623016e-01 1.053782923484170020e+00 3.311684048689711002e+00
0.000000000000000000e+00 2.948291899282263367e-04 1.884180812742967601e-02 8.583695510232808301e-01 7.720458560565321093e+00
0.000000000000000000e+00 2.948291899282263367e-04 2.597458224654320413e-01 1.444516618036499445e+00 1.188130535216975758e+01
0.000000000000000000e+00 2.948291899282263367e-04 8.396286308434509904e-02 4.699196250787992524e-01 9.295218545555886669e-01
0.000000000000000000e+00 2.948291899282263367e-04 1.629322788043653825e+00 1.800416245982677133e+00 2.677818611524148462e+00
0.000000000000000000e+00 2.948291899282263367e-04 4.421926099508440844e-01 7.309482237886038014e-01 1.759593304151344961e+00
0.000000000000000000e+00 2.948291899282263367e-04 2.808777047439147800e+00 5.199387193719123168e+00 1.255970437269327178e+01
0.000000000000000000e+00 2.948291899282263367e-04 5.854877911788737288e-01 9.883633384655278187e-01 1.222442599143266806e+00
0.000000000000000000e+00 2.948291899282263367e-04 7.465985523335726126e-02 1.428231577174787770e+00 6.460030324758109010e+00
0.000000000000000000e+00 2.948291899282263367e-04 4.675083168039347037e-02 1.457218465322705381e+00 6.670112458323436577e+00
0.000000000000000000e+00 2.948291899282263367e-04 6.535684738236934022e-02 1.428200073986877205e+00 6.565071905724213508e+00
0.000000000000000000e+00 2.948291899282263367e-04 3.091615751679987478e-01 1.849248373398919787e+00 1.087324242626974957e+01
0.000000000000000000e+00 2.948291899282263367e-04 8.966288555366171975e-01 1.053820543648696928e+00 1.850065667985691942e+00
0.000000000000000000e+00 2.948291899282263367e-04 6.535684738236934022e-02 1.935760176800146448e+00 8.470647917384537706e+00
0.000000000000000000e+00 2.948291899282263367e-04 1.884180812742967601e-02 1.154415911737972644e+00 9.954445849673275504e+00
0.000000000000000000e+00 2.948291899282263367e-04 1.884180812742967601e-02 1.544367641989914608e+00 9.336217995638481426e+00
0.000000000000000000e+00 2.948291899282263367e-04 9.538800276441742818e-03 1.602498918953615403e+00 2.793672160948931449e+00
0.000000000000000000e+00 2.948291899282263367e-04 9.326587093533302009e-02 4.699375477119735467e-01 5.369508701042496890e-01
0.000000000000000000e+00 2.948291899282263367e-04 6.827553202165692170e+00 2.095999569210632174e+01 4.020943525610445185e-02
0.000000000000000000e+00 2.948291899282263367e-04 6.827553202165692170e+00 2.259347893440315502e+01 1.686597523992698078e-01
0.000000000000000000e+00 2.948291899282263367e-04 6.754939236833998883e+00 2.186746228328388852e+01 1.116900734177156629e+00
0.000000000000000000e+00 9.632457581951780687e-03 1.905810765163490905e-01 3.196497385533980107e-01 2.991004781131396673e-01
0.000000000000000000e+00 2.948291899282263367e-04 4.897078057245345839e+00 2.295610383783233388e+01 4.015891264318949966e-02
0.000000000000000000e+00 2.948291899282263367e-04 8.169733780207976137e-01 1.179387487935837475e+00 7.605022484134114080e+00
0.000000000000000000e+00 2.948291899282263367e-04 2.110139522177564885e-04 8.782387986381176015e-01 7.825486921761572567e+00
0.000000000000000000e+00 9.632457581951780687e-03 4.279429108849856500e-01 7.309482237886038014e-01 1.699891293658303493e+00
0.000000000000000000e+00 2.948291899282263367e-04 5.135886099217513490e+00 2.350074240949332349e+01 3.040362988351314466e-01
0.000000000000000000e+00 2.948291899282263367e-04 1.200522349213489104e+00 3.301767785616092521e+00 2.121338753164800472e+00
0.000000000000000000e+00 2.948291899282263367e-04 1.658404675250230165e+00 6.144770338695356493e+00 1.183360082032122840e+01
0.000000000000000000e+00 2.948291899282263367e-04 2.143554254921945734e+00 6.039853957004607032e+00 1.201542998870334067e+01
0.000000000000000000e+00 2.948291899282263367e-04 1.600240900837076818e+00 2.866254265073082674e+00 9.259344788186984587e+00
0.000000000000000000e+00 2.948291899282263367e-04 1.658404675250230165e+00 1.621360623682078339e+00 2.782865061734985712e+00
0.000000000000000000e+00 2.948291899282263367e-04 1.118718866373088899e-01 1.282946547903840884e+00 6.459985243703297186e+00
0.000000000000000000e+00 2.948291899282263367e-04 8.568011167787075166e-01 1.658635367029020369e+00 3.938626453870173183e+00
0.000000000000000000e+00 2.948291899282263367e-04 8.767149861576623016e-01 6.725236995924118721e-01 5.829759908161005200e+00
0.000000000000000000e+00 2.948291899282263367e-04 1.600240900837076818e+00 1.800365577108175241e+00 2.782885544325875760e+00
0.000000000000000000e+00 2.948291899282263367e-04 8.368872473997525097e-01 1.608548688944080762e+00 4.569090375841452278e+00
0.000000000000000000e+00 2.948291899282263367e-04 9.538800276441742818e-03 1.202385658661637269e+00 3.083961436069222461e+00
0.000000000000000000e+00 2.948291899282263367e-04 4.136873605705604362e-01 7.599739182267986060e-01 1.520759066417270544e+00
0.000000000000000000e+00 2.948291899282263367e-04 9.192087317166439675e+00 2.350114659593115363e+01 5.423754979858935954e+00
0.000000000000000000e+00 2.948291899282263367e-04 6.972781132829076967e+00 2.313801797061853449e+01 1.582652366947352895e+00
0.000000000000000000e+00 2.948291899282263367e-04 6.972781132829076967e+00 2.313801797061853449e+01 1.686459056639518339e+00
0.000000000000000000e+00 2.948291899282263367e-04 7.970595086418427178e-01 1.221255288995992228e+00 7.605022484134114080e+00
0.000000000000000000e+00 2.948291899282263367e-04 8.966288555366171975e-01 1.408518960363517980e+00 6.986652556101813794e+00
0.000000000000000000e+00 2.948291899282263367e-04 6.827553202165692170e+00 2.259347893440315502e+01 3.041501490023804655e-01
0.000000000000000000e+00 2.948291899282263367e-04 8.966288555366171975e-01 9.281019660214308020e-01 1.849995956714546086e+00
0.000000000000000000e+00 2.948291899282263367e-04 8.966288555366171975e-01 1.053820543648696928e+00 1.922679633317385006e+00
0.000000000000000000e+00 2.948291899282263367e-04 8.568011167787075166e-01 1.558516744532898235e+00 4.674177037862369488e+00
0.000000000000000000e+00 2.948291899282263367e-04 1.884180812742967601e-02 1.154415911737972644e+00 1.374641841709763890e+00
0.000000000000000000e+00 2.948291899282263367e-04 2.968076369923570157e-01 1.933019130484934900e+00 1.072922846336708780e+01
0.000000000000000000e+00 2.948291899282263367e-04 8.767149861576623016e-01 1.095689116026592247e+00 7.109662920205484404e+00
0.000000000000000000e+00 9.632457581951780687e-03 1.025707884069185089e-01 6.464694838513754260e-02 3.024303012456402984e-02
0.000000000000000000e+00 2.948291899282263367e-04 8.568011167787075166e-01 6.373663671381724072e-01 6.039853957004607032e+00
0.000000000000000000e+00 2.948291899282263367e-04 8.568011167787075166e-01 1.095651304314595675e+00 1.995270976833015464e+00
0.000000000000000000e+00 2.948291899282263367e-04 4.675083168039347037e-02 4.865631225295765083e-01 1.034663220000459516e+00
0.000000000000000000e+00 2.948291899282263367e-04 6.535684738236934022e-02 1.280328170335273963e-01 3.083949665211899172e-01
0.000000000000000000e+00 2.948291899282263367e-04 5.605383953138140529e-02 1.990036467958979371e-01 2.750067950859106936e-01
0.000000000000000000e+00 2.948291899282263367e-04 8.926995557727153141e+00 2.350110543785494244e+01 5.423681680852706855e+00
0.000000000000000000e+00 2.948291899282263367e-04 4.956780067738387530e+00 2.604161020108050195e+01 4.385512751976023083e+00
0.000000000000000000e+00 2.948291899282263367e-04 9.368815156792631882e+00 2.132319089207111773e+01 4.593046368020075043e+00
0.000000000000000000e+00 2.948291899282263367e-04 1.600240900837076818e+00 4.371583437037811493e+00 4.349511362801754544e+00
0.000000000000000000e+00 2.948291899282263367e-04 1.118718866373088899e-01 1.312028435110417668e+00 6.354943662737190913e+00
0.000000000000000000e+00 2.948291899282263367e-04 4.675083168039347037e-02 5.032792398828370706e-01 3.950467822779002436e-01
0.000000000000000000e+00 9.632457581951780687e-03 3.994376615047021684e-01 3.212546779156577603e-01 2.753339345762274015e-01
0.000000000000000000e+00 2.948291899282263367e-04 3.994347358804187231e-01 5.071133163955315881e-01 1.274534225366370510e+00
0.000000000000000000e+00 2.948291899282263367e-04 6.535684738236934022e-02 1.428200073986877205e+00 6.565071905724213508e+00
0.000000000000000000e+00 2.948291899282263367e-04 1.884180812742967601e-02 1.602531416403068176e+00 2.721089346232247408e+00
0.000000000000000000e+00 2.948291899282263367e-04 8.767149861576623016e-01 1.608639222623414078e+00 4.043713115891090837e+00
0.000000000000000000e+00 2.948291899282263367e-04 6.022039085321345686e-01 2.008601886544810977e+00 1.000917870102532881e+01
0.000000000000000000e+00 2.948291899282263367e-04 6.022039085321345686e-01 1.958560590170685511e+00 1.015319969568399472e+01
0.000000000000000000e+00 2.948291899282263367e-04 4.136873605705604362e-01 4.831383960013614920e-01 7.739926430773146349e-01
0.000000000000000000e+00 2.948291899282263367e-04 4.675083168039347037e-02 3.720993219473285873e-01 7.693312705409596219e-01
0.000000000000000000e+00 9.641036042706755196e-03 1.905810765163490905e-01 1.727738485249017131e-01 2.281866206574441336e-01
0.000000000000000000e+00 2.948291899282263367e-04 7.771456392628879328e-01 7.074892502076837175e-01 2.721149549148748736e+00
0.000000000000000000e+00 2.948291899282263367e-04 6.827553202165692170e+00 2.277497707243612979e+01 3.320649048519419555e-02
0.000000000000000000e+00 2.948291899282263367e-04 5.076184088724470911e+00 2.404520274870132468e+01 2.200978159454483940e+00
0.000000000000000000e+00 9.632457581951780687e-03 3.994376615047021684e-01 3.212546779156577603e-01 6.486841445332233169e-01
0.000000000000000000e+00 2.948291899282263367e-04 1.905789062405507939e-01 3.363487378965582253e-01 2.271056325380193808e-01
0.000000000000000000e+00 2.948291899282263367e-04 9.326587093533302009e-02 1.865622465088870641e+00 8.099583257861153740e+00
0.000000000000000000e+00 2.948291899282263367e-04 9.192087317166439675e+00 2.368264473396413550e+01 5.216165421361525389e+00
0.000000000000000000e+00 2.948291899282263367e-04 9.103723397353343572e+00 2.368263212133996376e+01 5.216141600474609952e+00
0.000000000000000000e+00 2.948291899282263367e-04 1.118718866373088899e-01 1.312028435110417668e+00 6.460030324758109010e+00
0.000000000000000000e+00 2.948291899282263367e-04 8.966288555366171975e-01 1.011914351106274923e+00 3.223320128876615787e+00
0.000000000000000000e+00 2.948291899282263367e-04 3.994347358804187231e-01 5.551098801122779092e-01 1.324625041867976138e+00
0.000000000000000000e+00 2.948291899282263367e-04 3.851821111902768990e-01 5.070898365041011102e-01 1.474673853509005150e+00
0.000000000000000000e+00 2.948291899282263367e-04 2.110139522177564885e-04 8.583249292591627055e-01 7.930514087000918089e+00
0.000000000000000000e+00 2.948291899282263367e-04 2.110139522177564885e-04 8.782387986381176015e-01 7.825486921761572567e+00
0.000000000000000000e+00 2.948291899282263367e-04 7.465985523335726126e-02 4.364693754341042453e-01 6.822839075848394774e-01
0.000000000000000000e+00 2.948291899282263367e-04 1.600240900837076818e+00 4.106491677598524959e+00 9.092356849349362946e+00
0.000000000000000000e+00 9.632457581951780687e-03 1.080535866028755843e+00 1.458604952237890107e+00 4.569118817245050757e+00
0.000000000000000000e+00 2.948291899282263367e-04 8.568011167787075166e-01 1.137557496857017458e+00 7.110246682332638457e+00
0.000000000000000000e+00 2.948291899282263367e-04 9.326587093533302009e-02 1.867031022063949108e-01 4.073200606245138689e-01
0.000000000000000000e+00 2.948291899282263367e-04 4.675083168039347037e-02 1.515382239735858949e+00 8.965214586340627179e+00
0.000000000000000000e+00 2.948291899282263367e-04 8.767149861576623016e-01 1.053782923484170020e+00 7.233911729254612233e+00
0.000000000000000000e+00 2.948291899282263367e-04 7.970595086418427178e-01 1.179349096453570667e+00 7.728686486684258838e+00
0.000000000000000000e+00 2.948291899282263367e-04 1.588604180508556285e-01 5.400267038026363986e-01 1.109082649055018965e+00
0.000000000000000000e+00 2.948291899282263367e-04 1.571159013630500034e+00 4.283179870168452474e+00 8.924683445086081690e+00
0.000000000000000000e+00 2.948291899282263367e-04 4.279399852607022048e-01 3.013600962110771220e-01 5.433072281447437479e-01
0.000000000000000000e+00 2.948291899282263367e-04 8.396286308434509904e-02 1.399181031480652093e+00 6.460030324758109010e+00
0.000000000000000000e+00 2.948291899282263367e-04 9.103723397353343572e+00 2.350113398330698544e+01 5.319924163490396651e+00
0.000000000000000000e+00 2.948291899282263367e-04 9.103723397353343572e+00 2.368263212133996376e+01 5.216141600474609952e+00
0.000000000000000000e+00 2.948291899282263367e-04 3.994347358804187231e-01 8.471912696753697292e-01 8.243483467748154991e-01
0.000000000000000000e+00 2.948291899282263367e-04 6.535684738236934022e-02 1.970885815596306712e+00 8.223286842820986209e+00
0.000000000000000000e+00 2.948291899282263367e-04 9.326587093533302009e-02 1.865622465088870641e+00 8.223286842820986209e+00
0.000000000000000000e+00 2.948291899282263367e-04 4.279399852607022048e-01 7.890839728356997540e-01 1.401406852717484330e+00
0.000000000000000000e+00 2.948291899282263367e-04 4.675083168039347037e-02 1.428136578116128597e+00 6.775151970140848690e+00
0.000000000000000000e+00 2.948291899282263367e-04 4.675083168039347037e-02 1.457218465322705381e+00 6.670112458323436577e+00
0.000000000000000000e+00 2.948291899282263367e-04 5.076184088724470911e+00 2.386370461066834636e+01 2.336430606193165449e+00
0.000000000000000000e+00 2.948291899282263367e-04 8.568011167787075166e-01 1.608594070654894903e+00 3.938598845119559932e+00
0.000000000000000000e+00 2.948291899282263367e-04 8.767149861576623016e-01 1.608639222623414078e+00 4.043713115891090837e+00
0.000000000000000000e+00 2.948291899282263367e-04 8.966288555366171975e-01 1.011914351106274923e+00 1.995270976833015464e+00
0.000000000000000000e+00 2.948291899282263367e-04 6.356361432386563592e-01 1.346896497731703057e+00 3.046619817733842606e+00
0.000000000000000000e+00 2.948291899282263367e-04 8.966288555366171975e-01 9.700081585638528070e-01 3.134927934564628593e+00
0.000000000000000000e+00 2.948291899282263367e-04 4.136873605705604362e-01 8.181376926399522853e-01 1.520810873703567712e+00
0.000000000000000000e+00 2.948291899282263367e-04 9.103723397353343572e+00 2.350113398330698544e+01 5.319924163490396651e+00
0.000000000000000000e+00 2.948291899282263367e-04 6.900167167497385456e+00 2.059702231945866657e+01 4.015891264318949966e-02
0.000000000000000000e+00 2.948291899282263367e-04 8.966288555366171975e-01 1.011914351106274923e+00 1.632201150174550586e+00
0.000000000000000000e+00 9.632457581951780687e-03 6.022073398354851337e-01 9.295218545555886669e-01 2.190220943455253089e+00
0.000000000000000000e+00 2.948291899282263367e-04 2.110139522177564885e-04 1.202358701592294743e+00 3.301767785616092521e+00
0.000000000000000000e+00 9.632457581951780687e-03 8.396477270494265288e-02 4.699375477119735467e-01 4.787870956910959541e-01
0.000000000000000000e+00 2.948291899282263367e-04 4.279399852607022048e-01 7.890839728356997540e-01 1.401406852717484330e+00
0.000000000000000000e+00 2.948291899282263367e-04 3.744782382940554238e-02 5.199769666891271847e-01 1.486054814945033664e+00
0.000000000000000000e+00 2.948291899282263367e-04 4.279399852607022048e-01 2.814462268321222815e-01 6.135390184522896417e-01
0.000000000000000000e+00 9.632457581951780687e-03 9.540709897039310536e-03 2.887752923536226687e-02 8.917700315978210890e-02
0.000000000000000000e+00 2.948291899282263367e-04 8.966288555366171975e-01 1.011914351106274923e+00 1.850043046169629557e+00
0.000000000000000000e+00 2.948291899282263367e-04 1.658404675250230165e+00 6.144770338695356493e+00 1.183360082032122840e+01
0.000000000000000000e+00 2.948291899282263367e-04 8.966288555366171975e-01 1.011914351106274923e+00 3.046592289250424468e+00
0.000000000000000000e+00 2.948291899282263367e-04 8.966288555366171975e-01 1.011914351106274923e+00 3.311684048689711002e+00
0.000000000000000000e+00 9.632457581951780687e-03 7.466176485395473184e-02 6.992111761299311112e-01 6.486646572484494611e-01
0.000000000000000000e+00 3.025061749050248915e-04 2.110139522177564885e-04 1.025066793005254343e-02 3.997468780175705838e-03
0.000000000000000000e+00 2.948291899282263367e-04 1.905789062405507939e-01 3.363487378965582253e-01 2.031073506796459704e-01
0.000000000000000000e+00 2.948291899282263367e-04 9.326587093533302009e-02 2.866607728803989841e-01 2.679998342550701240e-01
0.000000000000000000e+00 2.948291899282263367e-04 8.396286308434509904e-02 4.532035077255384126e-01 3.710644116594634667e-01
0.000000000000000000e+00 2.948291899282263367e-04 9.326587093533302009e-02 1.867031022063949108e-01 2.072458765521906568e-02
0.000000000000000000e+00 2.948291899282263367e-04 7.970595086418427178e-01 1.263161481538414455e+00 7.357653852252306059e+00
0.000000000000000000e+00 2.948291899282263367e-04 8.568011167787075166e-01 1.508511477906645748e+00 6.986652556101813794e+00
0.000000000000000000e+00 2.948291899282263367e-04 6.827553202165692170e+00 2.095999569210632174e+01 4.020943525610445185e-02
0.000000000000000000e+00 9.632457581951780687e-03 1.884371774802724372e-02 3.819087872631962005e-02 4.020798513201816020e-03
0.000000000000000000e+00 2.948291899282263367e-04 1.884180812742967601e-02 1.178414193596345250e+00 2.117668402664783400e+00
0.000000000000000000e+00 2.948291899282263367e-04 8.767149861576623016e-01 1.508556629875163813e+00 6.862983441560952080e+00
0.000000000000000000e+00 2.948291899282263367e-04 4.421926099508440844e-01 7.600301109951806966e-01 1.699916905182693450e+00
0.000000000000000000e+00 2.948291899282263367e-04 8.368872473997525097e-01 1.137519492751427164e+00 2.958228369437328809e+00
0.000000000000000000e+00 2.948291899282263367e-04 8.396286308434509904e-02 1.990437947761640458e-01 9.198771110592798839e-02
0.000000000000000000e+00 2.948291899282263367e-04 6.900167167497385456e+00 2.259350183782146360e+01 3.320649048519419555e-02
0.000000000000000000e+00 2.948291899282263367e-04 1.658404675250230165e+00 2.648475380900554565e+00 9.427013093266454646e+00
0.000000000000000000e+00 2.948291899282263367e-04 7.465985523335726126e-02 1.174714407393300658e-01 6.731610470034971039e-02
0.000000000000000000e+00 2.948291899282263367e-04 8.568011167787075166e-01 1.095651304314595675e+00 7.233911729254612233e+00
0.000000000000000000e+00 3.025061749050248915e-04 6.356361432386563592e-01 5.275672729448023235e-01 1.074533361464151016e+00
0.000000000000000000e+00 9.632457581951780687e-03 1.483919321625298160e+00 1.859914012557465135e+00 5.873621619952486661e+00
0.000000000000000000e+00 2.948291899282263367e-04 6.535684738236934022e-02 1.970885815596306712e+00 8.223286842820986209e+00
0.000000000000000000e+00 2.948291899282263367e-04 8.568011167787075166e-01 1.508511477906645748e+00 6.986652556101813794e+00
0.000000000000000000e+00 2.948291899282263367e-04 3.994347358804187231e-01 8.471912696753697292e-01 8.743896431489394105e-01
0.000000000000000000e+00 2.948291899282263367e-04 5.076184088724470911e+00 2.368220647263536449e+01 3.305550562891653582e-02
0.000000000000000000e+00 2.948291899282263367e-04 5.135886099217513490e+00 2.368224054752630536e+01 2.336430606193165449e+00
0.000000000000000000e+00 2.948291899282263367e-04 3.851821111902768990e-01 5.790846820792208138e-01 2.117668402664783400e+00
0.000000000000000000e+00 2.948291899282263367e-04 1.600240900837076818e+00 4.194855597411620174e+00 8.924683445086081690e+00
0.000000000000000000e+00 2.948291899282263367e-04 4.421926099508440844e-01 7.600301109951806966e-01 1.520810873703567712e+00
0.000000000000000000e+00 2.948291899282263367e-04 4.136873605705604362e-01 3.013408085367028644e-01 3.625634619123639379e-01
0.000000000000000000e+00 2.948291899282263367e-04 5.135886099217513490e+00 2.259325171932841769e+01 2.062720229878605982e-01
0.000000000000000000e+00 9.632457581951780687e-03 1.884371774802724372e-02 3.819087872631962005e-02 1.336691154765284884e-02
0.000000000000000000e+00 9.632457581951780687e-03 9.540709897039310536e-03 2.887752923536226687e-02 8.917700315978210890e-02
0.000000000000000000e+00 2.948291899282263367e-04 4.421926099508440844e-01 1.058480916196389510e+00 2.503365112457602404e+00
0.000000000000000000e+00 2.948291899282263367e-04 3.851821111902768990e-01 5.070898365041011102e-01 1.324549964386629419e+00
0.000000000000000000e+00 2.948291899282263367e-04 8.966288555366171975e-01 1.011914351106274923e+00 1.777429080837936715e+00
0.000000000000000000e+00 2.948291899282263367e-04 6.356361432386563592e-01 1.304990305189280830e+00 3.134956209063519683e+00
0.000000000000000000e+00 2.948291899282263367e-04 8.966288555366171975e-01 1.053820543648696928e+00 3.134983737546938265e+00
0.000000000000000000e+00 3.025061749050248915e-04 4.279399852607022048e-01 3.013600962110771220e-01 6.135585057370634976e-01
0.000000000000000000e+00 2.948291899282263367e-04 6.535684738236934022e-02 1.935760176800146448e+00 8.470647917384537706e+00
0.000000000000000000e+00 2.948291899282263367e-04 1.482875886542905919e-01 1.253925915172455996e+00 6.354943662737190913e+00
0.000000000000000000e+00 9.632457581951780687e-03 1.080535866028755843e+00 1.408563655863764863e+00 4.674177037862369488e+00
0.000000000000000000e+00 2.948291899282263367e-04 8.767149861576623016e-01 5.671467832039324142e-01 6.144899532136505194e+00
0.000000000000000000e+00 2.948291899282263367e-04 8.568011167787075166e-01 6.373663671381724072e-01 6.039853957004607032e+00
0.000000000000000000e+00 2.948291899282263367e-04 2.850683239981569805e+00 5.199421715997999627e+00 5.738368986648297643e+00
0.000000000000000000e+00 2.948291899282263367e-04 3.744782382940554238e-02 1.130459440235469515e+00 2.117668402664783400e+00
0.000000000000000000e+00 2.948291899282263367e-04 5.520555564723521602e-01 1.023422465310445340e+00 3.841653513448710644e+00
0.000000000000000000e+00 2.948291899282263367e-04 5.520555564723521602e-01 1.058548104106605159e+00 3.753322520461082945e+00
0.000000000000000000e+00 2.948291899282263367e-04 5.520555564723521602e-01 1.058548104106605159e+00 3.841686440274178604e+00
0.000000000000000000e+00 2.948291899282263367e-04 5.520555564723521602e-01 1.023422465310445340e+00 3.930017433261806303e+00
0.000000000000000000e+00 2.948291899282263367e-04 7.465985523335726126e-02 9.632578194619995093e-02 6.729337614506621101e-02
0.000000000000000000e+00 2.948291899282263367e-04 4.279399852607022048e-01 6.727564240093923953e-01 7.321676463598215667e-01
0.000000000000000000e+00 2.948291899282263367e-04 8.396286308434509904e-02 1.496280420735973948e-01 9.193987082087792806e-02
0.000000000000000000e+00 9.632457581951780687e-03 4.136902861948439369e-01 3.013600962110771220e-01 8.996228706645652551e-01
0.000000000000000000e+00 2.948291899282263367e-04 9.538800276441742818e-03 1.202385658661637269e+00 7.090264132887003967e+00
0.000000000000000000e+00 2.948291899282263367e-04 4.675083168039347037e-02 1.428136578116128597e+00 6.775151970140848690e+00
0.000000000000000000e+00 9.632457581951780687e-03 8.368913351029719783e-01 1.137557496857017458e+00 7.481357437212140304e+00
0.000000000000000000e+00 9.632457581951780687e-03 7.466176485395473184e-02 6.792973067509762153e-01 6.837704090064369300e-01
0.000000000000000000e+00 2.948291899282263367e-04 1.905789062405507939e-01 2.527681511302540263e-01 4.188991539432600497e-01
0.000000000000000000e+00 2.948291899282263367e-04 4.279399852607022048e-01 3.013600962110771220e-01 5.433072281447437479e-01
0.000000000000000000e+00 2.948291899282263367e-04 3.604241676966381203e+00 6.615506329989668366e+00 1.528314605299838824e+01
0.000000000000000000e+00 2.948291899282263367e-04 8.767149861576623016e-01 1.608639222623414078e+00 3.938626453870173183e+00
0.000000000000000000e+00 2.948291899282263367e-04 2.110139522177564885e-04 1.226356983450667792e+00 3.229189366732608590e+00
0.000000000000000000e+00 2.948291899282263367e-04 3.994347358804187231e-01 8.471912696753697292e-01 8.743896431489394105e-01
0.000000000000000000e+00 2.948291899282263367e-04 2.110139522177564885e-04 1.226356983450667792e+00 3.229189366732608590e+00
0.000000000000000000e+00 2.948291899282263367e-04 4.136873605705604362e-01 6.727282566070682535e-01 7.740541911213533188e-01
0.000000000000000000e+00 9.632457581951780687e-03 8.368913351029719783e-01 1.137557496857017458e+00 7.481357437212140304e+00
0.000000000000000000e+00 2.948291899282263367e-04 7.970595086418427178e-01 1.263161481538414455e+00 7.357653852252306059e+00
0.000000000000000000e+00 9.632457581951780687e-03 1.905810765163490905e-01 1.727738485249017131e-01 2.481004900363990295e-01
0.000000000000000000e+00 9.632457581951780687e-03 2.968101728748564483e-01 5.550390826436799596e-01 7.739712405264294048e-01
0.000000000000000000e+00 2.948291899282263367e-04 2.110139522177564885e-04 1.226356983450667792e+00 3.083961436069222461e+00
0.000000000000000000e+00 2.948291899282263367e-04 8.966288555366171975e-01 1.053820543648696928e+00 3.223347657360033924e+00
0.000000000000000000e+00 2.948291899282263367e-04 5.076184088724470911e+00 2.404520274870132468e+01 2.200978159454483940e+00
0.000000000000000000e+00 2.948291899282263367e-04 5.076184088724470911e+00 2.386370461066834636e+01 2.336430606193165449e+00
