1.624562243354167990e+01 5.438343704776151671e-02
7.477879613167041306e+00 3.747593169300765936e+01
inf 3.662730352574172094e-02
7.735324042778523257e+00 1.935965036102435377e+01
7.735532139226888759e+00 1.759727026195732336e+01
7.550913766741787825e+00 3.134444262574331930e+01
7.497009250585644935e+00 3.627900705627091327e+01
7.498161216951400476e+00 3.491111769458849778e+01
7.594721839929335694e+00 2.825406141267846394e+01
7.711591876696240355e+00 2.012825244824950843e+01
7.808649783563303970e+00 1.334008363149203902e+01
7.711249013885561610e+00 2.114701163364058445e+01
7.546584067685095931e+00 3.245719216521853667e+01
7.760060382518032540e+00 1.667694164849298843e+01
7.812096268663768051e+00 1.242197923576017793e+01
7.523321027316809406e+00 3.297639379778294000e+01
7.760760834050668855e+00 1.581611587771267047e+01
7.509196219907113168e+00 3.423642035088183633e+01
7.599049942068576868e+00 2.746403225889568134e+01
7.480132757192184734e+00 3.696344607096720125e+01
7.523259763024249480e+00 3.358050352459007826e+01
7.498950267477828113e+00 3.491099025290932900e+01
7.896150956050970393e+00 8.270627297412346479e+00
7.702858773973369821e+00 2.171642411256893368e+01
7.867545052410345185e+00 9.712165450727798799e+00
7.888933643483133196e+00 8.879087862123384411e+00
7.592933515711675518e+00 2.882658375351201130e+01
7.569921840308871275e+00 3.006824050052253128e+01
7.564389614577065046e+00 3.063916845250877685e+01
7.772193233507259436e+00 1.544775234590071911e+01
7.483860729407947332e+00 3.654540284766950720e+01
7.581913048663284194e+00 2.928002899242396140e+01
7.619018518191538192e+00 2.634033472403510601e+01
7.838156550235304110e+00 1.123683109936919067e+01
7.838737194597590552e+00 1.073814364093560592e+01
7.959966826115170591e+00 6.197854390616728715e+00
7.871971702023067508e+00 9.228780138501656793e+00
7.624026488580376792e+00 2.596526771690085056e+01
7.791200058283451746e+00 1.410515116581482431e+01
7.705192062841653922e+00 2.124757865376452770e+01
7.700537962158283456e+00 2.189690426015873470e+01
7.773244062636676333e+00 1.498708231947006375e+01
7.575733270667849517e+00 2.966909058887129547e+01
7.633798237105556161e+00 2.555841240858410046e+01
7.790470980040105964e+00 1.452834336219945399e+01
7.560212910541366682e+00 3.092251266669278209e+01
7.637843148379892533e+00 2.520356974075106393e+01
7.751285202951663678e+00 1.679569086767256181e+01
7.662438234533474279e+00 2.409884060413755691e+01
7.827642134384915629e+00 1.179624956967026073e+01
7.954558527808787360e+00 6.601480756767270641e+00
7.573272351814822834e+00 3.006767330289063622e+01
7.807345683080944454e+00 1.371651067369922927e+01
7.665732659004601324e+00 2.372326686504607096e+01
7.545658785283948511e+00 3.269921461279592023e+01
7.979576043067708291e+00 5.697968324756596203e+00
7.747787061907176032e+00 1.715876197627695632e+01
7.864765072241751476e+00 9.847629805016365978e+00
8.003207979318963439e+00 5.148708009320417389e+00
7.479343205688610219e+00 3.730617936384856392e+01
7.827313443568518103e+00 1.200185833175419603e+01
7.979081690790129855e+00 5.938759570579497549e+00
7.718494931009684201e+00 1.979082454015563997e+01
8.001111762830166896e+00 5.411668756613001285e+00
7.695869449804554563e+00 2.245910382520840542e+01
7.695177283350196795e+00 2.267950029595252914e+01
7.517449910292522297e+00 3.369392424803256603e+01
7.909682954112635223e+00 7.858832520173429259e+00
7.825293266255129332e+00 1.213734872835730627e+01
7.793918925313043644e+00 1.388218816965186342e+01
7.516381096591581823e+00 3.399075714500267509e+01
7.652496415253309259e+00 2.452603350935647697e+01
7.581483852000142853e+00 2.957537686066374860e+01
7.881478518809689859e+00 9.122716224305230881e+00
7.564389614577065046e+00 3.063916845250877685e+01
7.560212910541366682e+00 3.092251266669278209e+01
7.698214593620531510e+00 2.217805696820944661e+01
7.696083679411708900e+00 2.235864243967512976e+01
7.863419729272389525e+00 1.007420145543483692e+01
7.936238110082136643e+00 7.017082507221950038e+00
7.929217952732363628e+00 7.287775581258322255e+00
7.952244602161236742e+00 6.783732054871761896e+00
7.613807712148163098e+00 2.672742306728073203e+01
7.617236958679577619e+00 2.646484635922306339e+01
7.781504308074302045e+00 1.473861139358950467e+01
8.048643487866952384e+00 4.398941859567634616e+00
7.778990855558492790e+00 1.496883636339732782e+01
7.608821976630993689e+00 2.699597170847211203e+01
7.824907005488216605e+00 1.231635920845554821e+01
7.511245158866149296e+00 3.405491765196946830e+01
7.883095495358103832e+00 8.944436991445126495e+00
7.843884617174126994e+00 1.046718840210885482e+01
7.648553218923940022e+00 2.478145444353048177e+01
7.641105898728911328e+00 2.501410663078636887e+01
7.654931956755384626e+00 2.430329247799225811e+01
7.692837855082745868e+00 2.277717105494783922e+01
7.584793206071877236e+00 2.905485652967532317e+01
8.081080298557903774e+00 3.766286027312208962e+00
8.077135903339437206e+00 3.990656900852000977e+00
7.653632361177677979e+00 2.436118201663208893e+01
8.059133029287169236e+00 4.228812184097298754e+00
7.626085471460814169e+00 2.585866472369956881e+01
8.033537893772194849e+00 4.574443340145226244e+00
7.612854925718136379e+00 2.678531255422132773e+01
7.911294377891453067e+00 7.648319034921856385e+00
8.024043386058313132e+00 4.728154434706469900e+00
7.831041822626460203e+00 1.159048548848260651e+01
7.660106155483835444e+00 2.413484303801295994e+01
7.835094262344189708e+00 1.143364179590622598e+01
7.981344859868066521e+00 5.574831289773719334e+00
7.627848056716282521e+00 2.574890640089946814e+01
7.835824370854835408e+00 1.123699997782870952e+01
8.206878362224445667e+00 2.493225503651875563e+00
7.784404216615794958e+00 1.471203758077068890e+01
7.637924480856713494e+00 2.513840465965737181e+01
7.747213990726151245e+00 1.732888152225132927e+01
8.020229899403158669e+00 4.852502982313721347e+00
8.208306995925099159e+00 2.307550132440489232e+00
7.905231465239629607e+00 7.963055061362420695e+00
7.784674895807889961e+00 1.454611067281898862e+01
7.897421971620247838e+00 8.226521429228631277e+00
7.901025809283785506e+00 8.043338448954186148e+00
8.140927597650224001e+00 3.016138472747353916e+00
7.952305735231126604e+00 6.601581750680456828e+00
7.697188652584173951e+00 2.217810677032613853e+01
7.724869763785894961e+00 1.964654505633233583e+01
7.967227215663358564e+00 6.037627724558888964e+00
7.739985041916460418e+00 1.749218173982653468e+01
7.586808976157001894e+00 2.895488334657494889e+01
7.747787061907176032e+00 1.715876197627695632e+01
8.184050103604725734e+00 2.645095940238427534e+00
7.670504236043107937e+00 2.348404777050729919e+01
7.803096295144980488e+00 1.371789619601180199e+01
8.182640762806189016e+00 2.809462311427996628e+00
7.605259657555484054e+00 2.703371066107332865e+01
7.767589686315285569e+00 1.551925662340645040e+01
7.764116631480546538e+00 1.568056648563948308e+01
7.692284343257834500e+00 2.290531459890127408e+01
7.961577861236007969e+00 6.118008370433334342e+00
7.600040595743529082e+00 2.730423700632278994e+01
7.599049942068576868e+00 2.746403225889568134e+01
7.682818761783352102e+00 2.322563298143711918e+01
7.834907108811456133e+00 1.144043341793953594e+01
7.546450267301667125e+00 3.250885525635374762e+01
7.649890757925806639e+00 2.465792133076648796e+01
7.858305677857478244e+00 1.031619165803200566e+01
7.841780200874373108e+00 1.060255342949024993e+01
7.834017768884304900e+00 1.158898782010053630e+01
7.492630431787464573e+00 3.644267320242408204e+01
7.916188033024355697e+00 7.500290557047032181e+00
7.911294377891453067e+00 7.648319034921856385e+00
7.734755885650576701e+00 1.947804067053489874e+01
7.684607180865620890e+00 2.296061939248260941e+01
7.724676889156900650e+00 1.968712262909084387e+01
7.601192240689923274e+00 2.728327430998555414e+01
7.683939488513138016e+00 2.308456602944439595e+01
7.727253722867750696e+00 1.950653715762516427e+01
7.791822602755458682e+00 1.402184369568566424e+01
8.124966549977800767e+00 3.239749260189259239e+00
8.130828454511885184e+00 3.100863358717562246e+00
7.479202379028881964e+00 3.733855350660966366e+01
7.477879613167041306e+00 3.747593169300765936e+01
7.840672327806327502e+00 1.061739396127977741e+01
7.763202713882022543e+00 1.581589936029851096e+01
7.862503808645027625e+00 1.012233827306067724e+01
7.764116631480546538e+00 1.568056648563948308e+01
8.186269181908970793e+00 2.639405727323421935e+00
7.920833502841879259e+00 7.428101693887430024e+00
8.229728502941423329e+00 2.224980745238486879e+00
8.187529174609458948e+00 2.510337301022949497e+00
7.592904558382113755e+00 2.885940169720804960e+01
8.085700905052146226e+00 3.656061440069409141e+00
7.602554496989262667e+00 2.716017816400033169e+01
7.617236958679577619e+00 2.646484635922306339e+01
8.021298155013969478e+00 4.782227796364080241e+00
7.641105898728911328e+00 2.501410663078636887e+01
7.683939488513138016e+00 2.308456602944439595e+01
7.669323723801046100e+00 2.359394304803937104e+01
8.333451367353941208e+00 1.828151797264531586e+00
7.602554496989262667e+00 2.716017816400033169e+01
7.838737194597590552e+00 1.073814364093560592e+01
7.679583001586729019e+00 2.330578441460179917e+01
7.672049195385691966e+00 2.342605760107033319e+01
7.734882696364776322e+00 1.935972686623219019e+01
8.011477508798497738e+00 4.968364316556050042e+00
7.667883652700068886e+00 2.365183245676921686e+01
8.121805987482803246e+00 3.239991976179213751e+00
8.120728985952824885e+00 3.354654939980541428e+00
7.517968078840458368e+00 3.367286430930442265e+01
8.043371953695329424e+00 4.483597347499266306e+00
8.153167412552296156e+00 2.917890522921327889e+00
8.081080298557903774e+00 3.766286027312208962e+00
8.077083250599221387e+00 4.054983685348641842e+00
8.114845845897242782e+00 3.402812546864492305e+00
8.112319021365697935e+00 3.511756446863150583e+00
7.860592810012835052e+00 1.020969185203794716e+01
7.871971702023067508e+00 9.228780138501656793e+00
7.816287119675890516e+00 1.238545294907854633e+01
7.946910763265969457e+00 6.864513526953164302e+00
7.735532139226888759e+00 1.759727026195732336e+01
7.847666598150589756e+00 1.036329984881115251e+01
7.718494931009684201e+00 1.979082454015563997e+01
7.546155449336400700e+00 3.261214752091962765e+01
7.629954105032076939e+00 2.566148822661523354e+01
7.648553218923940022e+00 2.478145444353048177e+01
7.648695292328802964e+00 2.468008020071929920e+01
7.705192062841653922e+00 2.124757865376452770e+01
7.586232271760837698e+00 2.903262182250428936e+01
8.375464053177818613e+00 1.604850472357463032e+00
8.359429988838668280e+00 1.704032601130190283e+00
8.005475698078104330e+00 5.066785135644403582e+00
8.011477508798497738e+00 4.968364316556050042e+00
8.261889669513660550e+00 2.118308697040898636e+00
8.438789161501947689e+00 1.475682851051502542e+00
8.070005712277732002e+00 4.100134942339615840e+00
7.746078863751439947e+00 1.734518047826166054e+01
8.288909625292538053e+00 1.970813634196610931e+00
7.576169156711880071e+00 2.960747312611180959e+01
8.178560405810088696e+00 2.847163744065780655e+00
8.093038460527676392e+00 3.637995693819391363e+00
8.319215876967557932e+00 1.884735418670809182e+00
7.940273185891370211e+00 6.951488607018893262e+00
7.496847521237421930e+00 3.636577729678973014e+01
7.629954105032076939e+00 2.566148822661523354e+01
7.860592810012835052e+00 1.020969185203794716e+01
7.546155449336400700e+00 3.261214752091962765e+01
8.274862217893396377e+00 2.028661483457892434e+00
8.398540408114332223e+00 1.548370868856741911e+00
8.130828454511885184e+00 3.100863358717562246e+00
7.791229659711620847e+00 1.404820074026985921e+01
8.000549108265319731e+00 5.475589222752168972e+00
8.208306995925099159e+00 2.307550132440489232e+00
8.005475698078104330e+00 5.066785135644403582e+00
8.543876837252446066e+00 1.270679725907067459e+00
8.452300498443188204e+00 1.408842413470863475e+00
7.901025809283785506e+00 8.043338448954186148e+00
7.925096214065022515e+00 7.367984916715463406e+00
7.929217952732363628e+00 7.287775581258322255e+00
7.680214354967024981e+00 2.324003725555504829e+01
7.985374453814154450e+00 5.494790106725528034e+00
7.743794387878453200e+00 1.742378085023992895e+01
8.558973384971622522e+00 1.205040440252773459e+00
9.124783063052245069e+00 7.144122717253731381e-01
7.492674655100783454e+00 3.639661462469950948e+01
8.093726566627820418e+00 3.564093888749699346e+00
7.916188033024355697e+00 7.500290557047032181e+00
8.334185025437577110e+00 1.761564359339468089e+00
7.769845989870749037e+00 1.551855855424548913e+01
7.665732659004601324e+00 2.372326686504607096e+01
8.251763238092770791e+00 2.175827151845178609e+00
8.174445520808207633e+00 2.903049955910741886e+00
7.758265174756324711e+00 1.674621119627202503e+01
7.743794387878453200e+00 1.742378085023992895e+01
8.613134083724794721e+00 1.154331832659603707e+00
8.060272545406615308e+00 4.177025075014075384e+00
9.270681673481426799e+00 6.640466205319411896e-01
7.679583001586729019e+00 2.330578441460179917e+01
7.936238110082136643e+00 7.017082507221950038e+00
7.888933643483133196e+00 8.879087862123384411e+00
8.077135903339437206e+00 3.990656900852000977e+00
7.513946577424521323e+00 3.399103274130584396e+01
9.414520041573224418e+00 5.914343414826639389e-01
7.944704687329595671e+00 6.889153323196657297e+00
7.942818804252844700e+00 6.926930937011588796e+00
8.037233752134202547e+00 4.512123640221592957e+00
8.069087593026267768e+00 4.150138167823336666e+00
8.271097815161992273e+00 2.057142443604515591e+00
8.506227954183202655e+00 1.325632398121135314e+00
7.925096214065022515e+00 7.367984916715463406e+00
7.672049195385691966e+00 2.342605760107033319e+01
7.612854925718136379e+00 2.678531255422132773e+01
7.613807712148163098e+00 2.672742306728073203e+01
7.668159428990366067e+00 2.360768813133140398e+01
8.340615613781498183e+00 1.756438683723533734e+00
8.261453156241506335e+00 2.153876920655864335e+00
8.381751772208867024e+00 1.604534978269951617e+00
8.519749064619375645e+00 1.286491383784807985e+00
8.652777050143678039e+00 1.079937109834739228e+00
9.318198690491973579e+00 6.265563095196562404e-01
8.359429988838668280e+00 1.704032601130190283e+00
8.107820496246537445e+00 3.562410647189214963e+00
1.037164076981695793e+01 3.522622555755630658e-01
7.546584067685095931e+00 3.245719216521853667e+01
8.305113061345171133e+00 1.934091775866690455e+00
8.594792438529363920e+00 1.193621417698574216e+00
8.112319021365697935e+00 3.511756446863150583e+00
8.712796672307522527e+00 1.009933120306611087e+00
8.680931277253288059e+00 1.044740001361557313e+00
1.013324036602034361e+01 3.874204427748122459e-01
7.758265174756324711e+00 1.674621119627202503e+01
8.314215440119678391e+00 1.919654938775710029e+00
8.114845845897242782e+00 3.402812546864492305e+00
8.120728985952824885e+00 3.354654939980541428e+00
8.832328762778354658e+00 9.055127661343775891e-01
8.501708457512151540e+00 1.346866534802408477e+00
7.847666598150589756e+00 1.036329984881115251e+01
8.733412494313780527e+00 9.798112394104659950e-01
9.059181147879044715e+00 7.410425451022688570e-01
7.897421971620247838e+00 8.226521429228631277e+00
8.630360527743876631e+00 1.125338780038217079e+00
8.424014049530340387e+00 1.504947548893729392e+00
8.414301441008676719e+00 1.519352977611261313e+00
1.057386153076426005e+01 3.097313212154695350e-01
1.041218585779806638e+01 3.353513997591543450e-01
8.767748700685332963e+00 9.633698921863819153e-01
8.865307769269866967e+00 8.819118057709549596e-01
8.994357311373153863e+00 7.951588760397786393e-01
8.182640762806189016e+00 2.809462311427996628e+00
7.812096268663768051e+00 1.242197923576017793e+01
9.003405747058636166e+00 7.679729527056124994e-01
8.468625471792520898e+00 1.394742094596995274e+00
9.451967780313117018e+00 5.633413082603173638e-01
8.934262737850033886e+00 8.326107225554327806e-01
1.133184564624084700e+01 2.285626465684414965e-01
8.707516145880065395e+00 1.030338109642533917e+00
8.814203494857951071e+00 9.294352823276706976e-01
8.794400433804639761e+00 9.396757828197579432e-01
1.093654007118911942e+01 2.662020791599801761e-01
7.686212619982412342e+00 2.293799931082160271e+01
7.479202379028881964e+00 3.733855350660966366e+01
7.479343205688610219e+00 3.730617936384856392e+01
7.581483852000142853e+00 2.957537686066374860e+01
7.493765884268660749e+00 3.636648776162738983e+01
8.650929988002785009e+00 1.099113517598056644e+00
9.998606604286322863e+00 4.138718284320871965e-01
9.842249397660209453e+00 4.506467541751253414e-01
8.037233752134202547e+00 4.512123640221592957e+00
7.727253722867750696e+00 1.950653715762516427e+01
8.271097815161992273e+00 2.057142443604515591e+00
8.913108250720062742e+00 8.526464370991015951e-01
9.018648386355762270e+00 7.586456268703263284e-01
8.950291383712512427e+00 8.174346661201795650e-01
8.066093794258710759e+00 4.162454642263249127e+00
1.006362416529735526e+01 4.017961549024636203e-01
7.791822602755458682e+00 1.402184369568566424e+01
8.639278292734397624e+00 1.110315165480489252e+00
1.068474009754496024e+01 2.920152232375272661e-01
8.475043404464248198e+00 1.372918653261106181e+00
1.080876697757490312e+01 2.835330456227482254e-01
9.784414281173084760e+00 4.685754350213848229e-01
9.614539079411938971e+00 5.227090612812538284e-01
9.646045248065597377e+00 5.087049581200613346e-01
9.708004629143630382e+00 4.900415033385176478e-01
7.686212619982412342e+00 2.293799931082160271e+01
9.546083929932272838e+00 5.414766027878427090e-01
8.883667148039053885e+00 8.674679789644826888e-01
8.965578550722316464e+00 8.057075516792879810e-01
7.584793206071877236e+00 2.905485652967532317e+01
7.648695292328802964e+00 2.468008020071929920e+01
1.252541754291522658e+01 1.236538684810066097e-01
1.433036299068098884e+01 5.883636280760740772e-02
1.172021155630324607e+01 1.850964733064270618e-01
1.295679398250667447e+01 1.020569824249470403e-01
9.541303653468037993e+00 5.557828036525093163e-01
8.473393727639370709e+00 1.373063805894328082e+00
1.217817633449041104e+01 1.454079236680289877e-01
9.314567379540006797e+00 6.447496468891442678e-01
1.224831093138822879e+01 1.419666490802601599e-01
1.164597696533340176e+01 1.890972634959091625e-01
1.298193503277725647e+01 9.793480859135916816e-02
