0.000000000000000000e+00 2.262668557909372838e-02 9.100218380185244810e-04 5.298687573572281526e-03 2.554804205707698200e-02
0.000000000000000000e+00 2.094197187254450476e+00 7.894811768470568758e+00 2.382124971287050030e+01 3.665673024412136272e+00
0.000000000000000000e+00 1.092801686515678522e-03 2.262668557909372838e-02 5.407838579360856046e-03 7.499977680771458856e-03
0.000000000000000000e+00 6.610227194671179640e-02 9.039969084688850742e+00 1.016841831681430541e+01 8.516068757448712334e-02
0.000000000000000000e+00 2.834802037847938827e-01 5.918106056714286467e+00 8.163888449043767537e+00 3.231795552414474582e+00
0.000000000000000000e+00 1.805125726651388263e+00 4.054052244440524255e+00 2.037361393237478424e+01 5.111650722276622538e+00
0.000000000000000000e+00 3.136158573190795273e+00 9.490423012447227080e+00 1.855734151775540397e+01 5.095083952877485167e+00
0.000000000000000000e+00 4.197221440780751323e+00 6.440692687101231328e+00 1.928320517723774685e+01 4.989998389468763840e+00
0.000000000000000000e+00 2.094197187254450476e+00 5.296234660624224766e+00 1.892120849806402560e+01 1.942421066735765534e+00
0.000000000000000000e+00 5.008581356228800630e-01 7.669372279704482764e+00 1.133082503030153987e+01 6.271970026206055149e-01
0.000000000000000000e+00 1.445383170872178774e-03 4.525063933493202128e+00 8.570561975579321867e+00 2.430123392486429612e-01
0.000000000000000000e+00 7.834494470123892773e-01 9.704779963967260059e+00 9.670360109485658384e+00 9.884221131752788381e-01
0.000000000000000000e+00 3.164789372440640847e+00 3.931536741232524168e+00 1.837643316619549338e+01 6.984432885349880493e+00
0.000000000000000000e+00 7.617116538285821914e-01 4.716145296275458421e+00 8.299434586753040577e+00 2.899650111635905692e+00
0.000000000000000000e+00 1.965944122989134180e-01 4.123797371838532122e+00 5.735949988380610876e+00 2.365637463242121541e+00
0.000000000000000000e+00 3.193120869105589232e+00 6.440688004197740568e+00 1.746863648656728074e+01 5.873948437912328124e+00
0.000000000000000000e+00 1.095778583143278001e-01 6.303705020333115527e+00 8.163888449043767537e+00 1.238944550021459312e+00
0.000000000000000000e+00 4.415976524519486190e+00 5.817860755105907167e+00 1.837598771657035357e+01 5.626595354686086736e+00
0.000000000000000000e+00 1.913814692570430243e+00 5.775678090641227946e+00 1.783221966986613438e+01 1.942319805817887213e+00
0.000000000000000000e+00 2.183273211626010735e+00 8.206250090096858685e+00 2.273194302936189715e+01 3.841979739882433353e+00
0.000000000000000000e+00 3.079163721395187014e+00 6.440681165167349675e+00 1.855780370991405093e+01 5.502854928113490196e+00
0.000000000000000000e+00 4.197093999101587869e+00 6.440692687101231328e+00 1.928320517723774685e+01 4.989998389468763840e+00
0.000000000000000000e+00 8.805091794206650058e-02 4.342669979543193115e+00 3.066668161751814559e+00 7.732382381752719303e-01
0.000000000000000000e+00 8.051872401961982506e-01 9.945166239781514150e+00 1.088026386282777480e+01 8.580676976344735196e-02
0.000000000000000000e+00 2.296531769551339933e-02 3.164381184782036005e+00 6.462688264409203853e+00 6.213068384104646069e-02
0.000000000000000000e+00 6.628829118183067470e-02 4.415628801677626392e+00 2.585688723158850788e+00 1.811482046105076238e+00
0.000000000000000000e+00 2.027390168975780949e+00 8.621183701753533768e+00 1.637964765836938952e+01 1.798362224413307953e+00
0.000000000000000000e+00 2.071928181161560634e+00 5.294926395034428523e+00 2.128072221830495181e+01 1.420663706021587647e+00
0.000000000000000000e+00 1.892076899386622157e+00 5.616731888542179973e+00 2.146229462112736996e+01 1.668065043452603424e+00
0.000000000000000000e+00 2.400046174171778790e-01 6.015090142810747942e+00 7.621926862631339006e+00 1.570730723041456001e+00
0.000000000000000000e+00 2.138735199440230605e+00 8.102434356661945003e+00 2.255058435149075180e+01 3.753648940076580676e+00
0.000000000000000000e+00 2.138735199440230605e+00 8.309915985368972358e+00 1.728704591596098439e+01 1.544331891653771605e+00
0.000000000000000000e+00 2.027390168975780949e+00 5.615982083940238567e+00 1.819517749027976095e+01 5.017849808393249900e-01
0.000000000000000000e+00 4.465127096319845140e-02 4.269705086400431782e+00 6.047231641397618596e+00 8.752431006079427478e-01
0.000000000000000000e+00 2.837414416056258659e-01 4.050844246149188699e+00 5.528314852572848714e+00 8.752431006079427478e-01
0.000000000000000000e+00 1.096669015393668678e-01 2.964905533033618035e+00 2.446494675003048513e+00 6.767872810406947437e-01
0.000000000000000000e+00 8.792910835555783899e-02 4.342669979543193115e+00 2.986506340717857366e+00 1.811674709885049195e+00
0.000000000000000000e+00 2.116466193347340763e+00 5.295897894756881996e+00 1.819517749027976095e+01 3.577261385168677421e-01
0.000000000000000000e+00 5.229345609231088599e-01 5.340812379836929580e+00 8.163907413004745095e+00 7.749681205003991491e-02
0.000000000000000000e+00 5.008581356228800630e-01 7.794011679551746674e+00 1.232540411324055540e+01 6.273047253493471143e-01
0.000000000000000000e+00 8.051872401961982506e-01 9.945060915905633792e+00 1.088026386282777480e+01 2.663922412291271913e-01
0.000000000000000000e+00 2.262668557909372838e-02 6.496073855069502301e+00 7.892907655837555048e+00 5.754741229839129835e-01
0.000000000000000000e+00 1.892076899386622157e+00 3.804785476275149847e+00 2.255159158877056669e+01 1.420636624438956108e+00
0.000000000000000000e+00 2.094197187254450476e+00 5.215400344666580423e+00 1.783225759567829982e+01 4.165572809847695734e-01
0.000000000000000000e+00 5.229345609231088599e-01 5.340812379836929580e+00 7.757219454960802452e+00 9.073769664786115463e-01
0.000000000000000000e+00 1.913814692570430243e+00 5.696898843780061839e+00 2.164371849437091910e+01 1.668080635971372239e+00
0.000000000000000000e+00 2.116466193347340763e+00 5.215083197251454195e+00 1.728772525576719232e+01 5.842950943850774292e-01
0.000000000000000000e+00 6.610227194671179640e-02 6.255478228296118992e+00 8.570415379959253954e+00 1.903694987470478495e+00
0.000000000000000000e+00 2.205542217718901021e+00 4.733611788969104062e+00 1.674330616412469297e+01 4.163804333248612433e-01
0.000000000000000000e+00 2.620550004028611157e-01 4.087322756280278746e+00 5.216894783496355714e+00 2.229977029490765705e+00
0.000000000000000000e+00 8.802608436563764960e-02 4.342669979543193115e+00 1.573843432001139409e+00 5.969412608573000378e-01
0.000000000000000000e+00 2.071928181161560634e+00 5.294926395034428523e+00 2.128072221830495181e+01 1.420096508389695478e+00
0.000000000000000000e+00 8.805091794206650058e-02 4.379150400446176761e+00 8.841542768785535245e+00 4.077665865254513355e-01
0.000000000000000000e+00 2.116466193347340763e+00 5.214470057704245320e+00 1.547274387543737184e+01 9.195867385571155905e-01
0.000000000000000000e+00 3.107661147292992254e+00 4.011695921564779610e+00 1.873946694750007680e+01 6.840390596438071569e+00
0.000000000000000000e+00 2.278810855768046914e-02 3.050391481190819043e+00 2.508818400354552836e+00 1.159703346535438245e-01
0.000000000000000000e+00 2.834802037847938827e-01 5.918106056714286467e+00 7.892907655837555048e+00 3.064268059940319588e+00
0.000000000000000000e+00 2.293927538096793631e-02 3.164381184782036005e+00 6.462688264409203853e+00 1.976210804441571323e-01
0.000000000000000000e+00 2.281270481421261015e-02 3.135883758884232542e+00 1.214712485635785155e+00 7.752990599861866450e-01
0.000000000000000000e+00 2.936400171833456696e+00 7.064398384610574233e+00 2.363970778299239583e+01 3.665673024412136272e+00
0.000000000000000000e+00 6.631312475825951180e-02 3.107389516492862658e+00 6.462688264409203853e+00 2.365467426093870174e+00
0.000000000000000000e+00 4.358307753065739365e-01 3.795494332178450669e+00 1.511618108257535065e+00 1.958163548369386275e-01
0.000000000000000000e+00 5.443337219904961222e-01 7.606059628519726168e+00 1.083275887394328407e+01 8.076723157021363786e-01
0.000000000000000000e+00 2.269206682844730760e-02 3.164381184782036005e+00 1.573903746739387932e+00 6.506917582631294161e-01
0.000000000000000000e+00 8.051872401961982506e-01 9.784842597713595325e+00 1.124151080313811235e+01 6.275631841604953909e-01
0.000000000000000000e+00 2.049799587066316153e+00 8.205360851368086017e+00 9.615479124389279875e+00 2.808860733128847098e+00
0.000000000000000000e+00 3.164655999088600513e+00 6.336879668315363645e+00 1.819471931267577247e+01 5.997669267952828953e+00
0.000000000000000000e+00 8.797712768969266628e-02 4.379150400446176761e+00 2.826174186260727250e+00 5.655308057768330121e-01
0.000000000000000000e+00 6.631312475825951180e-02 3.107389516492862658e+00 6.462688264409203853e+00 2.500957822696980859e+00
0.000000000000000000e+00 5.229345609231088599e-01 5.388909541761281119e+00 7.892907655837555048e+00 7.743641112991826725e-02
0.000000000000000000e+00 3.164655999088600513e+00 6.336879668315363645e+00 1.873893813047155632e+01 5.750283347127152389e+00
0.000000000000000000e+00 2.183273211626010735e+00 4.974094006363957376e+00 1.728772525576719232e+01 8.094103559931625780e-02
0.000000000000000000e+00 2.138735199440230605e+00 8.415698264350762514e+00 1.710550075033948048e+01 1.915442646533276561e+00
0.000000000000000000e+00 6.616765319606536522e-02 4.306187538968676343e+00 3.146716172664125732e+00 1.603644859476363482e+00
0.000000000000000000e+00 1.892076899386622157e+00 5.616731888542179973e+00 2.146229462112736996e+01 1.668065043452603424e+00
0.000000000000000000e+00 1.913814692570430243e+00 5.696898843780061839e+00 2.164371849437091910e+01 1.668080635971372239e+00
0.000000000000000000e+00 8.051872401961982506e-01 9.865004418747558290e+00 1.106088759657087550e+01 4.469777126948155654e-01
0.000000000000000000e+00 8.051872401961982506e-01 9.865004418747558290e+00 1.106088759657087550e+01 6.275631841604953909e-01
0.000000000000000000e+00 2.620036484218188910e-01 4.087322756280278746e+00 5.527640987306100762e+00 1.972340634266399884e-01
0.000000000000000000e+00 6.623933450588569138e-02 4.379148380774642746e+00 1.573944425914326484e+00 9.977503660270947705e-01
0.000000000000000000e+00 5.009235168722336873e-01 3.649578048857779144e+00 2.986506340717857366e+00 1.507676748104522790e-01
0.000000000000000000e+00 6.623933450588569138e-02 4.306187538968676343e+00 1.573957139173183695e+00 8.373480422240161536e-01
0.000000000000000000e+00 2.071928181161560634e+00 5.454948953294926461e+00 1.710618866208186972e+01 2.094357270742376542e+00
0.000000000000000000e+00 2.049659175068670347e+00 5.536710021591675357e+00 1.837667562831274282e+01 5.018015342499744236e-01
0.000000000000000000e+00 5.228067816182369043e-01 5.340812379836929580e+00 8.299397809607857113e+00 5.755944225264826297e-01
0.000000000000000000e+00 1.231645461951578514e-03 3.107384727220281473e+00 1.262895064468863904e+00 2.743042241653727287e-02
0.000000000000000000e+00 4.465127096319845140e-02 6.350797546841796759e+00 8.163925993226415656e+00 4.094615523659173029e-01
0.000000000000000000e+00 2.049659175068670347e+00 5.535107446328411562e+00 1.746890444447320334e+01 1.942300642601830774e+00
0.000000000000000000e+00 6.631312475825951180e-02 3.078892090595059639e+00 6.670139122167198842e+00 2.501014870935030387e+00
0.000000000000000000e+00 4.415976524519486190e+00 5.817860755105907167e+00 1.819448957853737170e+01 5.626590793806704127e+00
0.000000000000000000e+00 8.790544637987234011e-02 4.379150400446176761e+00 2.665850544192812421e+00 1.811530600426263904e+00
0.000000000000000000e+00 2.837669959850895873e-01 4.050844246149188699e+00 5.528314852572848714e+00 6.042623074017278162e-01
0.000000000000000000e+00 2.183273211626010735e+00 4.893932185329996187e+00 1.728776318157935066e+01 4.164858649951224678e-01
0.000000000000000000e+00 2.205542217718901021e+00 4.895334515428788613e+00 1.783221966986613438e+01 8.101022777254539287e-02
0.000000000000000000e+00 2.183273211626010735e+00 4.974094006363957376e+00 1.656173270363526484e+01 5.841925563670261612e-01
0.000000000000000000e+00 7.617116538285821914e-01 9.785041614132781618e+00 1.196392658034848999e+01 2.664912066379845901e-01
0.000000000000000000e+00 2.161004205533120892e+00 8.309920396290618072e+00 1.728699888837246235e+01 1.296933039479120975e+00
0.000000000000000000e+00 8.795300161079736001e-02 2.049664150476713242e+00 1.030795626768509887e+00 5.978732484561882776e-01
0.000000000000000000e+00 1.096907947946064027e-01 2.049665376025107122e+00 9.943140862511642419e-01 8.369866437811235294e-01
0.000000000000000000e+00 2.161004205533120892e+00 5.054252551096676704e+00 1.656173270363526484e+01 5.841925563670261612e-01
0.000000000000000000e+00 4.141178156991937587e-01 1.760184677087754501e+00 1.840087930636849833e+00 2.144217606735005777e-01
0.000000000000000000e+00 2.116466193347340763e+00 5.295897894756881996e+00 1.837667562831274282e+01 6.962500728260241634e-02
0.000000000000000000e+00 6.633819712942259916e-02 3.078892090595059639e+00 1.214791291747243207e+00 2.144217606735005777e-01
0.000000000000000000e+00 2.049659175068670347e+00 5.535107446328411562e+00 1.710618866208186972e+01 2.094357270742376542e+00
0.000000000000000000e+00 2.283753839064145072e-02 4.488585568180260665e+00 2.986497828328645632e+00 1.503981000223090780e-01
0.000000000000000000e+00 1.097638775494466923e-01 3.050397810727029757e+00 1.166611885985598507e+00 4.013808604443949712e-01
0.000000000000000000e+00 2.269206682844730760e-02 4.342663884568327859e+00 5.943415246668570795e+00 1.281714290417261815e+00
0.000000000000000000e+00 2.227811223811790864e+00 4.733615003997628357e+00 1.692476690551338692e+01 2.486499046901541610e-01
0.000000000000000000e+00 8.784006513051878517e-02 3.050844542203808629e+00 6.877752501551524844e+00 1.417204687020372500e+00
0.000000000000000000e+00 2.400699986665314756e-01 2.879422467248121897e+00 2.259522469022127833e+00 1.958163548369386275e-01
0.000000000000000000e+00 2.071928181161560634e+00 5.455666628081463188e+00 1.746918493814783346e+01 7.521266535086129634e-01
0.000000000000000000e+00 4.465127096319845140e-02 4.269705086400431782e+00 6.047400519857136558e+00 8.752431006079427478e-01
0.000000000000000000e+00 1.313810327474904116e-01 1.461343580648661433e+00 8.848790314507898325e-01 1.562185880493387885e-02
0.000000000000000000e+00 5.445445748020438792e-01 5.292717542068929859e+00 8.299181041373232759e+00 5.755944225264826297e-01
0.000000000000000000e+00 2.183273211626010735e+00 5.055653457816077001e+00 1.765068307618081533e+01 2.487949140344710430e-01
0.000000000000000000e+00 3.052179969686029670e-01 5.870012156161983796e+00 7.757417259234443918e+00 3.396234109886298036e+00
0.000000000000000000e+00 1.173181201448080142e-03 3.192877004913693195e+00 1.070417562136896539e+00 5.880352340616831208e-01
0.000000000000000000e+00 1.313810327474904116e-01 1.461343580648661433e+00 6.627439030975988965e-01 5.208161594673816480e-02
0.000000000000000000e+00 8.797712768969266628e-02 4.379150400446176761e+00 2.826174186260727250e+00 6.697533469658243366e-01
0.000000000000000000e+00 5.228067816182369043e-01 5.388909541761281119e+00 7.892907655837555048e+00 7.414866936019163246e-01
0.000000000000000000e+00 8.805091794206650058e-02 4.379150400446176761e+00 2.986497828328645632e+00 7.728222825117432304e-01
0.000000000000000000e+00 8.805091794206650058e-02 4.379150400446176761e+00 2.906336007294688439e+00 6.698011232712546281e-01
0.000000000000000000e+00 1.315265043096845443e-01 1.408550154776185614e+00 1.359186021270549327e+00 1.168757923909345547e-01
0.000000000000000000e+00 8.802608436563764960e-02 4.342669979543193115e+00 1.573944425914326484e+00 5.969412608573000378e-01
0.000000000000000000e+00 8.051872401961982506e-01 9.865004418747558290e+00 1.124147306803655511e+01 2.664420433458276061e-01
0.000000000000000000e+00 5.660913961960132301e-01 7.606063962501044884e+00 1.066671738193314489e+01 8.076723157021363786e-01
0.000000000000000000e+00 1.097638775494466923e-01 2.964905533033618035e+00 2.446494675003048513e+00 5.164636389727760291e-01
0.000000000000000000e+00 2.834802037847938827e-01 5.918106056714286467e+00 7.892907655837555048e+00 3.397687823489901060e+00
0.000000000000000000e+00 2.138735199440230605e+00 8.413722675061137579e+00 1.710550075033948048e+01 1.296924721734101782e+00
0.000000000000000000e+00 2.834802037847938827e-01 5.918106056714286467e+00 7.892907655837555048e+00 3.064268059940319588e+00
0.000000000000000000e+00 1.313810327474904116e-01 1.426164170280785015e+00 6.342469248994541120e-01 4.533038123106979400e-01
0.000000000000000000e+00 2.138735199440230605e+00 5.134511726626532990e+00 1.529124573740439352e+01 9.195551070361439594e-01
0.000000000000000000e+00 8.805091794206650058e-02 4.379150400446176761e+00 8.841542768785535245e+00 4.091521088380234428e-01
0.000000000000000000e+00 1.531663811622223925e-01 1.390969528086017482e+00 1.030801428434483524e+00 2.345249737452732852e-01
0.000000000000000000e+00 2.049659175068670347e+00 5.535107446328411562e+00 1.765068307618081533e+01 1.798260963495430298e+00
0.000000000000000000e+00 8.784006513051878517e-02 6.255602933675837640e+00 8.434906786432629033e+00 7.409068381674648318e-01
0.000000000000000000e+00 1.095778583143278001e-01 6.303705020333115527e+00 8.028398052440659072e+00 1.238885554551381274e+00
0.000000000000000000e+00 7.403124927611929307e-01 1.018396777282275423e+01 9.006172034019520822e+00 2.974862299297808654e+00
0.000000000000000000e+00 1.096669015393668678e-01 2.964905533033618035e+00 2.446494675003048513e+00 5.969412608573000378e-01
0.000000000000000000e+00 1.935552485754239216e+00 5.775681638569846399e+00 1.765068307618081533e+01 1.942319805817887213e+00
0.000000000000000000e+00 1.913814692570430243e+00 5.775678090641227946e+00 1.783221966986613438e+01 1.942319805817887213e+00
0.000000000000000000e+00 2.183273211626010735e+00 4.974094006363957376e+00 1.565424201347035904e+01 4.140237499767929208e-01
0.000000000000000000e+00 6.610227194671179640e-02 3.079373957420926899e+00 6.877752501551524844e+00 1.417204687020372500e+00
0.000000000000000000e+00 3.136291946542836495e+00 4.011697258265535915e+00 1.837643316619549338e+01 6.984432885349880493e+00
0.000000000000000000e+00 2.161004205533120892e+00 4.974191490769834800e+00 1.710626504354637589e+01 4.164605909171576470e-01
0.000000000000000000e+00 1.509115010709727485e-03 3.135882153118085380e+00 6.981566326476570161e+00 1.972340634266399884e-01
0.000000000000000000e+00 2.836416267633806165e-01 4.050844246149188699e+00 5.528314852572848714e+00 7.397527040048320623e-01
0.000000000000000000e+00 2.269206682844730760e-02 4.342663884568327859e+00 5.943583965240451406e+00 1.280047903463311654e+00
0.000000000000000000e+00 3.193153424986403977e+00 9.625917761724847921e+00 1.873869042208454871e+01 4.884911593628283200e+00
0.000000000000000000e+00 8.805091794206650058e-02 4.379150400446176761e+00 2.986497828328645632e+00 4.659141033014371075e-02
0.000000000000000000e+00 2.283753839064145072e-02 4.488585568180260665e+00 2.986497828328645632e+00 1.503981000223090780e-01
0.000000000000000000e+00 6.610227194671179640e-02 8.977803115428534042e+00 1.016844689218641129e+01 2.656883909732416504e-01
0.000000000000000000e+00 7.834494470123892773e-01 9.945372613212144941e+00 1.196381495389929128e+01 2.679823783587828578e-01
0.000000000000000000e+00 5.443536030122041458e-01 7.668379328443358567e+00 1.066671738193314489e+01 8.076723157021363786e-01
0.000000000000000000e+00 1.957290278938047523e+00 5.695523335609228965e+00 1.783218121421379720e+01 1.798279481224480891e+00
0.000000000000000000e+00 8.051872401961982506e-01 9.865218114255334569e+00 1.178322948243361346e+01 6.309311925592487880e-01
0.000000000000000000e+00 5.443536030122041458e-01 7.668379328443358567e+00 1.066671738193314489e+01 6.270868442364565531e-01
0.000000000000000000e+00 5.446723541069158347e-01 5.340814703993279622e+00 7.892907655837555048e+00 2.434489817479138507e-01
0.000000000000000000e+00 1.413966692202806583e-03 2.138735199440230605e+00 1.030795626768509887e+00 6.880446728831601799e-02
0.000000000000000000e+00 1.315265043096845443e-01 1.408550154776185614e+00 1.395605637464313986e+00 1.651810621673779622e-01
0.000000000000000000e+00 2.138735199440230605e+00 7.168174149432482878e+00 2.436595504881599084e+01 3.665689108920957562e+00
0.000000000000000000e+00 2.094197187254450476e+00 7.894811768470568758e+00 2.382124971287050030e+01 3.665673024412136272e+00
0.000000000000000000e+00 2.620036484218188910e-01 4.087322756280278746e+00 5.528314852572848714e+00 7.397527040048320623e-01
0.000000000000000000e+00 1.095778583143278001e-01 6.303705020333115527e+00 8.163671931629608025e+00 1.238944550021459312e+00
0.000000000000000000e+00 2.837669959850895873e-01 3.904922562537257225e+00 5.735970585856125403e+00 1.976781286822066885e-01
0.000000000000000000e+00 1.095778583143278001e-01 6.303705020333115527e+00 8.028398052440659072e+00 1.238885554551381274e+00
0.000000000000000000e+00 1.748566191151064431e-01 1.426166114417458219e+00 5.487541995063819344e-01 4.896287942844753105e-01
0.000000000000000000e+00 5.009235168722336873e-01 3.686058469760762790e+00 2.986497828328645632e+00 2.546218789257873594e-01
0.000000000000000000e+00 1.314285879784154176e-01 1.443745772024502383e+00 6.342467391693406009e-01 1.555964606622848266e-02
0.000000000000000000e+00 1.965944122989134180e-01 1.408553007843707627e+00 6.342464771997952111e-01 2.709434036805332124e-01
0.000000000000000000e+00 2.071928181161560634e+00 8.102289131665548538e+00 1.674277853773910962e+01 1.942405846641833467e+00
0.000000000000000000e+00 8.795300161079736001e-02 2.071933156569603529e+00 9.943140862511642419e-01 5.018611956378440375e-01
0.000000000000000000e+00 1.935552485754239216e+00 5.775681638569846399e+00 1.765068307618081533e+01 1.798260963495430298e+00
0.000000000000000000e+00 2.049659175068670347e+00 5.536710021591675357e+00 1.837667562831274282e+01 5.018015342499744236e-01
0.000000000000000000e+00 4.447741524318134937e-02 3.107387929416047356e+00 1.166694129822892334e+00 4.636683218819593333e-01
0.000000000000000000e+00 2.205542217718901021e+00 4.895334515428788613e+00 1.783221966986613438e+01 8.101022777254539287e-02
0.000000000000000000e+00 8.051872401961982506e-01 9.865218114255334569e+00 1.178322948243361346e+01 6.309311925592487880e-01
0.000000000000000000e+00 2.161004205533120892e+00 5.054353311803795989e+00 1.529124573740439352e+01 1.087339793298061741e+00
0.000000000000000000e+00 3.922345509531905416e-01 8.946531600809145557e-01 2.729347101882497184e-01 2.683293760421767704e-01
0.000000000000000000e+00 1.935552485754239216e+00 5.775681638569846399e+00 1.765068307618081533e+01 1.798260963495430298e+00
0.000000000000000000e+00 2.837414416056258659e-01 4.050844246149188699e+00 5.528314852572848714e+00 8.752431006079427478e-01
0.000000000000000000e+00 2.183273211626010735e+00 5.054255827397914125e+00 1.565420355781801653e+01 4.140518177598601635e-01
0.000000000000000000e+00 2.161004205533120892e+00 5.054252551096676704e+00 1.529124573740439352e+01 9.195551070361439594e-01
0.000000000000000000e+00 6.610227194671179640e-02 9.040045589896687162e+00 1.016841831681430541e+01 8.516068757448712334e-02
0.000000000000000000e+00 1.173181201448080142e-03 3.164379579015890176e+00 1.214712485635785155e+00 5.880990707029271070e-01
0.000000000000000000e+00 2.138735199440230605e+00 5.134511726626532990e+00 1.529124573740439352e+01 1.087339793298061741e+00
0.000000000000000000e+00 1.413966692202806583e-03 2.138735199440230605e+00 1.030856071728107226e+00 6.898673831867373207e-02
0.000000000000000000e+00 1.749041743460314491e-01 1.960592984164195363e+00 9.578347849625437060e-01 2.613229965077711880e-01
0.000000000000000000e+00 3.107661147292992254e+00 6.752103007469807849e+00 1.855762531476517196e+01 5.255474839776451468e+00
0.000000000000000000e+00 6.633819712942259916e-02 3.050394664697254399e+00 1.214794663408788278e+00 1.520698222638011687e-01
0.000000000000000000e+00 1.531188259312973865e-01 1.461344537501062080e+00 9.943198611122576747e-01 3.091072983767103044e-01
0.000000000000000000e+00 8.795300161079736001e-02 2.049664150476713242e+00 1.030795626768509887e+00 5.978732484561882776e-01
0.000000000000000000e+00 1.532148676605305515e-01 1.938322774603138177e+00 1.936288108335975755e+00 2.715793474899712290e-02
0.000000000000000000e+00 1.749041743460314491e-01 1.960592984164195363e+00 9.578952299221410449e-01 3.094201584321244480e-01
0.000000000000000000e+00 8.810130295135074063e-02 2.071953618826206878e+00 9.943140862511642419e-01 3.573874388344288056e-01
0.000000000000000000e+00 2.620036484218188910e-01 4.087322756280278746e+00 5.527640987306100762e+00 3.327244600297506461e-01
0.000000000000000000e+00 8.792910835555783899e-02 4.342669979543193115e+00 2.986506340717857366e+00 1.811674709885049195e+00
0.000000000000000000e+00 1.965944122989134180e-01 4.087316950935548476e+00 5.735960431828033279e+00 2.365581154016050291e+00
0.000000000000000000e+00 1.173181201448080142e-03 4.452103091687235725e+00 1.573849775979595744e+00 8.373874780848852284e-01
0.000000000000000000e+00 2.834802037847938827e-01 5.918106056714286467e+00 8.163888449043767537e+00 3.231795552414474582e+00
0.000000000000000000e+00 2.837414416056258659e-01 4.050844246149188699e+00 5.424508162880681716e+00 6.042059981756566778e-01
0.000000000000000000e+00 5.443337219904961222e-01 7.606059628519726168e+00 1.083275887394328407e+01 8.076723157021363786e-01
0.000000000000000000e+00 3.079263275065851069e+00 4.172018194308400041e+00 1.837643316619549338e+01 6.984432885349880493e+00
0.000000000000000000e+00 2.116466193347340763e+00 5.296239651241896773e+00 1.783218121421379720e+01 4.166011678122005790e-01
0.000000000000000000e+00 2.183273211626010735e+00 4.893932185329996187e+00 1.728776318157935066e+01 4.164858649951224678e-01
0.000000000000000000e+00 2.183273211626010735e+00 4.974094006363957376e+00 1.710622711773420690e+01 4.164858649951224678e-01
0.000000000000000000e+00 5.008581356228800630e-01 7.794011679551746674e+00 1.232540411324055540e+01 6.273047253493471143e-01
0.000000000000000000e+00 2.138735199440230605e+00 8.309915985368972358e+00 1.728704591596098439e+01 1.296924721734101782e+00
0.000000000000000000e+00 3.488306458953948086e-01 9.090718479110829753e-01 1.595882277417306205e-01 1.873597508092545161e-01
0.000000000000000000e+00 3.488796025713398752e-01 9.090718479110829753e-01 1.251347790828629403e-01 3.209463715649044646e-01
0.000000000000000000e+00 2.281270481421261015e-02 3.164381184782036005e+00 1.166611885985598507e+00 7.129793600625561334e-01
0.000000000000000000e+00 1.173181201448080142e-03 3.164379579015890176e+00 1.214712485635785155e+00 5.880990707029271070e-01
0.000000000000000000e+00 1.313810327474904116e-01 1.426147963400343999e+00 5.202096795665320794e-01 4.057002132653242388e-02
0.000000000000000000e+00 3.923551889389558789e-01 8.802599830639077361e-01 1.940705126032076788e-01 8.997166445431348941e-03
0.000000000000000000e+00 1.096907947946064027e-01 2.027416855584939004e+00 1.936285442685332647e+00 2.674184927473791107e-02
0.000000000000000000e+00 6.631312475825951180e-02 6.350800225465853543e+00 8.028417016401640183e+00 2.899650111635905692e+00
0.000000000000000000e+00 3.488306458953948086e-01 9.090718479110829753e-01 4.733554356262320573e-01 2.395557047639012005e-01
0.000000000000000000e+00 2.161004205533120892e+00 8.309920396290618072e+00 1.746849702640544422e+01 1.668051497882625744e+00
0.000000000000000000e+00 1.531188259312973865e-01 1.355757685756110442e+00 1.103762258633099291e+00 2.345249737452732852e-01
0.000000000000000000e+00 1.097149208735016951e-01 2.094203388210887251e+00 8.848702887891304325e-01 5.492070959458716928e-01
0.000000000000000000e+00 1.315016707332556933e-01 1.478941389272819817e+00 2.059418025026979460e-01 6.835055616203555839e-02
0.000000000000000000e+00 4.442986001225633641e-02 4.415626770012363700e+00 1.573843432001139409e+00 9.175885449931336924e-01
0.000000000000000000e+00 3.193153424986403977e+00 9.625917761724847921e+00 1.855719228405157040e+01 4.989513826026911403e+00
0.000000000000000000e+00 2.116466193347340763e+00 5.296239651241896773e+00 1.783218121421379720e+01 4.166011678122005790e-01
0.000000000000000000e+00 2.620036484218188910e-01 4.087322756280278746e+00 5.527640987306100762e+00 3.327244600297506461e-01
0.000000000000000000e+00 3.079263275065851069e+00 4.172018194308400041e+00 1.837643316619549338e+01 6.984432885349880493e+00
0.000000000000000000e+00 1.315016707332556933e-01 1.478941389272819817e+00 4.062667317334759387e-01 1.195169171834112483e-02
0.000000000000000000e+00 3.923551889389558789e-01 8.513926955039813338e-01 2.285810117672947006e-01 7.604197264650999766e-02
0.000000000000000000e+00 1.315265043096845443e-01 1.408550154776185614e+00 1.395605637464313986e+00 1.651810621673779622e-01
0.000000000000000000e+00 5.229345609231088599e-01 5.388909541761281119e+00 7.892907655837555048e+00 2.434489817479138507e-01
0.000000000000000000e+00 4.447741524318134937e-02 3.135885355313851264e+00 1.698645169709441571e+00 5.965812824856949748e-01
0.000000000000000000e+00 1.313810327474904116e-01 1.461343580648661433e+00 6.627439030975988965e-01 5.208161594673816480e-02
0.000000000000000000e+00 2.281270481421261015e-02 3.164381184782036005e+00 1.166611885985598507e+00 7.129793600625561334e-01
0.000000000000000000e+00 3.705684390792017835e-01 8.369718095608195130e-01 2.165761135837825438e-02 4.148186590866795309e-02
0.000000000000000000e+00 3.922582129288760822e-01 8.946531600809145557e-01 9.065273610095399281e-02 3.127830436011901777e-02
0.000000000000000000e+00 8.805091794206650058e-02 4.379150400446176761e+00 2.906336007294688439e+00 6.698011232712546281e-01
0.000000000000000000e+00 5.009235168722336873e-01 3.649578048857779144e+00 3.066668161751814559e+00 1.508151892336366540e-01
0.000000000000000000e+00 5.009235168722336873e-01 3.649578048857779144e+00 2.986506340717857366e+00 1.507676748104522790e-01
0.000000000000000000e+00 2.138735199440230605e+00 5.214572886352986991e+00 1.547270541978503822e+01 4.140237499767929208e-01
0.000000000000000000e+00 2.401906366522967851e-01 2.879422467248121897e+00 2.259522469022127833e+00 1.156545338029811437e-01
0.000000000000000000e+00 6.631312475825951180e-02 6.398897387390205083e+00 7.892907655837555048e+00 3.065662682253909033e+00
0.000000000000000000e+00 5.445197412256150837e-01 5.292849853165302321e-01 1.243237421371923140e-01 6.911971573435890179e-03
0.000000000000000000e+00 1.748566191151064431e-01 3.174879279566880097e-01 1.439287373136835524e-01 7.813898733989520229e-02
0.000000000000000000e+00 3.193153424986403977e+00 9.761408158327951057e+00 1.855714144775686947e+01 4.884911593628283200e+00
0.000000000000000000e+00 1.097149208735016951e-01 2.116472394303777094e+00 8.848688734503800113e-01 4.530377001220404209e-01
0.000000000000000000e+00 8.805091794206650058e-02 4.379150400446176761e+00 2.986497828328645632e+00 4.659141033014371075e-02
0.000000000000000000e+00 1.313810327474904116e-01 1.478941389272819817e+00 1.393207067526104070e-01 1.192123056654756548e-02
0.000000000000000000e+00 8.784006513051878517e-02 6.255602933675837640e+00 8.434906786432629033e+00 7.402087690065040082e-01
0.000000000000000000e+00 2.116466193347340763e+00 5.214470057704245320e+00 1.547274387543737184e+01 9.195867385571155905e-01
0.000000000000000000e+00 1.313810327474904116e-01 1.443761978904943399e+00 5.487069456563374859e-01 5.197719453640755466e-02
0.000000000000000000e+00 4.460040394561355648e-02 2.116468695668682454e+00 4.348068331453863733e-01 3.071740231510594055e-01
0.000000000000000000e+00 7.835865095715631723e-01 4.763673234148754432e+00 8.299181041373232759e+00 2.899770411178475893e+00
0.000000000000000000e+00 6.631312475825951180e-02 6.398897387390205083e+00 7.892907655837555048e+00 3.065662682253909033e+00
0.000000000000000000e+00 1.531188259312973865e-01 4.934650631723342951e-01 3.278520630468041985e-01 1.798958805091677438e-01
0.000000000000000000e+00 1.096907947946064027e-01 2.027396369932216391e+00 1.888108587847980635e+00 1.518293224392719964e-01
0.000000000000000000e+00 1.748566191151064431e-01 3.175041710954598084e-01 1.556796060090110956e-01 1.600622431236383564e-02
0.000000000000000000e+00 2.183273211626010735e+00 5.054255827397914125e+00 1.565420355781801653e+01 4.140518177598601635e-01
0.000000000000000000e+00 6.623933450588569138e-02 4.379148380774642746e+00 1.573944425914326484e+00 9.977503660270947705e-01
0.000000000000000000e+00 6.628829118183067470e-02 4.415628801677626392e+00 2.585688723158850788e+00 1.811482046105076238e+00
0.000000000000000000e+00 1.096907947946064027e-01 2.049665376025107122e+00 9.943140862511642419e-01 8.369866437811235294e-01
0.000000000000000000e+00 3.164655999088600513e+00 6.336879668315363645e+00 1.873921372677472519e+01 5.750283347127152389e+00
0.000000000000000000e+00 1.749283004249267415e-01 1.415098417151014476e-01 1.765992574861262043e-01 9.839694185650950387e-02
0.000000000000000000e+00 4.445352198794184223e-02 4.415626770012363700e+00 1.511523732077509230e+00 9.175492991188427538e-01
0.000000000000000000e+00 1.231645461951578514e-03 4.452103091687235725e+00 1.636169475903226367e+00 8.374267239591761669e-01
0.000000000000000000e+00 6.633819712942259916e-02 3.078892090595059639e+00 1.214791291747243207e+00 1.521020607498671240e-01
0.000000000000000000e+00 1.313810327474904116e-01 3.021901943749289110e+00 4.470791047947198504e-01 5.497760865318372936e-01
0.000000000000000000e+00 1.315016707332556933e-01 1.478941389272819817e+00 3.777693058356722533e-01 6.893007776276753595e-02
0.000000000000000000e+00 4.139960061126851110e-01 8.658135765778948167e-01 2.165908829582310902e-02 2.416372713473218664e-02
0.000000000000000000e+00 5.009235168722336873e-01 3.649578048857779144e+00 3.066668161751814559e+00 1.508151892336366540e-01
0.000000000000000000e+00 2.161004205533120892e+00 5.054252551096676704e+00 1.529124573740439352e+01 9.195551070361439594e-01
0.000000000000000000e+00 2.049659175068670347e+00 5.535107446328411562e+00 1.710618866208186972e+01 2.094357270742376542e+00
0.000000000000000000e+00 2.071928181161560634e+00 5.454948953294926461e+00 1.710618866208186972e+01 2.094357270742376542e+00
0.000000000000000000e+00 2.161004205533120892e+00 5.054353311803795989e+00 1.547274387543737184e+01 9.195867385571155905e-01
0.000000000000000000e+00 3.706422293315756455e-01 8.946524289967298094e-01 4.510864295333424923e-01 4.005759586188561983e-02
0.000000000000000000e+00 1.313810327474904116e-01 1.478941389272819817e+00 4.917115471146566996e-01 5.184295152089722636e-02
0.000000000000000000e+00 3.488306458953948086e-01 9.090718479110829753e-01 1.595882277417306205e-01 1.870442567217432683e-01
0.000000000000000000e+00 3.488796025713398752e-01 9.090718479110829753e-01 4.446782067692798233e-03 2.409315123469239067e-02
0.000000000000000000e+00 1.314527140573107100e-01 5.110619149440920328e-01 3.380165406387626303e-01 9.940594019457378583e-02
0.000000000000000000e+00 1.313810327474904116e-01 3.351000355829448218e-01 1.556777957677522584e-01 4.397445421468857037e-03
0.000000000000000000e+00 3.488796025713398752e-01 9.090718479110829753e-01 1.251347790828629403e-01 3.209463715649044646e-01
0.000000000000000000e+00 1.261305992118845302e-03 2.138735199440230605e+00 9.213543640595598383e-01 5.010597776973056972e-01
0.000000000000000000e+00 1.314285879784154176e-01 1.591219493413582875e-01 3.962261649098007543e-02 2.208910176480924706e-02
0.000000000000000000e+00 3.164789372440640847e+00 3.931536741232524168e+00 1.837643316619549338e+01 6.984432885349880493e+00
0.000000000000000000e+00 3.488306458953948086e-01 8.946516930521055677e-01 4.510860410743745552e-01 2.395233958448152178e-01
0.000000000000000000e+00 3.488796025713398752e-01 8.225509187572173087e-01 1.689408376204430337e-02 5.296812607972765582e-03
0.000000000000000000e+00 8.810130295135074063e-02 2.071953618826206878e+00 9.943140862511642419e-01 3.573874388344288056e-01
0.000000000000000000e+00 1.531188259312973865e-01 4.934650631723342951e-01 3.176875854548452671e-01 4.566164574813392357e-02
0.000000000000000000e+00 1.532642974934915470e-01 5.110628717964916801e-01 3.481480193914716637e-01 3.226481268010242959e-02
0.000000000000000000e+00 1.313810327474904116e-01 2.470947855817113292e-01 3.640249023671522990e-03 5.304375421938933508e-03
0.000000000000000000e+00 7.835865095715631723e-01 4.763673234148754432e+00 8.299181041373232759e+00 2.899770411178475893e+00
0.000000000000000000e+00 3.488306458953948086e-01 8.802315381931276050e-01 4.510855936105304664e-01 2.395071610766571213e-01
0.000000000000000000e+00 1.749041743460314491e-01 1.960592984164195363e+00 9.578952299221410449e-01 3.094201584321244480e-01
0.000000000000000000e+00 1.749041743460314491e-01 1.960592984164195363e+00 9.578347849625437060e-01 2.613229965077711880e-01
0.000000000000000000e+00 1.314527140573107100e-01 5.286597235682495288e-01 1.702686381480041089e-01 7.513169036081326913e-02
0.000000000000000000e+00 3.922582129288760822e-01 8.225523857860261856e-01 9.065106652203494542e-02 4.140486956547113212e-02
0.000000000000000000e+00 2.837414416056258659e-01 4.050844246149188699e+00 5.424508162880681716e+00 6.042059981756566778e-01
0.000000000000000000e+00 1.531188259312973865e-01 4.934650631723342951e-01 3.278520630468041985e-01 5.375287260029971807e-03
0.000000000000000000e+00 1.748566191151064431e-01 2.998901193325288483e-01 1.322355175717438158e-01 1.340602890828898330e-01
0.000000000000000000e+00 8.805091794206650058e-02 4.379150400446176761e+00 2.986497828328645632e+00 7.728222825117432304e-01
0.000000000000000000e+00 1.532394639170626960e-01 5.110790968780812848e-01 3.481651860765352935e-01 1.128550331665378603e-01
0.000000000000000000e+00 3.922345509531905416e-01 8.081322309270488891e-01 2.285797342134940902e-01 7.600103279999588513e-02
0.000000000000000000e+00 3.922345509531905416e-01 8.225523857860261856e-01 2.285513205272398929e-01 7.601472034480463713e-02
0.000000000000000000e+00 2.269206682844730760e-02 1.530546695579210748e-01 1.099903912618537677e-01 2.399419356724738495e-02
0.000000000000000000e+00 2.269206682844730760e-02 1.095790831903050572e-01 1.627767153729890448e-01 4.030353436741290762e-02
0.000000000000000000e+00 3.704967577693815128e-01 3.466865443555821602e-01 1.609312474712549235e-01 8.525534259016333272e-02
0.000000000000000000e+00 3.704967577693815128e-01 2.745857700606938456e-01 1.516139864774322110e-01 8.521529146344739014e-02
0.000000000000000000e+00 3.704967577693815128e-01 2.601656152017172707e-01 1.515970465122816191e-01 1.289945655639831643e-02
0.000000000000000000e+00 1.531663811622223925e-01 1.390969528086017482e+00 1.030801428434483524e+00 2.345249737452732852e-01
0.000000000000000000e+00 1.965944122989134180e-01 4.123797371838532122e+00 5.735949988380610876e+00 2.365637463242121541e+00
0.000000000000000000e+00 1.313810327474904116e-01 3.350838287025037499e-01 1.674286644630798015e-01 1.340794267925384253e-01
0.000000000000000000e+00 4.139960061126851110e-01 8.658270416068830633e-01 9.065249422138589586e-02 2.426655265604115569e-02
0.000000000000000000e+00 1.313810327474904116e-01 1.767360561549756182e-01 1.333873599839853485e-01 1.218368593738660410e-01
0.000000000000000000e+00 1.748566191151064431e-01 3.350857365808471711e-01 1.792426036767564290e-01 1.434257631827227930e-01
0.000000000000000000e+00 2.269206682844730760e-02 1.530546695579210748e-01 5.183642408653030276e-03 4.763226777342004920e-02
0.000000000000000000e+00 1.532642974934915470e-01 4.934812882539237888e-01 3.379133973581684436e-01 4.567912653695014452e-02
0.000000000000000000e+00 1.315265043096845443e-01 5.110619149440920328e-01 1.609401060038252729e-01 1.259067570700689309e-01
0.000000000000000000e+00 3.704967577693815128e-01 3.322663894966042530e-01 1.516028354411042556e-01 8.530980011266799112e-02
0.000000000000000000e+00 2.269206682844730760e-02 1.530546695579210748e-01 4.891508359931882877e-02 4.154025917429291642e-02
0.000000000000000000e+00 7.617116538285821914e-01 9.945365256200696891e+00 1.214443816046652991e+01 8.648424032579664356e-02
0.000000000000000000e+00 2.138735199440230605e+00 7.168174149432482878e+00 2.436595504881599084e+01 3.665689108920957562e+00
0.000000000000000000e+00 2.936400171833456696e+00 7.064398384610574233e+00 2.363970778299239583e+01 3.665673024412136272e+00
0.000000000000000000e+00 2.138735199440230605e+00 8.415698264350762514e+00 1.710550075033948048e+01 1.915442646533276561e+00
0.000000000000000000e+00 3.164655999088600513e+00 9.625915613087160594e+00 1.837574443594103357e+01 5.200171713510598259e+00
0.000000000000000000e+00 3.704967577693815128e-01 2.745857700606938456e-01 3.278533776250579512e-01 1.261776121429233066e-01
0.000000000000000000e+00 1.313810327474904116e-01 2.294969769575521956e-01 4.439426264647566671e-03 4.855439246239708767e-02
0.000000000000000000e+00 1.531188259312973865e-01 1.591066993133186114e-01 1.189672051250087736e-01 1.945402380550054558e-02
0.000000000000000000e+00 6.633819712942259916e-02 3.078892090595059639e+00 1.214791291747243207e+00 1.521020607498671240e-01
0.000000000000000000e+00 5.443536030122041458e-01 7.668379328443358567e+00 1.066671738193314489e+01 6.270868442364565531e-01
0.000000000000000000e+00 1.315016707332556933e-01 1.478941389272819817e+00 3.777693058356722533e-01 6.893007776276753595e-02
0.000000000000000000e+00 1.748566191151064431e-01 3.526835452050046671e-01 1.909952330377954477e-01 1.341110397411950372e-01
0.000000000000000000e+00 1.313810327474904116e-01 3.350838287025037499e-01 1.674286644630798015e-01 1.247521009572522682e-01
0.000000000000000000e+00 1.748566191151064431e-01 3.174879279566880097e-01 1.909916817009485179e-01 1.340984373474366220e-01
0.000000000000000000e+00 1.096907947946064027e-01 2.027416855584939004e+00 1.936285442685332647e+00 8.906154919837132311e-02
0.000000000000000000e+00 1.313810327474904116e-01 2.470947855817113292e-01 3.640249023671522990e-03 1.968008754959033393e-02
0.000000000000000000e+00 5.446723541069158347e-01 5.340814703993279622e+00 7.892907655837555048e+00 2.434489817479138507e-01
0.000000000000000000e+00 3.705443130003065466e-01 2.890059249196718083e-01 3.380019961755342250e-01 1.127629313849767834e-01
0.000000000000000000e+00 4.442986001225633641e-02 1.313180941282011405e-01 9.239258263769462021e-02 2.387468645937521061e-02
0.000000000000000000e+00 3.922582129288760822e-01 8.658128503629594075e-01 9.065220628039341588e-02 2.419538368887719573e-02
0.000000000000000000e+00 2.269206682844730760e-02 9.100218380185244810e-04 2.007928891578319719e-01 5.913806779845041245e-02
0.000000000000000000e+00 1.531188259312973865e-01 1.767207330190656567e-01 1.045496076595506391e-01 3.418626841147117540e-02
0.000000000000000000e+00 1.531188259312973865e-01 1.591066993133186114e-01 1.765262499532111451e-01 3.395728608342663685e-02
0.000000000000000000e+00 1.531188259312973865e-01 1.591066993133186114e-01 1.766720704534491537e-01 1.980736242199618302e-02
0.000000000000000000e+00 1.313810327474904116e-01 1.767360561549756182e-01 1.478075148429633112e-01 3.411689959308834147e-02
0.000000000000000000e+00 7.617116538285821914e-01 9.945365256200696891e+00 1.214443816046652991e+01 8.648424032579664356e-02
0.000000000000000000e+00 1.313810327474904116e-01 1.767360561549756182e-01 2.054881342788737464e-01 2.787137960650293636e-02
0.000000000000000000e+00 3.704967577693815128e-01 2.601656152017172707e-01 1.515970465122816191e-01 8.520855948110238332e-02
0.000000000000000000e+00 1.748566191151064431e-01 3.174879279566880097e-01 1.792408130056198645e-01 1.341221916018736360e-01
0.000000000000000000e+00 2.161004205533120892e+00 8.309920396290618072e+00 1.728699888837246235e+01 1.296933039479120975e+00
0.000000000000000000e+00 2.183273211626010735e+00 4.974094006363957376e+00 1.710622711773420690e+01 4.164858649951224678e-01
0.000000000000000000e+00 2.269206682844730760e-02 2.262791045507099585e-02 5.412524783431905441e-03 7.292136641405640163e-02
0.000000000000000000e+00 1.173181201448080142e-03 1.092801686515678522e-03 2.714089115431556065e-02 2.942948876532808927e-02
0.000000000000000000e+00 2.271572880413281342e-02 2.264781502182755188e-02 1.138462842483092957e-01 2.588664523215742849e-02
0.000000000000000000e+00 1.173181201448080142e-03 1.092801686515678522e-03 2.688592440403918260e-02 7.290507513294409991e-02
0.000000000000000000e+00 1.748566191151064431e-01 1.415098417151014476e-01 1.333873599839853485e-01 1.060289828383160771e-01
0.000000000000000000e+00 3.922821061841155754e-01 8.658128503629594075e-01 9.065220628039341588e-02 2.431664306685987417e-02
0.000000000000000000e+00 2.269206682844730760e-02 2.262791045507099585e-02 2.715031796724094032e-02 7.293762841726975088e-02
0.000000000000000000e+00 1.313810327474904116e-01 3.527141423965621803e-01 3.629905414025764304e-03 1.570245663310658735e-01
0.000000000000000000e+00 2.271572880413281342e-02 9.100218380185244810e-04 1.138417164225999367e-01 4.499182015508878044e-03
0.000000000000000000e+00 1.173181201448080142e-03 4.436447876290276066e-02 7.058953932393602360e-02 7.297006420762228163e-02
0.000000000000000000e+00 2.269206682844730760e-02 2.264781502182755188e-02 5.157318329268230014e-03 4.743760841181607346e-02
