5.009676636960977980e+00 1.811961197332039725e-02
-6.634766506223683358e+00 6.753943710934956357e+01
-6.606896860751742651e+00 5.117408570809526935e+01
-6.606959666235105999e+00 5.577662695269811621e+01
3.013627180862568533e+00 2.726689770489491849e-02
-6.613854338559845836e+00 6.098523020036942199e+01
-6.610506910175255157e+00 5.698324535584556827e+01
4.272516650514900149e+00 1.858432302123718197e-02
4.986589628932655671e+00 1.829010223384613942e-02
3.686729426931919296e+00 2.332113565547992012e-02
-6.629154011982890005e+00 6.612107313921298157e+01
-6.623495914952313157e+00 6.197262576469802298e+01
-6.628651757179202519e+00 6.386108730903094255e+01
1.744003354601097788e+00 3.909259700559294948e-02
-6.574594198401646494e+00 4.654211717545170757e+01
-6.595032756027425336e+00 4.824281946620010331e+01
3.742757950585671622e+00 2.046812373351386202e-02
4.063268980316818713e+00 1.965081469550782056e-02
-6.596815301973522949e+00 4.980018656536701371e+01
-6.627669555000379908e+00 6.354157506355239349e+01
-6.550888584994672748e+00 4.474232881477879431e+01
-6.580948304352423506e+00 4.759473012047533302e+01
2.132079385868602461e+00 3.689656771836071630e-02
8.335527183928521655e-01 5.728052633851994646e-02
1.530289246306450357e+00 3.919660892057669210e-02
-6.535021735849620761e+00 4.358097089068884600e+01
-6.609707830226528635e+00 5.672153223737717553e+01
-6.601103820394966348e+00 4.991439546489436907e+01
2.331968151850445370e+00 3.252072908326177070e-02
-6.061568065851172804e+00 3.505009325774931028e+01
-6.601579488203118906e+00 5.099260059656102584e+01
-5.989680684748519113e+00 3.449667774929594799e+01
-6.565738816939440170e+00 4.564869324346672386e+01
-6.619046074573803118e+00 6.122831708684086038e+01
-6.606959666235105999e+00 5.577662695269811621e+01
1.522317464334300485e+00 4.184762166600298344e-02
1.359429828729411094e+00 4.737356641629336673e-02
1.895210337730165007e+00 3.828262408009480006e-02
-6.427342196750022829e+00 4.021247354215978476e+01
6.787483891640587741e-01 5.907682636040530177e-02
-6.428170660706936879e+00 4.098026458459433741e+01
1.171389923457100801e+00 4.846930222968318797e-02
1.249375565269195354e+00 4.841589973922601903e-02
-6.196621712361624290e+00 3.703100213825114650e+01
2.609000702675863703e+00 2.932226296049707942e-02
-6.629907387194016621e+00 6.687035498484875973e+01
-6.593027209746589179e+00 4.784154595794790055e+01
9.068550542277052928e-01 5.684375965725667335e-02
-6.421146646340536890e+00 3.964584584268122569e+01
-5.889371104789045575e+00 3.281406752773666824e+01
-6.633524861022626062e+00 6.734200988431838653e+01
-6.248133944675131168e+00 3.813322396523530244e+01
-6.176848500208637738e+00 3.647489803920196039e+01
-6.561123199815216189e+00 4.556977914099904581e+01
-6.473336550902349273e+00 4.186969954964540364e+01
-6.454790049418687836e+00 4.131326230596584281e+01
-5.666729012961603473e+00 2.840202761876913584e+01
1.321150469142638340e+00 4.836713833979518207e-02
4.272516650514900149e+00 1.858432302123718197e-02
4.167092932231751590e+00 1.892021493818204364e-02
2.800393058056254603e+00 2.823798605994957620e-02
2.004381011484101638e+00 3.766060181733503487e-02
2.093686100248153270e+00 3.706597492382229797e-02
-6.556135555522746294e+00 4.503592160042213521e+01
-5.664290271386393627e+00 2.796962737296633605e+01
-1.896738325162554251e+00 1.908358782533151887e-01
2.701092319369641448e+00 2.897230894322754685e-02
2.882479521879783846e+00 2.765601963988514184e-02
-5.770215306066718952e+00 3.093775346666389581e+01
-6.275766025146410243e+00 3.849960008445294335e+01
-5.799910022620447414e+00 3.128119468448142015e+01
-6.218479312850197616e+00 3.729320033171653392e+01
-5.492208555149276528e+00 2.181598417394243228e+01
2.927124244735407554e+00 2.759235784968259303e-02
-5.095687366121548045e+00 1.071799342283100387e+01
-6.629907387194016621e+00 6.687035498484875973e+01
-2.405491822382090028e+00 2.666630058282387084e-01
-6.453311434503868682e+00 4.127299349450673560e+01
-2.006905934560395899e+00 2.016086231444877974e-01
-4.985865664347283399e+00 8.645797310856321971e+00
-6.514990911403841345e+00 4.289827453462053342e+01
-6.410750747979591324e+00 3.950082991047167980e+01
-6.530040556785895234e+00 4.312994321342046078e+01
-6.535021735849620761e+00 4.358097089068884600e+01
-5.496745161266463064e+00 2.203511708669785563e+01
-5.897984721643058315e+00 3.323710488001474772e+01
4.548490165148820763e-01 6.718544800014977780e-02
-6.222892634428546010e+00 3.791687342712423714e+01
-5.763838674449991650e+00 3.065324700145152548e+01
-5.306523436144834349e+00 1.614694020566894039e+01
2.392485970552904809e-02 7.822715118203531215e-02
-5.204918117732802330e+00 1.354454971528471674e+01
-2.098397682193508196e+00 2.272046724483595126e-01
-2.415935219615320317e+00 2.789690660395447441e-01
1.099402179774146227e+00 4.847115739037939630e-02
-5.300276902637716780e+00 1.577065945911653166e+01
-4.036724101431373057e+00 1.517306060636816500e+00
-5.955533923061987700e+00 3.425723524130209086e+01
-6.428004923524373027e+00 4.054256960489574624e+01
-2.163424766059199644e+00 2.274562057240923918e-01
-2.901624412568384326e+00 3.942965537999752468e-01
-2.479892910878668033e+00 2.790332846512758036e-01
-2.334636108387619480e+00 2.603662440560137736e-01
-5.906766315571411852e+00 3.392848243716943557e+01
2.526685558595694658e+00 3.108772195331578614e-02
-5.453863736742554202e+00 2.068053547376449330e+01
3.168442001122657725e-01 6.841023877207039194e-02
-5.898754766217789047e+00 3.343387351536782148e+01
-4.742571192301062943e+00 5.165147817842500544e+00
-4.887357241007350694e+00 6.983364319002974163e+00
-4.987363620217365678e+00 8.922466890850801136e+00
-1.945594329201392636e+00 2.015904162809760425e-01
-5.088084392230348030e+00 1.051837913974952343e+01
-5.210493259982385439e+00 1.386755317624307082e+01
-5.378087027374817808e+00 1.835902391565361214e+01
-5.170746221955669242e+00 1.258610804480490231e+01
-5.146149070721365959e+00 1.206246505635317945e+01
-5.644909642770781666e+00 2.736675847815652673e+01
-1.357549443842678005e-01 8.662449253238296842e-02
-5.615180607686328429e+00 2.609626711312919767e+01
-4.955849891424710663e+00 8.058446379126271708e+00
4.796783981265250740e-01 6.666601761754185895e-02
-2.787776520254302337e+00 3.713205988922955170e-01
-3.048343927296840228e+00 4.648244635338203978e-01
-6.377130764612397584e+00 3.931451265176761467e+01
-6.221396030800150356e+00 3.766299632747394810e+01
-6.296950201249299717e+00 3.893573346648786782e+01
-2.953223619250878729e-01 8.773605148720443891e-02
-4.910187936095280925e+00 7.369855357881691660e+00
-5.726723589224409494e+00 3.014822674435019323e+01
-6.116882468070436119e+00 3.555975796991126003e+01
-1.843302850764300116e+00 1.908071715294565873e-01
-4.603226184204056715e+00 4.010668599325485140e+00
-5.808386640223599962e+00 3.156597622787277402e+01
-4.656452562510507320e+00 4.506547423015966558e+00
-2.442657771177599857e-01 8.741020923352933736e-02
-1.802827150447458004e-01 8.690555124367012330e-02
-5.523170882977844087e+00 2.291461433354063360e+01
-4.784819196432340327e+00 5.754954795861467964e+00
-5.060126577869306530e+00 1.009683486056594326e+01
-3.409557500304152833e-01 8.790851122481398161e-02
-5.404486860682172100e+00 1.921939281644738884e+01
-4.670886912788581036e+00 4.640503960916983139e+00
-1.180277279790965528e+00 1.363014429284458706e-01
-5.717341173521381492e+00 2.992642683732799114e+01
-5.324808297026754289e+00 1.699389380057651522e+01
-6.286570623294201354e+00 3.867702132443872642e+01
-1.618642369328703756e+00 1.686909084495444300e-01
1.024885503559500366e+00 5.059122312483613215e-02
4.074207993223250668e+00 1.940696491661503612e-02
-4.800131813326566466e+00 5.949527063738592858e+00
-1.366485675444908621e+00 1.475782598257835976e-01
-6.227970163196952846e+00 3.809535952870434272e+01
-2.932549269614764142e+00 4.330262004246332452e-01
-4.899145662030542248e+00 7.145005637756053574e+00
-5.382191982904217298e+00 1.867193904926116943e+01
8.189009383642588402e-02 7.737077725293847741e-02
-4.448846544168235440e+00 3.052113534701330622e+00
-5.815460615941077549e+00 3.178925549719375709e+01
-5.096632193078774797e+00 1.096634486419302412e+01
-2.746237583434361085e+00 3.623209995044890386e-01
-5.871931726657646067e+00 3.238484314448743362e+01
-1.658876421108349986e+00 1.687175873828332395e-01
-5.290784476400583358e+00 1.558834720548258446e+01
-6.339188324197443380e-01 1.062462523635864658e-01
6.195245652279997989e-02 7.816164851611734354e-02
9.568585339754652752e-01 5.128594660841223618e-02
-1.115751382823385152e+00 1.258026133892022058e-01
-4.951904147393777045e+00 7.914387536803815237e+00
-6.428004923524373027e+00 4.054256960489574624e+01
-5.806346318509794990e+00 3.131762456033643716e+01
-6.366189352744294538e+00 3.913213741839685866e+01
1.964302883380266929e+00 3.786325475345386771e-02
-4.701250746913839151e+00 4.897463060857158546e+00
-5.074242954781047921e+00 1.044414522749243801e+01
-5.452728340373339755e+00 2.044731067788442047e+01
-6.508394134729996949e+00 4.263073832310063693e+01
-2.838453598091312813e+00 3.799830946630722295e-01
-1.753786241666756451e+00 1.799525464554148635e-01
2.437371504162910707e+00 3.134381005133988346e-02
3.984729813632625350e-01 6.792264447032347885e-02
-4.335070701320009157e+00 2.516512819344779661e+00
-6.628651757179202519e+00 6.386108730903094255e+01
-6.627669555000379908e+00 6.354157506355239349e+01
-5.757934438555438739e+00 3.051794906152370146e+01
-5.695566554824289085e+00 2.923147053210513846e+01
-6.556135555522746294e+00 4.503592160042213521e+01
-4.073034698720036317e+00 1.572362216826118209e+00
2.488640364729461041e+00 3.120211411079820349e-02
-5.769968178346511323e+00 3.091784026563136223e+01
-1.315362283370681951e+00 1.448380084990548433e-01
-4.837591938146226234e+00 6.354291884905239662e+00
-5.941799685622453531e+00 3.404490112485635223e+01
-5.498782424113756839e+00 2.225277932503453471e+01
-6.527891127148724770e+00 4.300067822736401979e+01
-5.416729769721377874e-01 9.765199929492750230e-02
-4.363308267504046434e+00 2.609967889319227297e+00
-5.148221894388085751e+00 1.224292450173969193e+01
-2.568384738895900465e+00 3.191282938268140135e-01
-5.519645228865348585e+00 2.274859810370375968e+01
-2.027394486213678793e+00 2.140329238554435354e-01
-4.014776905369976667e+00 1.469251843047664430e+00
-3.081576115562824292e+00 4.775467040005225705e-01
-4.244244834220889828e+00 2.152606562615106522e+00
3.452140560755422860e-01 6.824033785687019793e-02
3.984729813632625350e-01 6.792264447032347885e-02
-5.524775070210624861e+00 2.308857394016989062e+01
-5.272897587726326663e+00 1.522531390936470785e+01
-5.163966844265119427e+00 1.242411012599217912e+01
-5.016266257839187226e+00 9.256264188961552009e+00
-7.133337117072354738e-01 1.069819561181213630e-01
-5.669690085857746809e+00 2.856891463688458543e+01
-4.649121195561373376e+00 4.394878205090278378e+00
-5.393574305502381705e+00 1.911849560671917558e+01
-5.255454998494617058e+00 1.480594064890302342e+01
-3.917334323964070997e+00 1.216170348101320409e+00
4.126021279667265063e+00 1.939987820820144801e-02
-3.523310903536500671e+00 7.312000408746852642e-01
-4.218304685833830447e+00 2.088650161051022636e+00
-1.704167605381334161e+00 1.694776610101499104e-01
-5.644248347434433377e+00 2.709128788393632448e+01
5.201079650828834833e-01 6.061394345706386938e-02
-3.885788965967657660e+00 1.194295279550823929e+00
-2.759685236934618646e-01 8.770329890925193661e-02
1.660835754298220501e-01 6.993136498100770149e-02
-5.537307033105590470e+00 2.326559387427470327e+01
-5.253045616469020906e+00 1.461069565506185164e+01
-1.937995404069165595e+00 2.015105200497194216e-01
-4.929973305193891875e+00 7.666668175479482983e+00
-6.113504453044277476e+00 3.532069893307880903e+01
-5.649640722682192084e+00 2.744937410498232211e+01
-5.941799685622453531e+00 3.404490112485635223e+01
-5.341651702300235449e+00 1.718491570352908937e+01
-5.057620194329183860e+00 9.971816646211093982e+00
-5.413539135878899344e+00 1.972782645562653769e+01
-5.985581778473122228e+00 3.443007493408982356e+01
-5.339661795723233517e+00 1.709922044896186577e+01
-5.589235468966106346e+00 2.535080827177253227e+01
-1.788348114779825027e+00 1.803821368892488952e-01
-5.202788186126449332e+00 1.345960980349213543e+01
-3.345838237384422431e+00 6.219665431532683808e-01
-4.613506284832653570e+00 4.085024292818877356e+00
-4.421806221320634944e-01 9.705544180430480949e-02
-5.616478148291848882e+00 2.632075777754810630e+01
-5.681958393971030752e+00 2.868711074008403372e+01
-5.905373893016681919e+00 3.384117060731156812e+01
-5.551950933066443383e+00 2.381094474962635132e+01
-4.685498613593119366e+00 4.785752577254524631e+00
-3.216026213420325686e+00 5.479960599612905270e-01
-7.757764350668214792e-01 1.075594191137044103e-01
-5.850784805324277471e+00 3.212323381809235912e+01
-6.209772724733162441e+00 3.722175609927103324e+01
-5.185492320752369544e+00 1.314182720785659697e+01
-3.018467389550248292e+00 4.612956813268735967e-01
-5.559281340639760316e+00 2.434966602386424483e+01
-4.920004722580718415e+00 7.542385967159544791e+00
2.749339793884815197e-01 6.878641397347183550e-02
-5.685549618147733852e+00 2.888385229751353478e+01
-5.079304763751358864e-01 9.762926197968588293e-02
-4.717504020648354945e+00 5.107687978457681410e+00
-5.508176134339210606e+00 2.228786107483039203e+01
-5.817160429875089633e+00 3.197691685827138741e+01
2.768251639751510229e+00 2.852747294201020412e-02
-4.414277781842748105e+00 2.885368555067867380e+00
-2.540150150770168480e+00 3.048710730440147842e-01
-1.223367644820707811e+00 1.365436202270109700e-01
-2.058707338554620847e+00 2.143741302018613015e-01
-3.541569186718663165e+00 7.572735106923644821e-01
-4.853013859032800248e+00 6.676993466620550599e+00
-5.554162980786607307e+00 2.416673899523261326e+01
-3.989480457780325562e+00 1.380105839954795632e+00
-4.139775752129398079e+00 1.774560886385194491e+00
-2.270912144548654421e+00 2.537973894616104564e-01
-4.201785902054206545e+00 1.970291461490713658e+00
-5.023429558027126873e+00 9.486107964813744076e+00
-5.542585787496458138e+00 2.362846107663839490e+01
-6.221396030800150356e+00 3.766299632747394810e+01
-5.598040967052201999e+00 2.549177651290753843e+01
-4.185996645144317796e+00 1.920229504758088623e+00
-5.391940464777067454e+00 1.885907220610176793e+01
-5.701296710227938824e+00 2.954022207575413006e+01
-4.558613046981043304e+00 3.819578690264011200e+00
-3.749553900892520497e-01 8.848209672126268466e-02
-3.588515740878441385e+00 7.986325863490340016e-01
-6.198682761222537252e+00 3.712760246325035496e+01
-1.069361148286796098e-01 7.904342764322656867e-02
-6.333660922240751390e+00 3.906126639936037748e+01
-6.162162607431395323e+00 3.635917145896099356e+01
-5.318099714385938981e+00 1.652687810809382540e+01
-5.238035751752025959e+00 1.425310141750813031e+01
2.397518244055317993e+00 3.148732015306281162e-02
-1.453010394502050495e+00 1.483038171308482811e-01
-4.106259534769053587e+00 1.706501837127259780e+00
-5.740947268857722996e+00 3.032454363893922888e+01
-5.812501265740471545e+00 3.165381044265886956e+01
-5.185095701718795524e+00 1.292169974864231285e+01
-4.980363631588678786e+00 8.479895839767570109e+00
-4.488215518643075441e+00 3.293778928170784770e+00
-1.677296027198470263e+00 1.692332809639185143e-01
-5.847904333107394770e+00 3.204519366187250284e+01
2.359487828547655930e+00 3.200353710942428070e-02
-4.125568946219337896e+00 1.732048927191136789e+00
-2.192687925484982259e+00 2.398051880344013453e-01
-5.864968850999315642e+00 3.222664384685344885e+01
-3.433049968180968303e+00 6.547325857708995445e-01
-5.475119019990160041e+00 2.142124365268295705e+01
2.569584477883176898e+00 2.981933416623408842e-02
1.223548374510665393e-01 7.651966427325340714e-02
-4.762070562304243637e+00 5.554409840227931383e+00
-4.465876099139317823e+00 3.083554167113407019e+00
-6.359806136030731416e+00 3.908154893839571997e+01
-5.726903577126810418e+00 3.024714219086017053e+01
-1.802827150447458004e-01 8.690555124367012330e-02
-1.377532483848249445e+00 1.480671043112825602e-01
-5.426964996828392174e+00 1.988161027341643106e+01
-5.899095601049705984e+00 3.363657094113330714e+01
-3.696989673083309835e+00 8.882129955542501509e-01
-6.738158288385860395e-01 1.069463304975167145e-01
-8.573340376911350313e-01 1.159428553856533539e-01
-6.153956325092100776e+00 3.619993341270040332e+01
-6.152185437148403935e+00 3.595473794616871999e+01
-3.446217932536422612e+00 6.766512462963125696e-01
-5.113584673089391686e+00 1.119971043917423614e+01
-6.498099500218372349e+00 4.236119258062406345e+01
-8.418773392780934950e-01 1.157823912168818581e-01
-1.293805519566039619e+00 1.396088896598277618e-01
-5.270407590614503590e+00 1.511316990364324475e+01
-4.878541106254875359e+00 6.864340347162825040e+00
-2.718292803911920963e+00 3.524156590284552304e-01
-5.283140766390931553e+00 1.549983137607727812e+01
-5.068818389965321636e+00 1.027635045448351825e+01
-4.963350153127059627e+00 8.234925573703440804e+00
-5.652990537497154300e+00 2.761221045905856641e+01
-5.442000296962751449e+00 2.004069594959643297e+01
2.564417916088269411e+00 3.104842593300098999e-02
-4.847471342508218761e+00 6.551630835447660672e+00
-2.775220470936131889e+00 3.636713095951121799e-01
-6.491416197935057752e+00 4.220151818708019675e+01
-5.882823667206298346e+00 3.261976491000905298e+01
-5.103637059120294417e+00 1.101678411613361952e+01
-3.321724359700902962e+00 6.082289246602466948e-01
-3.938142852175491093e+00 1.307020976214184449e+00
-2.705309813403388386e+00 3.478600375014366253e-01
-6.500378107056784316e+00 4.249193173273379642e+01
-4.998711137745750044e+00 8.971431705576851101e+00
-4.827801291612362711e+00 6.226695764953958268e+00
-5.824999476764979534e+00 3.200939682615425852e+01
-4.973790439284100806e+00 8.307629975459128957e+00
-4.769355105735566980e+00 5.625675240265431754e+00
-5.429473759420253565e+00 2.001576704626097580e+01
-4.333676354720484625e+00 2.455774557552992565e+00
-6.377130764612397584e+00 3.931451265176761467e+01
-1.414170357616196139e+00 1.482051815923159932e-01
-2.678528891237379916e+00 3.348532249276176542e-01
-5.367026697116686229e+00 1.794723661525055292e+01
-5.121898816775842356e+00 1.139508957817416679e+01
-5.114340230690652689e+00 1.136673875536089184e+01
-1.030450747155964519e+00 1.252985460618949443e-01
-1.457991479696384651e+00 1.585084048345215268e-01
-3.378032840967330586e+00 6.376535040847857161e-01
-1.259530088984398111e+00 1.367192735777221224e-01
1.095026222146369133e+00 4.851390398586419295e-02
1.053660332885162587e+00 5.042172558004118926e-02
-5.659412804449790002e+00 2.781054628301019349e+01
-5.901738093094032855e+00 3.367305079847258753e+01
-5.104581632211694142e+00 1.116874331519644059e+01
-5.217107026675201986e+00 1.386877877070984688e+01
-5.450204115932023363e+00 2.037001359225522634e+01
-6.278695370527940689e+00 3.867532847721755473e+01
-5.310281585137227367e+00 1.617071413724029938e+01
-5.407979918552951126e+00 1.943886897966430638e+01
-5.000418706972695304e+00 9.094084415007621658e+00
-4.585503674918114392e+00 3.874157083505385124e+00
-3.244267898895556002e+00 5.511155370174222190e-01
4.153571303787108704e+00 1.929344052028455353e-02
-5.624816805126616748e-01 9.781008879585195714e-02
6.141246049502350202e-01 5.981569309202583451e-02
-4.670868166331112459e-01 9.720497262088823032e-02
-5.295203223875615706e+00 1.576985311569849380e+01
-4.939992293513966737e-01 9.724833120657709606e-02
-1.688749151746026661e-02 7.839240262409143123e-02
-3.961980742825254698e+00 1.366015314611586096e+00
-4.396912299067029295e+00 2.856890481431112239e+00
-3.472123198695542534e+00 6.831900934641749190e-01
6.557750786186177239e-01 5.951048969503131003e-02
1.935666660804320482e+00 3.798090746455363986e-02
-4.159004965481204685e+00 1.810467704389188581e+00
-5.657103348062321402e+00 2.765680042539250749e+01
1.223548374510665393e-01 7.651966427325340714e-02
-5.640939579542278537e+00 2.690979089307392158e+01
-3.305810107678293530e+00 6.057545162785732407e-01
1.992927107391802455e+00 3.773210207648167169e-02
-4.623033980209481086e+00 4.182994139719204085e+00
-6.692770172911852722e-01 1.065217819364910473e-01
-2.295086293628659568e+00 2.577675969256140176e-01
-2.334636108387619480e+00 2.603662440560137736e-01
-5.422403154367466449e+00 1.979922235666030517e+01
-2.617247105100890536e+00 3.193347953489210078e-01
2.432015877266981541e+00 3.146129306229872302e-02
-4.497913825389410647e+00 3.356878199649848682e+00
-5.480642633754207793e+00 2.147176166405264652e+01
-4.709348835455499760e+00 4.979671256255334022e+00
-5.690299836888662810e+00 2.891614983457747812e+01
-1.076044043345460555e+00 1.257247130892016340e-01
-4.682527950808670347e+00 4.723386533486093164e+00
-6.483502862158064595e+00 4.201840116329977803e+01
-1.493101839890143001e+00 1.589568427286905394e-01
-5.177487585115712498e+00 1.275390657058266619e+01
-5.442532404092159659e+00 2.019065129896217314e+01
3.729043753553240137e+00 2.260700096522768113e-02
-6.088425906412686217e+00 3.524535032176442684e+01
-5.471947638869655073e+00 2.126188011592792648e+01
-5.553400244534450358e+00 2.403082922311784131e+01
-8.072316460827609896e-01 1.076047133918929671e-01
-5.385303609231949729e+00 1.871736215612136789e+01
-5.561285442913527888e+00 2.453772057841448984e+01
-5.127153335002887502e+00 1.156288348821937539e+01
-4.516912595368787642e+00 3.465796091929943312e+00
-3.098229662382145033e+00 4.872146022670728049e-01
-4.036001464183953669e-01 9.682330095432355177e-02
-5.444107154684210137e+00 2.025714246088168480e+01
-3.645280176971606334e+00 8.672922264120401792e-01
1.357782612915115150e+00 4.796000278020084995e-02
-5.542285810353963171e+00 2.343334209004783020e+01
-5.241466379917857132e+00 1.439587774272860976e+01
-3.283612780756130611e+00 5.960374519347799716e-01
-6.867098228183561581e-02 7.862895979110644251e-02
-5.250442832270446836e+00 1.454053809792609009e+01
-4.426919717327688630e+00 2.957997359875907062e+00
2.386470073606699049e+00 3.187637850047118221e-02
-6.076638906186554223e+00 3.515979204694465210e+01
2.493031190977730294e+00 3.117044885683848202e-02
-5.482688248366254236e+00 2.160829586777601108e+01
-5.370322202297864500e+00 1.813862480023014001e+01
-4.511098711115192117e+00 3.392057931775664947e+00
5.968336538238827593e-01 5.991813981886612989e-02
-4.781951580205837438e+00 5.685464733537267890e+00
-5.874276578849661590e+00 3.258993616082641154e+01
-2.865983922939277839e+00 3.824989286856499970e-01
-5.007944174810966764e+00 9.157495566251590446e+00
-5.632009584483207654e+00 2.690877920388325251e+01
-2.957333533703656148e+00 4.339334669749637108e-01
-5.275178009503165732e+00 1.539310288459744491e+01
-4.813522443196560197e+00 5.952272852371325307e+00
-5.712399169668953114e+00 2.976290201183654460e+01
-4.931690422725751866e+00 7.864405056803704497e+00
-4.214214217277713281e+00 2.028506341621584941e+00
-5.458329030532701687e+00 2.082627863928316714e+01
-1.133968703421251556e+00 1.261813013341708256e-01
-5.461966858515467038e+00 2.100822673165918886e+01
-5.140975230338683311e+00 1.189467146256712482e+01
-5.136484859167190997e+00 1.170694598312928925e+01
-5.565086318280100031e+00 2.470952060614998658e+01
-5.512099915310055387e+00 2.259969987455841078e+01
-5.554697043067430506e+00 2.429596301737926822e+01
-1.410966203180660683e+00 1.480815054756569327e-01
-6.601579488203118906e+00 5.099260059656102584e+01
-5.586129843673330875e+00 2.515651704592808002e+01
-3.925888764486172189e+00 1.263951997121845361e+00
-5.367708997513306102e+00 1.799543250356846968e+01
-4.973906378074697265e+00 8.451119059686462265e+00
-5.614171650767382005e+00 2.594714428635565540e+01
-5.220435928499157718e+00 1.405027690874282520e+01
-4.479790167196783912e+00 3.198385629196896396e+00
-1.227612952909784783e+00 1.365818747555003210e-01
-5.696127673247292300e+00 2.937754434614725696e+01
-5.201117200203793089e+00 1.327885848414629599e+01
-8.148658659501812895e-01 1.082870476210591182e-01
-5.191354027806981186e+00 1.316568311399794311e+01
-1.832084661851940410e+00 1.907450024827710700e-01
-3.117622326689364343e+00 4.930312351946826155e-01
-4.930032944102036296e+00 7.826931440215457947e+00
-6.481246445110499188e+00 4.197981958294761995e+01
-2.504100055744574505e+00 2.933528787073301225e-01
-5.465812563020664427e+00 2.113678093822679571e+01
-5.373962256381808800e+00 1.817843184878572060e+01
-5.258653115739425843e+00 1.488073663408732905e+01
-5.316558244496039976e+00 1.642157639964681692e+01
-2.983684047985180499e+00 4.464389895957508458e-01
-3.600973463076692305e+00 8.220985230646147279e-01
-3.176372715217345544e+00 5.100120938364394174e-01
-5.174724226031657714e+00 1.275315089863682871e+01
-6.153956325092100776e+00 3.619993341270040332e+01
-4.389261517207584617e+00 2.793900209136936041e+00
-6.420641392539030434e+00 3.954449254107203870e+01
-3.199219078181595677e+00 5.298380817648821184e-01
-5.343798996706460080e+00 1.736550117499477608e+01
-5.376240814657391454e+00 1.831172438269417668e+01
-4.319165813081902172e+00 2.362844460086715781e+00
-5.459483400390788610e+00 2.086203918015626613e+01
-5.362161499374322737e+00 1.759905660677266681e+01
1.918959074223378913e-01 6.966853499113094539e-02
-1.048019871509298095e+00 1.254914715878276965e-01
-3.367845813390858645e+00 6.282013278974878379e-01
-1.269250282849693212e+00 1.369884562282282781e-01
-3.269112578255237711e+00 5.957579883771213503e-01
-5.897984721643058315e+00 3.323710488001474772e+01
-5.601008271651745751e+00 2.562813803725740414e+01
-4.752972502603110883e+00 5.305903758338968323e+00
-1.759396125491531793e+00 1.799567243435073738e-01
-5.641276571928670158e+00 2.709048568195877138e+01
-2.244681745412985041e+00 2.450174581705971688e-01
-1.526173908396470047e+00 1.592129989751400465e-01
5.463558130786912992e-01 6.027832808993080493e-02
-5.072425122130290731e+00 1.027700783207841262e+01
-7.267553785068316952e-01 1.070068059468586713e-01
9.906165327709066659e-01 5.087697289417593416e-02
-5.971039350352909558e+00 3.431555551848455110e+01
-2.665719172292490224e+00 3.334902006893692428e-01
-5.869800911005054189e+00 3.227506253079892673e+01
-4.823281925167799855e+00 6.190556325256224568e+00
-3.805627208887630619e+00 1.069146319512626508e+00
-5.122655538019447619e+00 1.156211789436082960e+01
-5.136484859167190997e+00 1.170694598312928925e+01
2.734132936646862966e+00 2.867227232976888793e-02
-5.140975230338683311e+00 1.189467146256712482e+01
-3.589291858502733357e-01 8.834454546820787180e-02
-3.955476010708261825e+00 1.340683717856185453e+00
-6.070394972006238454e+00 3.512913715611485088e+01
2.927124244735407554e+00 2.759235784968259303e-02
2.893159136483040683e+00 2.761776511139577006e-02
-5.246091821237559572e+00 1.442918409687309556e+01
-5.540482329135194561e+00 2.341785640652453182e+01
9.638781875066324556e-01 5.112255403981391666e-02
-1.006098049663421312e+00 1.251704153633112215e-01
-4.543166556824513869e+00 3.713622065281072970e+00
-4.472678997924118605e+00 3.173890493110284261e+00
-5.312485338848835781e+00 1.635221227527327770e+01
-5.612411636182150332e+00 2.590204964968874179e+01
-5.224583099903551187e+00 1.416272277555551362e+01
-6.275766025146410243e+00 3.849960008445294335e+01
-5.698191957943147479e+00 2.942553847715586102e+01
-5.517100191865078607e+00 2.263537963688949617e+01
-1.595777694491930410e+00 1.685077836780731475e-01
-5.596311637447309195e+00 2.538581332038736349e+01
-5.603943238613235067e+00 2.565873161757931697e+01
-5.482688248366254236e+00 2.160829586777601108e+01
-5.365241742380534973e+00 1.776600841678620313e+01
-6.325905688141665095e+00 3.901193922778273304e+01
-3.132481303532113071e+00 4.967779843751350954e-01
-5.565920272942991964e+00 2.486947993353198427e+01
-5.321885717927711035e+00 1.683603482171166021e+01
-5.678142516804133066e+00 2.864106400720119083e+01
-1.565444960824264653e+00 1.595242999096177783e-01
-3.254861424727434560e+00 5.614547587781122395e-01
-2.644722215082330408e+00 3.322131806784433539e-01
-5.662629660716372193e+00 2.786582068327417616e+01
-6.100336316216317556e+00 3.525083716731776207e+01
-7.476003765127308132e-01 1.072473721836783855e-01
-3.676575995739005176e+00 8.725152667343254453e-01
2.781552188721125418e+00 2.834638651436961754e-02
-5.266157623657523601e+00 1.501110901525697905e+01
-5.511725100834817148e+00 2.245387738994728366e+01
-5.746397177565992997e+00 3.042933619407099499e+01
-6.504451978141137403e+00 4.262818726359110144e+01
-1.587050949768121777e+00 1.597201641742353184e-01
-5.365241742380534973e+00 1.776600841678620313e+01
-5.043515294714493002e+00 9.878053055692390672e+00
-2.442657771177599857e-01 8.741020923352933736e-02
-5.547324592042159885e+00 2.367515968086866351e+01
-5.577150604923506449e+00 2.488731489982345479e+01
-4.925257271321933139e+00 7.561680124387859081e+00
-2.171970153905507850e+00 2.377241932292319393e-01
-5.620529161267292295e+00 2.635222261515501785e+01
-5.040922275633755056e+00 9.733531406203420389e+00
-5.321603285907489322e+00 1.682304328220324763e+01
-5.391940464777067454e+00 1.885907220610176793e+01
-5.354677214430846988e+00 1.749233062675206085e+01
-4.362343921453967766e-02 7.854352279492522737e-02
-4.296039092472430987e+00 2.355635280297606382e+00
-4.176402011508349332e+00 1.848264950341176771e+00
-5.353178143040218551e+00 1.745402444709927536e+01
-5.027962845220065979e+00 9.609777389933611857e+00
-5.037393983045502566e+00 9.732874028608526018e+00
-6.490834770654554831e+00 4.215361922795221972e+01
-3.799327099967241494e+00 1.042461516160642310e+00
-4.368603078095651071e+00 2.746690789075328265e+00
-3.828794781061755970e+00 1.069965537265539002e+00
-5.582352002152356718e+00 2.514789997714804670e+01
-2.074336717495628868e+00 2.161764601244197948e-01
-5.047795588347789852e+00 9.878095802287875316e+00
-4.710416460808725780e+00 5.075110612315262060e+00
-5.690678558770828843e+00 2.908455297159311570e+01
2.734132936646862966e+00 2.867227232976888793e-02
2.703995608818462237e+00 2.886227318375301359e-02
-3.834582466877517248e+00 1.077671711720920467e+00
-1.146058620803132033e-01 7.910659193200045292e-02
-4.036001464183953669e-01 9.682330095432355177e-02
-4.073401668684140553e+00 1.627781011448711679e+00
-5.708097899756605642e+00 2.963693791477260930e+01
1.923602304404737229e+00 3.805635576461242897e-02
-5.262274536857531437e+00 1.497370139540155165e+01
-4.288850806209516975e+00 2.332964059620448616e+00
-5.624893568094590179e+00 2.662676836296874683e+01
-3.872917735608507606e+00 1.123885657283882455e+00
-3.775368242724233436e+00 1.026879540421959947e+00
-2.633543586149297511e+00 3.321967580899811145e-01
-3.729893194928762590e+00 1.009463456114103375e+00
-3.560342451263412755e+00 7.905099072339372146e-01
-1.161893751000158348e+00 1.264248338290430429e-01
2.072014884520250733e-01 6.957971558375460053e-02
-5.690678558770828843e+00 2.908455297159311570e+01
-5.185095701718795524e+00 1.292169974864231285e+01
-5.198029521110826501e+00 1.327810281220046029e+01
-4.524676149123133762e+00 3.538157996338463729e+00
-5.226134224403085504e+00 1.422026094337131497e+01
-5.563073240195108404e+00 2.467321097501760363e+01
-4.867521301579290416e+00 6.708354685192999156e+00
-3.498523806854426432e+00 7.071950945488908458e-01
-4.869859328931338993e+00 6.832029412688569892e+00
-4.364308492033375231e+00 2.662981772929756019e+00
-1.497357275555312617e+00 1.590145470444171150e-01
1.053660332885162587e+00 5.042172558004118926e-02
-4.375789845066533346e+00 2.772914787338985221e+00
-3.152980237841974454e+00 5.015785439484983232e-01
-5.408820986905243267e+00 1.958846884658059651e+01
-2.216635543418341125e+00 2.410657571150772727e-01
-5.150848299208815817e+00 1.235114862902643651e+01
-5.580589148323706894e+00 2.501240958054493646e+01
-8.858993027436475876e-01 1.162231367513341385e-01
2.103782953576013082e+00 3.691768463585838600e-02
-3.405778363119954744e+00 6.502856109965182707e-01
-2.967476124714514718e+00 4.464274989772548663e-01
-6.146708709574377316e+00 3.582201534873084370e+01
-6.139047446923931339e+00 3.570123153811852035e+01
-4.564479598773333535e+00 3.858031285553473744e+00
-5.630982140517681422e+00 2.674963607217016204e+01
1.905658375433108453e+00 3.815801482012310536e-02
3.452140560755422860e-01 6.824033785687019793e-02
-6.152185437148403935e+00 3.595473794616871999e+01
-6.146708709574377316e+00 3.582201534873084370e+01
-5.396799525063521230e+00 1.913443725405495854e+01
-7.589144796417410799e-01 1.072562394992364193e-01
-5.621853778804607238e+00 2.647094690964010510e+01
-3.726645076758283714e+00 9.829108951306400055e-01
-5.319622091022401911e+00 1.666857130095374373e+01
-1.065296245811786946e+00 1.256243888246963425e-01
-5.549301169591468685e+00 2.377181798321013773e+01
-4.843881516407363641e+00 6.453173549851824120e+00
-1.152559484651706434e+00 1.263824014124611261e-01
-2.843324246993035320e+00 3.800618554070065436e-01
-2.250377643526769500e+00 2.450230320878423740e-01
-4.275866540713071373e+00 2.250985939679668313e+00
-5.466935604342986643e+00 2.124027993998395303e+01
-4.906136327795796781e+00 7.246151772921856526e+00
-4.822784616597541429e+00 6.057378852153648907e+00
2.341226170428062137e+00 3.240575031842464482e-02
4.126021279667265063e+00 1.939987820820144801e-02
-2.592051752598395709e+00 3.191365169026632587e-01
-4.818632275185100511e+00 6.057340597625159084e+00
-5.624893568094590179e+00 2.662676836296874683e+01
-5.630982140517681422e+00 2.674963607217016204e+01
-3.405778363119954744e+00 6.502856109965182707e-01
-3.617872607845233901e+00 8.354341462342630420e-01
-9.547197833846963189e-01 1.167898034977082750e-01
-4.284107664374034563e+00 2.251310027243548451e+00
-5.885958476395597438e-01 9.810661433374963381e-02
-1.704167605381334161e+00 1.694776610101499104e-01
-6.473336550902349273e+00 4.186969954964540364e+01
9.906165327709066659e-01 5.087697289417593416e-02
-3.793449654478671385e-02 7.853911498522571366e-02
-4.754933854102175950e+00 5.449314571765066617e+00
-4.752972502603110883e+00 5.305903758338968323e+00
-3.752722223010108937e+00 1.026715007654278367e+00
-5.408820986905243267e+00 1.958846884658059651e+01
-5.407979918552951126e+00 1.943886897966430638e+01
-3.622520390045035121e+00 8.545440258128609301e-01
-5.605310352000690166e+00 2.579509077218645885e+01
-5.319622091022401911e+00 1.666857130095374373e+01
-9.331226391801561437e-01 1.165639894579355712e-01
-6.122342180393072653e+00 3.566960847655795419e+01
-5.275557592699118281e+00 1.542506471944314406e+01
5.641329565131828483e-01 6.011011567498308894e-02
5.298287818747756672e-01 6.053267818128200972e-02
-4.089318889679767643e+00 1.677917992035715455e+00
-3.185935080677912978e+00 5.173814275002250884e-01
-5.827226835758704260e-01 9.805858076765547326e-02
-5.710262978552822055e+00 2.966246577106477034e+01
-5.465071401443944765e+00 2.104354271268130105e+01
-2.086928003693853118e+00 2.265666195651216963e-01
-4.638414432903020135e+00 4.306498296175353069e+00
3.703740211898022938e+00 2.269237139413308665e-02
-5.359182552504414332e+00 1.759825189323759176e+01
-9.676698855467397165e-01 1.168487481488400398e-01
-5.024409409267772908e+00 9.609119475675949928e+00
1.723003878534742073e-01 6.988830624961016313e-02
-3.751582523527633217e+00 1.010033080711191245e+00
2.688185951025173215e-01 6.890856044265167291e-02
-5.155451581843068176e+00 1.236734267591259773e+01
-3.706486953826560793e+00 9.550293199012349632e-01
-3.852834720487641640e+00 1.105265698114725303e+00
-5.971039350352909558e+00 3.431555551848455110e+01
-5.606892879211684999e+00 2.579509307445511723e+01
-5.511725100834817148e+00 2.245387738994728366e+01
-6.123597331625922902e-01 9.847042515269259499e-02
2.212522997217335752e-01 6.927026481996233220e-02
-5.010073992608796267e+00 9.256212305778960925e+00
2.491985455781017267e-01 6.913487958253725085e-02
-6.307019723832278046e+00 3.893649312436365051e+01
-4.754933854102175950e+00 5.449314571765066617e+00
-4.525510081010774677e+00 3.585421661860902720e+00
-2.595885498465023478e+00 3.193236224709742332e-01
-6.107737008967459857e+00 3.532035650052295495e+01
-4.426919717327688630e+00 2.957997359875907062e+00
-5.563056826089876061e+00 2.455320601488208965e+01
-6.867098228183561581e-02 7.862895979110644251e-02
-3.875067798042219458e+00 1.164434975536280392e+00
-5.578304844008272312e+00 2.500528464975411325e+01
-3.711081302683713279e+00 9.551727761968044073e-01
-3.640705979741745146e+00 8.572637148164798937e-01
-4.530387261115843001e-01 9.714861513436866269e-02
-1.808741010615686484e+00 1.829543431291751343e-01
-4.251046607902059904e+00 2.207956406551274675e+00
-2.295086293628659568e+00 2.577675969256140176e-01
-6.499510210242735120e+00 4.240909048215784338e+01
-5.345856758646728046e+00 1.736550807618620240e+01
-4.084923225151322335e+00 1.677720057205686288e+00
-3.560342451263412755e+00 7.905099072339372146e-01
-6.172255916810833298e+00 3.638477554064273534e+01
-6.530040556785895234e+00 4.312994321342046078e+01
-6.118194150909478601e+00 3.566919051803770913e+01
-4.314588372918762182e+00 2.362002406629725382e+00
5.763833567970053640e-01 6.004506386204212787e-02
-5.553400244534450358e+00 2.403082922311784131e+01
-2.216635543418341125e+00 2.410657571150772727e-01
-4.167786957391137470e+00 1.847793676477367253e+00
-6.097742978423817961e-01 9.829056276923488211e-02
-8.858993027436475876e-01 1.162231367513341385e-01
-9.096828996445579518e-01 1.163904194311474322e-01
-4.580086276870420470e+00 3.860193230757216654e+00
6.378054201882905616e-01 5.967077674145857685e-02
-4.262158697041106947e+00 2.217895831747549895e+00
-4.868179279321060093e+00 6.756907143251877024e+00
-3.998563631557528364e+00 1.426303496334659471e+00
-5.222039969902023238e+00 1.405028576200152379e+01
-5.745311652985171769e+00 3.040470391722558574e+01
-5.621853778804607238e+00 2.647094690964010510e+01
-4.537242655381947820e+00 3.611726082509961078e+00
-4.543166556824513869e+00 3.713622065281072970e+00
-9.096828996445579518e-01 1.163904194311474322e-01
-3.854115245207923035e+00 1.112805747244060006e+00
-3.676575995739005176e+00 8.725152667343254453e-01
4.986589628932655671e+00 1.829010223384613942e-02
-6.312485321527876891e+00 3.899254325381362918e+01
-2.865983922939277839e+00 3.824989286856499970e-01
6.785194698440867311e-01 5.938471478629199496e-02
-4.630007475741087397e+00 4.270961493026385725e+00
-4.966550592179149071e+00 8.247251525693975793e+00
-1.548930079550244310e+00 1.594224287274765284e-01
-1.311664131657333643e+00 1.447997539705654924e-01
2.325425346413153294e-01 6.926184029494937555e-02
-5.023429558027126873e+00 9.486107964813744076e+00
-4.903883156982209890e+00 7.246142732099256634e+00
-6.139047446923931339e+00 3.570123153811852035e+01
-4.626552083074189525e+00 4.241847433164347869e+00
-5.531060269663162110e+00 2.317708490171424529e+01
-5.531060269663162110e+00 2.317708490171424529e+01
-3.149081913967739066e+00 5.015402894200089445e-01
-2.525210857700494138e+00 2.945021569587460974e-01
-1.688749151746026661e-02 7.839240262409143123e-02
