-6.645255278384960107e+00 6.516278886278239213e+01
2.858463728779054414e+00 3.239170335148802010e-02
2.629132239157914164e+00 3.307800584449695214e-02
1.865517345646084069e+00 4.196689949244805651e-02
-6.614743929528249744e+00 5.365902900228273609e+01
-6.615773551870387514e+00 5.602688604438154840e+01
-6.603787086905867909e+00 5.078710260524427156e+01
-6.602534606565462205e+00 4.870090921555224384e+01
-1.621916121114365741e-02 7.923395106148668765e-02
2.846084790602839143e-01 7.922223694684778217e-02
1.427467729935302687e+00 5.127176556507660743e-02
1.146475249853925682e+00 5.140676024786960258e-02
1.036993505053477316e+00 5.206904414818956661e-02
-6.593747361710843968e+00 4.809218094315855296e+01
8.046344992954210795e-01 6.039186600430173496e-02
-1.051009926566713659e+00 1.274816929408343069e-01
-6.605782104337327709e+00 5.209950287150743264e+01
-6.589969151031735528e+00 4.666489531702284665e+01
1.446051137085143656e+00 5.102319290076418046e-02
-8.716137233584704269e-01 1.198019177413184033e-01
2.700106482658830576e+00 3.269950681538111997e-02
-6.604704718538728869e+00 5.086938885103923269e+01
-6.641888424107451172e+00 6.351449388278813757e+01
1.622765993744002655e+00 4.295260830064709379e-02
-6.628161174590261773e+00 5.815708857127632569e+01
2.833914510124542208e+00 3.267682334823863999e-02
-5.802642342223821581e-01 9.987188904069160822e-02
-7.355688137809583971e-01 1.091397575471265702e-01
-5.756045773041634089e-02 7.948767212551771655e-02
4.317412487842138269e-01 6.964100167539666320e-02
-6.628290794663691088e+00 5.918075292081658745e+01
-6.642561145883838059e+00 6.447171249771757573e+01
5.768259214010695857e-01 6.152684061969423968e-02
-6.625729218737636650e+00 5.806628789742136831e+01
-6.640777196797185589e+00 6.217127686311503965e+01
-1.730968724643860313e+00 1.928834237326625678e-01
1.739934561228450915e+00 4.281206225847394853e-02
7.714343079879639742e-01 6.073321377810746852e-02
-6.622169711774986034e+00 5.719606573933402416e+01
-1.206508134558769152e+00 1.376037253191035037e-01
-6.620649067956671630e+00 5.683908283617156343e+01
-6.617307236594415443e+00 5.630893973322991286e+01
-1.689023198336538356e-01 8.830064244552340846e-02
-1.574844685413876233e+00 1.704202820772331983e-01
1.622765993744002655e+00 4.295260830064709379e-02
-1.095668800142993282e+00 1.286453757751285232e-01
-6.641088043973860877e+00 6.294926138601839227e+01
6.664430906705277602e-01 6.096561311083179696e-02
-1.480429320496651879e+00 1.696750481090801010e-01
-6.110604598070348281e+00 3.396589451212106070e+01
-6.463825340775961159e+00 3.911677088155830262e+01
-2.557737325145361673e-01 8.865061500465698519e-02
-1.826128157717000766e+00 1.934251002200117753e-01
-6.639330176344295786e+00 6.190277450916373425e+01
-6.637735180599960039e+00 6.119184606817332650e+01
-6.084216669585664761e+00 3.355668506190279032e+01
-6.580113003498887281e+00 4.616197125114995004e+01
-6.611067791230816226e+00 5.276284698368769455e+01
-6.607686895112082404e+00 5.234569517324733567e+01
-6.639070917235358138e+00 6.132299290374537293e+01
1.760428188323398313e+00 4.228009128449942977e-02
-6.580081441735528891e+00 4.554938975070155038e+01
-6.611901783899186036e+00 5.330729671307025086e+01
-6.637486282244624114e+00 6.061601608543696074e+01
-5.111740566632691163e+00 1.137260702736221774e+01
1.844328670947571691e+00 4.227729233180510526e-02
-6.641162084704135715e+00 6.322244846843633326e+01
-6.584176301416687416e+00 4.616404873470153802e+01
-6.133555273220601123e+00 3.433690219859963833e+01
-5.833387387243461397e+00 2.931545896621448222e+01
-5.624925830417893735e+00 2.420494686075136670e+01
-5.624477005484433967e+00 2.379059228143631088e+01
-6.181640185279022148e+00 3.443133848318505841e+01
-6.589969151031735528e+00 4.666489531702284665e+01
-1.908268630945109123e-01 8.856957072372019513e-02
-6.476513873742789862e+00 3.943966736050838051e+01
-6.394914704812244999e+00 3.723730299514367914e+01
1.141618432133183481e+00 5.148799509613455339e-02
-6.463126749019515671e+00 3.882266923601003583e+01
-7.767968820089977688e-01 1.191429339556760586e-01
-6.437038503636267173e+00 3.810961419675243889e+01
-5.893869912829589275e+00 3.141369363584363938e+01
-4.869960249996124091e+00 7.805682512536942674e+00
-3.510949234687740894e+00 8.806139155451421230e-01
-2.759254155114177376e+00 3.959261353296004149e-01
-6.249143473350872391e+00 3.512131653914528329e+01
1.069805153411943044e+00 5.185895613447513708e-02
-4.935857813349062706e-01 9.841835155759494358e-02
-4.379827834476552328e-01 9.841571700900812736e-02
2.639898314456139872e+00 3.299245646648192587e-02
-5.405599329554099164e+00 1.854594144903663988e+01
-5.348364766193056674e+00 1.673887504202741994e+01
-6.203051703586749177e+00 3.471084157725938724e+01
-5.653851189935430455e+00 2.474657866510136373e+01
-6.240696372188001995e+00 3.484767378624511025e+01
-5.301560239968850397e+00 1.607539936160756966e+01
-6.504443454714682105e+00 4.107075343664167377e+01
-5.378729145989261440e+00 1.805072850451829325e+01
-5.351155455548889606e+00 1.706147737827273403e+01
-5.836516298690903604e+00 2.974710424838309208e+01
-1.409477413473261276e+00 1.591107638129839741e-01
-5.789524441325738735e+00 2.821551432939844517e+01
-6.610609518095347248e+00 5.268704256336254588e+01
-6.643220853711114593e+00 6.473936133966121531e+01
-5.006992215579080252e+00 9.790411719220410092e+00
-5.222109125727856238e+00 1.402972422487885851e+01
-3.374310877695007260e+00 7.402823976263560590e-01
-5.115435729566685019e+00 1.168158384832806895e+01
-6.049223587331193031e+00 3.335055984532723983e+01
-8.576658172269108205e-01 1.196852458999717594e-01
-5.893178448673832115e+00 3.111414205811006894e+01
-4.867771379730774228e+00 7.406958885122623570e+00
-5.684109208930366641e+00 2.554435576221594673e+01
-6.408047550400360670e+00 3.755593370723867963e+01
-6.509395121203123580e+00 4.141880624127325916e+01
-2.001589162263020416e+00 2.287558291311099223e-01
-2.788244763842108842e+00 3.964692284486125429e-01
-6.281646833227863880e+00 3.549428536304554171e+01
-5.859889173991681410e+00 3.037155637540156405e+01
-5.128014106463630206e+00 1.182027968137676055e+01
-5.778660614729946410e+00 2.807579897940879476e+01
-6.560020471225495697e+00 4.443825858041614651e+01
-5.003334399339261829e+00 9.512977190978956443e+00
-5.535527196153736007e+00 2.162692474440267887e+01
-3.652791140294711525e+00 1.012228528262328675e+00
-6.045837389952132490e+00 3.317968614475964273e+01
-5.729092867617697316e+00 2.649656539673771860e+01
-6.559502340954421307e+00 4.406323003219623757e+01
-2.937589568749564561e-01 8.905958871889328721e-02
-6.384070762061556437e+00 3.700002602793482964e+01
-6.444594749758671526e+00 3.833151687603008639e+01
-5.528829354147697828e+00 2.144535344899660601e+01
-5.589046317493814975e+00 2.320080706927333480e+01
-6.637124073196709162e+00 6.026894828709009744e+01
-6.518962896463872170e+00 4.192018830986209110e+01
-6.621077899560510183e+00 5.714519870054157735e+01
-3.554227713211671524e+00 9.124046262404437169e-01
-6.502184926969135859e+00 4.101134850947478583e+01
-5.285569623844661002e+00 1.545602943021982334e+01
-5.328547168987838312e+00 1.634869074871010142e+01
-3.676536052829927126e+00 1.070333210233472609e+00
-5.586420926123494723e+00 2.286086473792112272e+01
-6.078975254602781320e+00 3.337517950188667726e+01
-6.357245335060770053e+00 3.677180739950277655e+01
-5.649756480928379787e+00 2.451005625221844042e+01
-3.173696542884112404e+00 5.924476352853070837e-01
-4.308813706669460508e+00 2.818171971250116759e+00
-6.028572387656473630e+00 3.287335931851787763e+01
-2.716540277339880571e+00 3.882848173736977992e-01
-5.718421384375977468e+00 2.629939037906481047e+01
-6.020711539872562135e+00 3.278162515162535584e+01
-5.515005169587581690e+00 2.101772086344914214e+01
-5.170295420433470568e+00 1.250772248655077590e+01
-5.372308599311985233e+00 1.775669694557023348e+01
-2.376756112977857605e+00 2.949957601751082015e-01
-6.637216266351961380e+00 6.060902485578129983e+01
-6.630125973721297861e+00 5.955920537445079077e+01
-5.365475137579871046e+00 1.745570635654308589e+01
-5.389573346329826542e+00 1.829834834421578549e+01
-6.423744300860092515e+00 3.795821510764055517e+01
3.839256225303886993e-01 6.993547928811334746e-02
-2.423783571980096418e+00 2.964971090042290980e-01
-5.037890046755518547e+00 1.048703432363868693e+01
-5.372992175980424889e+00 1.775677500520436425e+01
-5.857277759913715798e+00 3.011121125465507120e+01
-6.538812855610402153e+00 4.285598380529561524e+01
-3.740276371541333411e+00 1.137160427618666425e+00
-4.704904370223736088e+00 5.871050691961967161e+00
-6.335619866947685530e+00 3.590978473673119709e+01
6.633101625513507793e-01 6.100835970631657973e-02
-3.591324525572545223e+00 9.364874221931164255e-01
-4.131568769172369926e+00 2.102852713170425325e+00
-5.480824678528218641e+00 2.035227019412526062e+01
-4.357486785704029586e+00 2.987532203034151568e+00
-5.767917982900635288e+00 2.770086066053945117e+01
-6.562786880427084135e+00 4.464233535871433389e+01
-2.173110941134029694e+00 2.566707037395288271e-01
-5.414608952059198899e+00 1.877753863079311714e+01
4.248959866474736335e-01 6.968235221055461837e-02
-1.693858371535901464e+00 1.871541794024890737e-01
-5.454879455766002749e+00 1.948815541715911337e+01
-6.454509846009974794e+00 3.836487225947259105e+01
-2.104920944897449964e+00 2.454473369152291307e-01
-6.614530088736300328e+00 5.349932072167705144e+01
-8.103595046595861717e-01 1.194813605747542529e-01
-6.563539462354363252e+00 4.495955708402144069e+01
-5.387651683532412861e+00 1.811060835684425996e+01
-5.015918615385975166e+00 9.858268961972832756e+00
-5.251707521300711612e+00 1.496926080021489724e+01
-6.548410013585487910e+00 4.334269531918506857e+01
-3.884548931550064310e+00 1.435956904428345338e+00
-3.905422100540858921e+00 1.488484654873299284e+00
-2.639404373829673300e+00 3.658924104775280184e-01
-5.180533530054606928e+00 1.294559772316473989e+01
-6.491953008526138547e+00 4.035786188554681786e+01
-5.942911157039078240e+00 3.179456906143984796e+01
6.175309129067496627e-01 6.106984285716186844e-02
-2.607904786798162178e+00 3.626396191991812512e-01
-4.294475713052496424e+00 2.758412302552184503e+00
-6.345243715811996310e+00 3.610859025109616027e+01
-6.001373327262395918e+00 3.270342579719056175e+01
-6.388217932999630477e+00 3.715784041639024338e+01
-5.424896917149700570e+00 1.944675319608790787e+01
-5.312409703889183987e+00 1.617542931507282589e+01
-5.571187109297443207e+00 2.246089345835449791e+01
-4.115107308176201073e+00 2.061117171736516429e+00
-5.482300289728003762e+00 2.053278554136628742e+01
-5.414895086078638009e+00 1.908363255119700241e+01
-6.194052851727785303e+00 3.455765069788393618e+01
-4.403963103652620781e+00 3.227930124642172771e+00
-1.093018272024948168e+00 1.278635892624626624e-01
-5.966663436561108647e+00 3.216180993478797490e+01
-5.295416563257701270e+00 1.583308615172945188e+01
-6.601799217113144991e+00 4.853995941627332655e+01
-6.000878360444768411e+00 3.260490557590271976e+01
-5.639886946756258013e+00 2.423433239159241381e+01
-4.364869018701067027e+00 3.111687580696768762e+00
-2.675687723441972032e+00 3.833467974759129926e-01
-5.018025014392812899e+00 1.003666944783857140e+01
-6.483401121517128551e+00 4.004872166456779325e+01
-4.645138408027161603e+00 5.032775470172698995e+00
-3.759096253167862334e-01 9.806840487097380488e-02
-6.266840636350178073e+00 3.531416914768950477e+01
-5.658326322372273509e+00 2.491865424167226806e+01
-4.546675655407706351e+00 4.205617453460674504e+00
-5.548908715219724286e+00 2.196571794777900877e+01
-5.259517679270969026e+00 1.503365941386758209e+01
-1.223079075654319059e+00 1.383734106308274203e-01
-6.643542666418377429e+00 6.503687581439361054e+01
-1.943468946994935775e+00 2.160098096020585667e-01
-5.467484172388283881e+00 1.992694951587282404e+01
-5.424696838244658093e-01 9.930419221652274364e-02
-5.847304743764203394e+00 2.998314316517391376e+01
-6.564861504026765715e+00 4.521778022085702986e+01
-3.401277960914770748e+00 7.597490073686216094e-01
-5.692751761425594026e+00 2.585367558661883436e+01
-4.210913218713521644e+00 2.365176726380811001e+00
-5.204693944528698601e+00 1.359300956918410641e+01
-5.094464906553533012e-01 9.923149310194860628e-02
-5.187918349166529275e+00 1.307458583738470104e+01
-5.082047929234051686e+00 1.114451710065572776e+01
-5.882843017053758672e+00 3.086076807830643531e+01
-6.351209786424951709e+00 3.628194232192541335e+01
-5.171360817021615652e+00 1.277762702536218420e+01
-6.631085361719035731e+00 5.968150744573286914e+01
-6.368473608749018133e+00 3.691624484676913198e+01
-5.758882929184656163e+00 2.731016750328816656e+01
-5.411663136116446893e+00 1.877745930561554744e+01
-2.571678873558386424e+00 3.393615449652071514e-01
-6.615773551870387514e+00 5.602688604438154840e+01
-7.355688137809583971e-01 1.091397575471265702e-01
-6.459521129557883157e+00 3.862233705417788343e+01
-5.065228154563481411e+00 1.058519142219166120e+01
-5.930211387838931536e+00 3.160099874763066907e+01
-6.458044971424842906e+00 3.856520519988378481e+01
-5.580829699102856978e+00 2.263686910620781489e+01
-6.499231708144580288e+00 4.074040379954166013e+01
-2.212448365900375080e+00 2.597076920712333981e-01
-2.281823557139371239e+00 2.838222412227784930e-01
-5.244853863789995074e+00 1.459608549072337702e+01
-4.954779398200848561e+00 9.037725873866298443e+00
-4.890935150426106937e+00 8.139923821322621933e+00
-3.344598402321337094e+00 7.224352481120174252e-01
-6.544719089966955394e+00 4.294527334494529214e+01
-2.270768500695258485e+00 2.704950905182988419e-01
-5.609064864587350208e+00 2.366476259183260211e+01
-4.487748162773006477e+00 3.800365527662231901e+00
-5.777086872532068540e+00 2.791264833173133297e+01
-5.290327734238872814e+00 1.565307724617846574e+01
-2.534827023313530603e+00 3.381600092878158659e-01
-4.905367286361963508e+00 8.266661790705724044e+00
-5.799807626171073593e+00 2.860626792200758217e+01
-5.767043917289715438e+00 2.753774464858743087e+01
-2.708234916007303372e+00 3.881278141777118051e-01
-1.621916121114365741e-02 7.923395106148668765e-02
-5.763564920703525551e+00 2.744573075772995807e+01
-3.254855976146907359e+00 6.584794618350389150e-01
-2.241780599371316907e+00 2.702718621712588143e-01
-5.681906721919235181e+00 2.527618586636602416e+01
-5.559651814064975994e+00 2.224643806563367576e+01
-2.041582404559449948e+00 2.288345043310730242e-01
-3.042238379690148875e+00 5.367336679009709899e-01
-5.540453887746196848e+00 2.174977353181247963e+01
-6.552297836004104425e+00 4.350649812312492770e+01
-6.479854218688616108e+00 3.987836067631941717e+01
-3.954552127786895799e+00 1.569410480857571066e+00
-3.822658529230320568e+00 1.292473397970519189e+00
-4.259992216513293073e+00 2.588412433388182610e+00
5.768259214010695857e-01 6.152684061969423968e-02
6.175309129067496627e-01 6.106984285716186844e-02
-2.991768492399015766e+00 5.026557080722697801e-01
-4.202988689931995481e+00 2.295455342773748075e+00
-5.740246932428958004e+00 2.690638408068557297e+01
-3.559780523825294196e+00 9.124267721834724565e-01
-2.061374717688428504e+00 2.330663028567666883e-01
-6.326340114308491636e+00 3.580910338680005367e+01
-5.142797369811973773e+00 1.197314099035777879e+01
-4.704538652174129254e+00 5.622641259114147694e+00
-6.553251534120319022e+00 4.388264652534172683e+01
-3.994907310940435163e+00 1.663709022846048935e+00
-1.904656425598308056e+00 2.058648836949966143e-01
-3.798164782630260916e+00 1.257216021993127208e+00
-4.282923151396673234e+00 2.682584681131890747e+00
-5.354562891750231479e+00 1.715034473305783536e+01
-5.772079100010301111e+00 2.783396328774821527e+01
-1.315849252164490668e+00 1.484793271067430254e-01
-4.797581540839821024e+00 6.699511012382783015e+00
-6.641088043973860877e+00 6.294926138601839227e+01
-2.188808539049812651e+00 2.578816274600519987e-01
-5.225991480391078525e+00 1.427563847162744715e+01
-4.979980998073925136e+00 9.285542590886345593e+00
-2.908776851778472672e+00 4.634424214003841080e-01
-6.536328619371741588e+00 4.266607699748509219e+01
-3.061271923191795086e+00 5.389871395005552124e-01
-3.597790731399718833e+00 9.872082323254725011e-01
3.472348147705608401e-01 7.038292062515083547e-02
-6.595494767958334670e+00 4.827082386037666595e+01
-5.753952797445474054e+00 2.721808152141630188e+01
-4.926274792044838868e+00 8.680049536684025568e+00
-6.564083264765298686e+00 4.509601377922807330e+01
-5.078983374030245024e+00 1.089838551790659160e+01
-3.917472275282003036e+00 1.527307215676400043e+00
-5.336486213543790491e+00 1.656074216075802852e+01
-6.420128632109913802e+00 3.788062950303213228e+01
-2.141194415139396678e+00 2.554269034396742799e-01
-5.198822710007570791e+00 1.342513404548662415e+01
-6.231394084188673688e+00 3.477688972703194992e+01
-6.580077624905324996e+00 4.545626924862851581e+01
-6.546283373238326320e+00 4.310626742484623719e+01
-5.742926385904882025e+00 2.705374956774654294e+01
-5.160156343124114642e+00 1.250075635524710371e+01
-2.492444341586029566e+00 3.238822751089388552e-01
-4.656962643922625489e+00 5.199287917150678062e+00
-4.063927294315824668e+00 1.939795029956740580e+00
-4.422323418066400613e+00 3.360353520333517530e+00
-4.450054993652471147e+00 3.582080691772203007e+00
-3.259361323078908690e+00 6.617690697343718842e-01
-1.377266125297553767e+00 1.496546334306161352e-01
-4.586677414215184712e+00 4.436858723812632022e+00
-5.802642342223821581e-01 9.987188904069160822e-02
-5.337683818779797029e+00 1.667434986816113707e+01
-5.552026170675110173e+00 2.212261203228553441e+01
-5.588702956560632096e+00 2.294408957082488243e+01
-3.711224683350771159e+00 1.133653934605401536e+00
-4.410923965961643489e+00 3.313750964923948494e+00
-4.052932278767380936e+00 1.841850576232055614e+00
-6.633218384310690219e+00 5.991408689028698120e+01
-6.488419177811715954e+00 4.023353488230857522e+01
-6.303879194390729523e+00 3.557948571262828352e+01
-2.884284043794820285e+00 4.466919672815995446e-01
-5.870914050864459277e+00 3.053787451767855998e+01
-3.220753312442827365e+00 6.428521608572050905e-01
-6.528896181679272992e+00 4.245589451390898006e+01
-1.441078041059353554e+00 1.602087323427391907e-01
-4.341926923666261651e+00 2.938149450392533168e+00
3.245653484443445369e-01 7.039897285685219053e-02
-4.954310268052670274e+00 8.871347020016084883e+00
-3.080915082699460683e+00 5.419505305492088310e-01
-4.384366677409665236e+00 3.188118827400618471e+00
-3.112542028494449831e+00 5.563744033451047954e-01
-4.270425469843297961e+00 2.648311750112152474e+00
-5.732411690632859269e+00 2.663205776127845681e+01
-4.188396147869423713e-01 9.836523111846792733e-02
-6.477381336672555001e+00 3.955884457271926635e+01
-6.478247617017721893e+00 3.967802175814479426e+01
-1.279517649427761361e+00 1.481784880961342088e-01
-3.452657355557347874e+00 7.974240335091657972e-01
-5.089411558470019692e+00 1.127697899293172945e+01
-4.888000681688781768e+00 7.992759794512656057e+00
-5.600314987077509521e+00 2.323638003774336269e+01
-4.333092396512332911e+00 2.852334292355771961e+00
-3.851175418560476071e+00 1.344348699088168120e+00
-5.641084096096070866e+00 2.440029291865804950e+01
-6.631873275117813549e+00 5.984126627738961446e+01
-3.870195941261109773e+00 1.412810068635070859e+00
-5.708862267557610615e+00 2.594938713373340278e+01
-4.746288613260665201e+00 6.035902073867255524e+00
-5.440817056840699273e+00 1.945275055516619034e+01
-6.495070579700654712e+00 4.061355188204224476e+01
-5.486716062352216206e+00 2.062037898733759889e+01
-5.494722655220583007e+00 2.069333690786911006e+01
-5.815543394514787856e+00 2.899390675249357940e+01
-4.762778731046554803e+00 6.214797683547995000e+00
-5.820271324919652045e+00 2.913310849515674761e+01
-3.695785274547515264e+00 1.082817663031498512e+00
-3.132192238038741028e+00 5.587628330563602086e-01
-3.438316354427806587e+00 7.843081075810829361e-01
-5.978364634902179731e+00 3.223934406675461872e+01
-6.633773195082606655e+00 6.008586782771141088e+01
-6.315760095463673451e+00 3.569757724996367898e+01
-4.098607523572345812e+00 2.020251337198813335e+00
-3.789901171370327226e+00 1.208827829235161522e+00
-6.123894985853592488e+00 3.410208127913837473e+01
-4.840620935005262027e+00 7.029163831930248740e+00
-5.189765698268865357e+00 1.328089479192051670e+01
-6.411961112827102127e+00 3.777254371072046979e+01
-6.408047550400360670e+00 3.755593370723867963e+01
-6.355070019207340160e+00 3.654388976144936407e+01
-5.578836236818124128e+00 2.262138223340263110e+01
-3.307210515399843231e+00 6.962774063200340979e-01
-5.867885540003255684e+00 3.043406740399538180e+01
-1.470405482980613687e+00 1.602834589833070367e-01
-3.968838510017996146e+00 1.631973416846722591e+00
-1.600652205065077993e+00 1.705428245738611348e-01
-5.746832064793929717e+00 2.712446973235662284e+01
-3.623118467149021971e+00 9.882082256640549733e-01
-4.969010295928395493e+00 9.060241515537194701e+00
-5.029815462402842385e+00 1.017141347927374539e+01
-5.802405671787997932e+00 2.864389996832921170e+01
-4.628507812924762987e+00 4.851308513536364941e+00
-4.244779325847517271e+00 2.459357591001143373e+00
-6.291500272227637858e+00 3.554637965867038929e+01
-6.034593589292848392e+00 3.304502034729107152e+01
-5.221936378640344323e+00 1.387547551511578980e+01
-2.352306307753860626e+00 2.860027389825411936e-01
-3.414188261978937655e-01 9.805653437868856737e-02
-6.512552166645496854e+00 4.172801586708392563e+01
-1.684556450366589742e+00 1.834952901520314483e-01
-5.418377782966286027e+00 1.926528435922966764e+01
-4.627843963972909869e+00 4.762602699545277929e+00
3.113167553446975488e-01 7.912702665072805785e-02
-4.969494265657213639e+00 9.176235265360023874e+00
-4.602171520747518230e+00 4.565494299643494180e+00
-4.557489828374022167e+00 4.294070025366514720e+00
-4.244888760899090840e+00 2.543559279331615297e+00
-5.507719827086840603e+00 2.094553392881233478e+01
-2.595739474936189062e+00 3.516843082029062484e-01
-5.522442432786069055e+00 2.119935885649702811e+01
-2.443381184154205243e+00 3.104680231865792339e-01
-5.878415590791379763e+00 3.075692009367679702e+01
-1.372872699164257471e+00 1.496118868351313247e-01
-3.204185269478240450e+00 6.153621295914681877e-01
-5.792802949730571527e+00 2.842467042216117790e+01
-5.615227434660861938e+00 2.372470815579528747e+01
-5.205811493859652472e+00 1.367459105667623476e+01
-3.096597229560272613e+00 5.501147971630829803e-01
-4.616230116813910378e+00 4.673565555209158617e+00
-5.173969896338015850e+00 1.277763624914546803e+01
-3.019084019921198347e+00 5.194757762321056127e-01
-5.274217716850071902e+00 1.530326775290718189e+01
-5.501598531573521633e+00 2.076402760851935270e+01
-8.103595046595861717e-01 1.194813605747542529e-01
-1.608129725989524639e+00 1.828248386724605490e-01
-2.311050915014789542e+00 2.847501084839054730e-01
-5.287697157330314646e+00 1.557693508072818744e+01
-4.015951287436702266e+00 1.745038457109472585e+00
-5.209056559515124363e+00 1.379429943079922971e+01
-5.792802949730571527e+00 2.842467042216117790e+01
-4.879414267606013489e+00 7.834567501048629090e+00
-4.729363896818381541e+00 5.993803849382961069e+00
-4.700806719468442196e+00 5.622297834223393131e+00
-5.811426353947227952e+00 2.894823108005502732e+01
-5.986887980464559611e+00 3.234214438711888562e+01
7.976085654296070082e-01 6.043316257871982761e-02
-3.630492587966140050e+00 1.002668413067832054e+00
-6.116732670183740339e+00 3.405959330094207616e+01
-4.805510725414117168e+00 6.718072343918768397e+00
-4.510805768802434557e+00 3.936752630002584130e+00
-3.857849573436940571e-01 9.834328306820376564e-02
-3.290870195580636093e+00 6.722811549934851749e-01
-5.367725656168831350e-01 9.929882305832544998e-02
-5.422809390465491042e+00 1.926529169590326873e+01
-4.929636162409318345e+00 8.732515433955247985e+00
-5.910798980868848140e+00 3.150654367388299093e+01
-2.827866789616217957e+00 4.169561839778860302e-01
-4.896946568377710030e+00 8.220849812751909624e+00
-4.003019583891884281e+00 1.674059777403344329e+00
1.069805153411943044e+00 5.185895613447513708e-02
-5.127976727968571957e+00 1.168482722490628412e+01
-6.553077446094287772e+00 4.365949780146000592e+01
-2.926833379077821817e+00 4.828905719712367484e-01
-5.507533282663267471e+00 2.083608153949416675e+01
-6.557960212044762649e+00 4.390276705288698622e+01
-4.943097940081321973e+00 8.790740170832677336e+00
-6.363646440798620851e+00 3.684604302186617986e+01
-2.874019721656952520e+00 4.454886601938093382e-01
-5.069371945314252059e+00 1.073017386153307129e+01
-5.665015225596379267e+00 2.502379304868476950e+01
-6.629742295218448156e+00 5.934174651896626784e+01
-5.249954370990980834e+00 1.477759204459884756e+01
-5.474384929568592462e+00 2.003204315723363038e+01
-2.971964352963276657e+00 4.996550831450635721e-01
-5.157418922213502732e+00 1.233297166898518604e+01
-5.156115290413343821e+00 1.230907286621380159e+01
-6.486342776291152745e+00 4.013870537611256140e+01
-3.162400839646887785e-01 9.796874384988124573e-02
-5.690859076230458058e+00 2.562480685902008304e+01
-5.457064784359661580e+00 1.966874088862479297e+01
-5.475017966307293982e+00 2.009532999019710076e+01
-5.149001832656366240e+00 1.214109562426562761e+01
-5.711834920002166527e+00 2.611781597745808270e+01
-1.955719728488297227e+00 2.164226502166226307e-01
-5.363099848247345314e+00 1.727420821851010757e+01
-5.528401293151949503e+00 2.130366758247502545e+01
-6.082820847295198341e+00 3.348136714699393934e+01
-4.885316813972687910e+00 7.929899747671621313e+00
-4.180478913391795892e+00 2.294923806705964520e+00
-5.153399670505765862e+00 1.214128817995187681e+01
-6.562017073227154107e+00 4.464110064460013660e+01
-5.247569698838388419e+00 1.477758362875635356e+01
-5.936520165103306823e+00 3.172005148755277304e+01
-5.019592988693588609e+00 1.013848160944179533e+01
-4.519696427198594435e+00 4.027806218736476040e+00
-3.322369162919683205e+00 6.984336066404728260e-01
-5.732972457115817377e+00 2.683089089528806781e+01
-5.294163097301733956e+00 1.581920247085490594e+01
-6.350278743384868640e+00 3.612222389897883090e+01
-4.462643661423618013e+00 3.692884570051888193e+00
-6.642932390980989865e+00 6.460773231072505496e+01
-2.135943940674655650e+00 2.454605197503691161e-01
-5.401137413307280255e+00 1.836447633259793832e+01
-6.038078298313267034e+00 3.304551524048532940e+01
-2.229620733398090415e+00 2.691100322029625347e-01
-6.183136928086759632e+00 3.453953849451369251e+01
-6.479112688714146806e+00 3.979719891686816879e+01
-5.807218003930999295e+00 2.879371485458776903e+01
-1.250085900349002577e+00 1.391018734661041145e-01
-1.279517649427761361e+00 1.481784880961342088e-01
-5.146120287125875770e+00 1.197323675446823543e+01
-5.910798980868848140e+00 3.150654367388299093e+01
-3.156999402621917028e+00 5.786796549144085366e-01
-4.382368266222073316e+00 3.122872631941354005e+00
-6.612966146488137298e+00 5.334647726047588634e+01
-6.560793008902646939e+00 4.443949329453034380e+01
-5.884728016278676144e+00 3.101017884172514982e+01
-2.853516248697096191e+00 4.365718924083447083e-01
-4.994932221979587972e+00 9.389254457395539433e+00
-5.707082833761755403e+00 2.590337929754225854e+01
-5.414895086078638009e+00 1.908363255119700241e+01
-5.036946523758078165e+00 1.043852167427390398e+01
-5.990993350251557104e+00 3.246793175781377272e+01
-4.602171520747518230e+00 4.565494299643494180e+00
-3.819709071776280940e+00 1.280195505497210506e+00
-4.700271815116601637e+00 5.423106203989596530e+00
-2.815334876086920346e+00 4.132758345018638924e-01
-4.778867497256864993e+00 6.456363899855864119e+00
-4.787245028600769281e+00 6.568977317836332652e+00
-1.446547473471595957e+00 1.602404292540623720e-01
-1.343582914274208839e+00 1.485417274303195978e-01
-6.312280703066147858e+00 3.566109827910713648e+01
-5.830352901824138456e+00 2.923776763528178790e+01
-4.533435056004025299e+00 4.097504056301898956e+00
-3.861840368607301066e+00 1.344416250012674174e+00
-2.082671118366775875e+00 2.330845019188427236e-01
-5.674097468919398146e+00 2.527574556192022470e+01
-5.563383263729948958e+00 2.240889933694954550e+01
-5.365475137579871046e+00 1.745570635654308589e+01
-5.716563789925024786e+00 2.622535549085896633e+01
-2.530524528496991277e+00 3.359342929798537769e-01
-4.852450439778516866e+00 7.145533301531995285e+00
-6.533886429313636057e+00 4.250611941546202388e+01
-4.456989430130538388e+00 3.655277840127518996e+00
-5.850735182930188572e+00 3.009633755907099939e+01
-4.829968600542267509e+00 6.872778027106259735e+00
-5.954495173779301709e+00 3.191088100197814015e+01
-1.978499817104171665e+00 2.164511189385670831e-01
-2.845303449258142603e+00 4.335735440712896738e-01
-2.315116352432241342e+00 2.855756331623001132e-01
-2.471733710430567665e+00 3.107824352076243857e-01
3.638179035176680731e-01 7.013015914573927923e-02
-4.923577546267758898e+00 8.506722108077381606e+00
-5.226021401791084209e+00 1.443212540477349393e+01
-6.548735068899557810e+00 4.340790749652420999e+01
-1.319530688645422334e+00 1.485175816352323763e-01
-4.867771379730774228e+00 7.406958885122623570e+00
-4.862831141967704163e+00 7.250786137686248800e+00
-3.146716156373869033e+00 5.669901002249181365e-01
-5.071999081611243021e+00 1.076592340807214931e+01
-1.635572233633633799e+00 1.830382923894990632e-01
-2.653449622690456255e+00 3.666492782790064520e-01
-4.668894273163909148e+00 5.305923038072783982e+00
-1.632430768187454584e+00 1.829473811690884855e-01
-4.164091637667916679e+00 2.194990472054096031e+00
-5.274217716850071902e+00 1.530326775290718189e+01
-5.272787160073669988e+00 1.512539176063784296e+01
-6.492214760982407462e+00 4.052155723406388432e+01
-1.250085900349002577e+00 1.391018734661041145e-01
-5.608560950536628731e+00 2.348300139180037860e+01
-5.672559350783940246e+00 2.514224772979811107e+01
-4.921212750251423351e+00 8.339776637626401978e+00
-4.438224876294517784e+00 3.523256503710808119e+00
-5.954781724146018362e+00 3.209394837527472788e+01
-5.954495173779301709e+00 3.191088100197814015e+01
-3.419871213493306250e+00 7.773571292311201031e-01
-4.425688217962966853e+00 3.473419109383096615e+00
-5.808610216367721790e+00 2.881268496554805481e+01
-5.460429129170804252e+00 1.966888867908133776e+01
-4.833002096692018412e+00 6.905376180184203960e+00
-4.921709509931251780e+00 8.339851397061272209e+00
2.915377360468122681e-01 7.918069809715082286e-02
-5.089411558470019692e+00 1.127697899293172945e+01
-5.272787160073669988e+00 1.512539176063784296e+01
-5.360239183283501241e+00 1.727412061270906918e+01
-5.191495452913349240e+00 1.341764438113749236e+01
-1.853412472316551707e+00 2.054025783715289488e-01
-3.471755177868979025e+00 8.043062054370837544e-01
-4.996054818560398125e+00 9.480461831936391803e+00
-4.977985262555610468e+00 9.233850894946909804e+00
-4.072808705632198212e+00 1.966672901165822607e+00
-4.151762623043579126e+00 2.144864941929417679e+00
-5.076101982790065748e+00 1.087326466112950030e+01
-5.036013524088203575e+00 1.029487770283716763e+01
-4.820770988769612408e+00 6.767316697575079587e+00
-1.894886954659768863e+00 2.058085901134429629e-01
-4.923577546267758898e+00 8.506722108077381606e+00
-5.181330735824670519e+00 1.304207047834213640e+01
-4.778454642287244702e+00 6.427479607822277785e+00
-2.577347433599485260e+00 3.393705021959436130e-01
-2.372564414609420247e+00 2.949530135796233909e-01
-4.862831141967704163e+00 7.250786137686248800e+00
-4.852450439778516866e+00 7.145533301531995285e+00
-3.334830310202365311e+00 7.223691015026502127e-01
-5.554016154956108231e+00 2.218997392933249913e+01
-4.833946912067754731e+00 7.028736363222329864e+00
-3.022982973970062659e+00 5.195543209074904301e-01
-4.579326889798186251e+00 4.319444110380725732e+00
-6.510770531668828021e+00 4.143354236077159669e+01
-4.652523663839211565e+00 5.156448542858859341e+00
-5.821565008474354208e+00 2.919760916324467104e+01
-4.229815463836461120e+00 2.409211991027781607e+00
-5.065995969904309781e+00 1.058634510791550376e+01
-4.764101464179817391e+00 6.322203013723152409e+00
-3.475631595291321929e+00 8.213781122720090755e-01
-3.414188261978937655e-01 9.805653437868856737e-02
-5.873269435885856815e+00 3.065305037196806737e+01
-3.490708478092545697e+00 8.472571579052943225e-01
-1.875085107656311090e+00 2.057384559361114529e-01
-6.566396521929761754e+00 4.537824317527086748e+01
-6.545497133314562177e+00 4.309827307801804608e+01
-6.596797558095061298e+00 4.833988522043748048e+01
-5.846678573747160712e+00 2.982581748871172422e+01
-6.559502340954421307e+00 4.406323003219623757e+01
-6.521948518679436368e+00 4.233251279919659993e+01
-6.566396521929761754e+00 4.537824317527086748e+01
-6.628960615688911595e+00 5.918198763493078474e+01
-1.983499044322491578e+00 2.215126721573238422e-01
-4.787245028600769281e+00 6.568977317836332652e+00
-2.951151668704470765e+00 4.839089155876434845e-01
-6.639941457064608699e+00 6.201151807013859241e+01
-6.129471549980677558e+00 3.421606700211037833e+01
-5.214763538862746906e+00 1.384288026379647008e+01
-5.647219767310893701e+00 2.443132048677989943e+01
-2.664537896678355278e+00 3.821462877699682292e-01
-5.232950486404696733e+00 1.452499418738335812e+01
-4.620077214283072387e+00 4.673691883849024009e+00
2.858463728779054414e+00 3.239170335148802010e-02
-4.824506334951174757e+00 6.767660099496787041e+00
-1.660001953693237331e+00 1.831618195482802580e-01
-4.500215487026941297e+00 3.860191197057363688e+00
-4.582996661607215749e+00 4.436576384388810190e+00
-1.660001953693237331e+00 1.831618195482802580e-01
-5.606806130088807016e+00 2.333247143193949213e+01
-4.668894273163909148e+00 5.305923038072783982e+00
-4.691515420393929325e+00 5.317875302426942064e+00
-2.339378406050505621e+00 2.859718859704890037e-01
-1.831823254896693509e+00 1.934320873555597231e-01
-6.602534606565462205e+00 4.870090921555224384e+01
-5.031740543377344110e+00 1.029430504088969833e+01
-1.343582914274208839e+00 1.485417274303195978e-01
-4.634389147107274454e+00 4.955667349574779834e+00
-4.691515420393929325e+00 5.317875302426942064e+00
-4.700271815116601637e+00 5.423106203989596530e+00
-6.629742295218448156e+00 5.934174651896626784e+01
-2.088620770984872976e+00 2.449509668038020449e-01
-6.335117565783167315e+00 3.584245469601679446e+01
-6.411961112827102127e+00 3.777254371072046979e+01
-4.533435056004025299e+00 4.097504056301898956e+00
-3.094618917818118820e-01 9.792704952010479469e-02
-6.258820117910292247e+00 3.521763353788055184e+01
-4.549531906148412297e+00 4.290234260316125869e+00
-5.608560950536628731e+00 2.348300139180037860e+01
-5.934957284307044389e+00 3.163280666414202713e+01
-5.985406107982852220e+00 3.227800201353669962e+01
-3.967332356923463532e+00 1.611355820288613794e+00
-5.462023569796083500e+00 1.981802078337408446e+01
-1.848665717349529114e+00 2.053829402815755267e-01
-4.173689428408914992e+00 2.279252911785734970e+00
-6.353063378709708608e+00 3.641226535872252157e+01
-2.951427376628472654e+00 4.843493244132017761e-01
-6.553077446094287772e+00 4.365949780146000592e+01
-5.732098375475133345e+00 2.658612296978092360e+01
-4.943339366408398661e+00 8.861456415442384937e+00
-5.225991480391078525e+00 1.427563847162744715e+01
-3.704389371722901725e+00 1.124377989822002544e+00
-6.511611220422868662e+00 4.157855899686306600e+01
-6.512552166645496854e+00 4.172801586708392563e+01
-5.479873347644077519e+00 2.021277382331197714e+01
-6.499231708144580288e+00 4.074040379954166013e+01
-2.471733710430567665e+00 3.107824352076243857e-01
-2.507913796231289627e+00 3.250373937240887967e-01
-5.990993350251557104e+00 3.246793175781377272e+01
-4.711141836353598400e+00 5.913047879763005277e+00
-5.082047929234051686e+00 1.114451710065572776e+01
-4.229815463836461120e+00 2.409211991027781607e+00
-5.240622187394438747e+00 1.453509823266679035e+01
-3.753598760196193318e+00 1.179557419257585504e+00
-4.513172521849581287e+00 4.020837365371145999e+00
-6.263746911387674920e+00 3.531333319751532684e+01
-3.932526517232580066e+00 1.569252774218829583e+00
-5.664668663795714210e+00 2.497568587618907898e+01
-6.511611220422868662e+00 4.157855899686306600e+01
-4.637312315340665236e+00 4.956334127819932434e+00
-6.520286511936274287e+00 4.204247962873630229e+01
-6.521118211176495372e+00 4.218749622119631937e+01
-6.521118211176495372e+00 4.218749622119631937e+01
-6.521948518679436368e+00 4.233251279919659993e+01
-1.776116929315514625e-01 8.844082361739707965e-02
-4.171838402394784318e+00 2.195194391315117066e+00
-5.691680781536982536e+00 2.571125948077136769e+01
-5.321292326990584520e+00 1.629929951063044768e+01
-5.541611626149061998e+00 2.186676459455325272e+01
-5.954781724146018362e+00 3.209394837527472788e+01
-4.503545586024356950e+00 3.860198183030527197e+00
-5.541624810187415484e+00 2.189122969478744807e+01
-6.130686779594386238e+00 3.422522649576353615e+01
-5.189820260899185023e+00 1.330507062854124456e+01
-5.845255097778090381e+00 2.982577228530844948e+01
-4.770997141975628963e+00 6.331836966182559756e+00
-4.333432414848894076e+00 2.897412323276273405e+00
-5.462023569796083500e+00 1.981802078337408446e+01
-5.480574367838912941e+00 2.021284280172593029e+01
-5.401137413307280255e+00 1.836447633259793832e+01
-6.355070019207340160e+00 3.654388976144936407e+01
-5.523472024834822136e+00 2.126463011802260539e+01
-3.932526517232580066e+00 1.569252774218829583e+00
-3.413191421952720184e+00 7.715092657543288768e-01
-2.920860011005689039e+00 4.671943006950055599e-01
-6.352613817467354984e+00 3.640190448035723847e+01
1.865052848149546527e+00 4.197724113241747129e-02
1.844756868302627861e+00 4.226695069183568354e-02
-4.579326889798186251e+00 4.319444110380725732e+00
-4.475748609988184690e+00 3.740642317040265397e+00
-4.026687828928332991e+00 1.802272108490654334e+00
-3.220245040501714673e+00 6.398938322763689790e-01
1.754691810221080228e+00 4.228445225156701043e-02
-6.596847385471247271e+00 4.843300900472073778e+01
-5.606095240425233328e+00 2.333241632611005656e+01
-5.227407920255403795e+00 1.445672765123819481e+01
-4.081101133506000345e+00 2.002706289982240317e+00
-6.637890835600146922e+00 6.129660105627572619e+01
-6.563539462354363252e+00 4.495955708402144069e+01
-5.713825949345965327e+00 2.613330477253670736e+01
-2.042226355064847620e+00 2.325949188950381108e-01
-3.769685589885641175e+00 1.208547033642269009e+00
-5.875410691038146282e+00 3.067918800341171703e+01
-4.746773737888942968e+00 6.121423071031008689e+00
-3.769685589885641175e+00 1.208547033642269009e+00
-2.980815172044022798e+00 5.026441909308250189e-01
-6.642755643920904340e+00 6.452954177478480347e+01
-5.836516298690903604e+00 2.974710424838309208e+01
-4.042801138751981327e+00 1.826854950242731590e+00
3.752460466445784459e-01 6.996830796665345908e-02
-6.645211133971757889e+00 6.512533209591123295e+01
-4.475748609988184690e+00 3.740642317040265397e+00
-4.085968826301009216e+00 2.016798844942945923e+00
-6.635910276836948896e+00 6.024809606819273000e+01
-4.723180190738021977e+00 5.965266016341075783e+00
-3.290870195580636093e+00 6.722811549934851749e-01
-1.878435716830080482e+00 2.057937750230947049e-01
-4.037787079618476049e+00 1.807383718059970557e+00
