1.519265117520610886e+01 3.491237668802070482e-02
6.970266152707254470e+00 4.524830514126534808e+01
1.517330199693206794e+01 3.638423611236261263e-02
1.434667681232140701e+01 5.643104886385706676e-02
1.326943286976649006e+01 7.845812167104582180e-02
1.379332711044961535e+01 5.868325202817439162e-02
6.987736569621898930e+00 4.317324090033670814e+01
6.985802219926236845e+00 4.422631120929170123e+01
1.273007605586642299e+01 1.001358983274417275e-01
1.381220113813637873e+01 5.736039068947437758e-02
6.993420576234448127e+00 4.164534461561193268e+01
1.300552980984734042e+01 8.114806398139844112e-02
1.407759332445772849e+01 5.725668595310894060e-02
1.301683232781977928e+01 7.852668951156523136e-02
1.201141201371998157e+01 1.237642100219211450e-01
1.097850268536322460e+01 2.100725457173220068e-01
7.106210258137508617e+00 3.794539598920692924e+01
1.181305970360390845e+01 1.439285838965919939e-01
6.980435399785499762e+00 4.524542891196889371e+01
1.143894610833410752e+01 1.657199952924859332e-01
1.245752496906072260e+01 1.013854882523372858e-01
1.264302297813904019e+01 1.002619132878188879e-01
7.174020942115089561e+00 3.646839105811638859e+01
1.179602490401436299e+01 1.462023940789070331e-01
1.161860952986823925e+01 1.654471899429590109e-01
1.161860952986823925e+01 1.654471899429590109e-01
1.416843728615951470e+01 5.661693271359746760e-02
1.434667681232140701e+01 5.643104886385706676e-02
1.081849106598799182e+01 2.310616857701296989e-01
7.075533465258629917e+00 3.870820826703758399e+01
7.509289758519170910e+00 1.769226655456412090e+01
7.249105422618630001e+00 3.529523013727889236e+01
7.564197025073905678e+00 1.399677953895047544e+01
7.508167708792243822e+00 1.836738000368888990e+01
7.261908844198021740e+00 3.350364026129373940e+01
7.292554582894443804e+00 3.145459516187814586e+01
7.261307169476300061e+00 3.436170163411113521e+01
7.368460662034549635e+00 2.721383575055837056e+01
7.426189876149469349e+00 2.445022046339056132e+01
7.296964871607969805e+00 3.091659218332892678e+01
7.563264580515559388e+00 1.472012342670948293e+01
1.104977567474274380e+01 2.097695804547201615e-01
1.204928951758145139e+01 1.220408002874905085e-01
1.219496583006220192e+01 1.220297398414539464e-01
1.140725415427913525e+01 1.674697387677621385e-01
7.613113161738132462e+00 1.137807472192154634e+01
7.117041580280396573e+00 3.721511964969529629e+01
1.127639756387817904e+01 1.876779626957142677e-01
7.381015620687225720e+00 2.662436246439437326e+01
7.276396921130007911e+00 3.252022878043069198e+01
7.007478722277852512e+00 4.044989592335677742e+01
7.416577022483579640e+00 2.514318612663068109e+01
1.232781155290316555e+01 1.218269991816210290e-01
1.245752496906072260e+01 1.013854882523372858e-01
7.499163578905360339e+00 1.898677687157947247e+01
1.231959402640509360e+01 1.219401694373888900e-01
7.315849067008222129e+00 2.991316702477306677e+01
7.572818106705459407e+00 1.322728160485351623e+01
7.005214988375082719e+00 4.105489912989440171e+01
7.183687222889217239e+00 3.591373221517481795e+01
7.363483967548535958e+00 2.781411003560213402e+01
1.219496583006220192e+01 1.220297398414539464e-01
7.292263484419643227e+00 3.204732704409922661e+01
7.026114985393172141e+00 3.981692483441160135e+01
7.374627664041192965e+00 2.702256086522736922e+01
7.572637807556925615e+00 1.380987993024677252e+01
7.072097838901727052e+00 3.921841428446193589e+01
7.660136322618892990e+00 9.143700936060206175e+00
7.273189638284162761e+00 3.312436118851359623e+01
7.605702342284703654e+00 1.185461720568423516e+01
7.010275415559316770e+00 4.028000775046960769e+01
7.513461653164555720e+00 1.745054245101328405e+01
1.121006935909515612e+01 1.883000114753117515e-01
7.307919682026331465e+00 3.041427197736962285e+01
7.517255144322745330e+00 1.692428202096763812e+01
7.249585329662473043e+00 3.474232761172342521e+01
7.456158881031238472e+00 2.326078130862648763e+01
7.746725360593431198e+00 6.295889963519032406e+00
7.404612676100612134e+00 2.544450307930179989e+01
7.307919682026331465e+00 3.041427197736962285e+01
7.456756469339784310e+00 2.272331014108752356e+01
7.585265660647195318e+00 1.229984197991587891e+01
7.583429503006457573e+00 1.282567781066769719e+01
1.013239732798957782e+01 3.525705761829753260e-01
7.485436136355320791e+00 2.034263649210888758e+01
7.085627133184131843e+00 3.826982477262039595e+01
7.442877797323331102e+00 2.362623458760252859e+01
7.481717674017416719e+00 2.067153858943320088e+01
7.749948398903841351e+00 5.849615871094024477e+00
7.165868396190747447e+00 3.682464300108776456e+01
7.557341007692825130e+00 1.479100440198099875e+01
1.407949437980244944e+01 5.672593939061806867e-02
7.085292384000579702e+00 3.835770245239742593e+01
7.248935102746298043e+00 3.563838057892152733e+01
7.350568413758534092e+00 2.846533467208049828e+01
7.440976091763439548e+00 2.410728056005967446e+01
7.674703122422142698e+00 8.342440989241191929e+00
1.416827930932223367e+01 5.671288235247205073e-02
1.112935282089479649e+01 2.094543203271725940e-01
1.264302297813904019e+01 1.002619132878188879e-01
7.501108528417276489e+00 1.865399773268415373e+01
7.355904889790114254e+00 2.784002897849767066e+01
7.546606476402192065e+00 1.556592698937174291e+01
7.662594463777387510e+00 8.713137688206384013e+00
7.488947271763641389e+00 2.009293511878915339e+01
7.383315895446558308e+00 2.629129154564264681e+01
7.874908699421129477e+00 3.757107502019219947e+00
7.402727494821377263e+00 2.561656512806737140e+01
7.880628296128898924e+00 3.514000386480073956e+00
7.429871594056184136e+00 2.436556474314240361e+01
7.555144402264381220e+00 1.518057280964367273e+01
7.472111896262601860e+00 2.173514803735414702e+01
7.526068709986621919e+00 1.652704009999039059e+01
7.038614037688375014e+00 3.976724680753302721e+01
7.543964982668916797e+00 1.593217685301396536e+01
9.393294152222960491e+00 5.452106618066974164e-01
7.353068812430493040e+00 2.822526225982878501e+01
7.581806563692018663e+00 1.315709782013948370e+01
7.498422655705980766e+00 1.937024034011586338e+01
7.398493018844294333e+00 2.584685648053489260e+01
7.386216314629876045e+00 2.621326153088221744e+01
7.711879234338464784e+00 7.093688838051631862e+00
7.477365238590515162e+00 2.136778339843154129e+01
7.477492659904119598e+00 2.098385498680243444e+01
7.147739233856919228e+00 3.690530644641864200e+01
8.665070673959347047e+00 8.759923243503330292e-01
8.896614071308825089e+00 7.101485667447436922e-01
9.866099843909578837e+00 3.990737823688305652e-01
7.464901993912319789e+00 2.206659739153888111e+01
7.318343499773399152e+00 2.940642953935098802e+01
9.579777302114537818e+00 4.872334034687245130e-01
7.416577022483579640e+00 2.514318612663068109e+01
1.126737090659398177e+01 1.877028725540655363e-01
7.591746375711855954e+00 1.204994992185926961e+01
7.489733285486252612e+00 1.973374485636871611e+01
7.003278365004073969e+00 4.112985207608127780e+01
1.035088867867626305e+01 3.089400073367877808e-01
8.007294024761844042e+00 2.451755814156525659e+00
8.942570824919336303e+00 7.059373171618037457e-01
7.317781656951745539e+00 2.975974314270944632e+01
7.540212374723553879e+00 1.620722994813987938e+01
6.997024322076487834e+00 4.137130194043110265e+01
7.628087740317337939e+00 1.107471547104706922e+01
7.628516258003859463e+00 1.052762079099284875e+01
7.289572998933101289e+00 3.210803835049898680e+01
1.025526294391808868e+01 3.173492350469829248e-01
7.044550560743006784e+00 3.930695953337255588e+01
7.324451381332731437e+00 2.924343735943894629e+01
7.582741314700171209e+00 1.288434303252786783e+01
7.994106382535604460e+00 2.632193619495715176e+00
7.480840565927247887e+00 2.083276736331088230e+01
1.079106099787653505e+01 2.320185456364516063e-01
7.192301855247110964e+00 3.586731956016387812e+01
9.805287555567304025e+00 4.163779487627566889e-01
1.030083228267960749e+01 3.130797086854489319e-01
1.074881403625831133e+01 2.469174358145715675e-01
7.286355786257481704e+00 3.236292685162149496e+01
7.451122058353095490e+00 2.354227723009686457e+01
7.552554111363299683e+00 1.534668976106850558e+01
7.504887328294116422e+00 1.854850584508376699e+01
1.007581203108280832e+01 3.540784659216311692e-01
9.939279116903470879e+00 3.868820778964900953e-01
7.440976091763439548e+00 2.410728056005967446e+01
7.641269621007899637e+00 9.810642472757351129e+00
7.640220639437745653e+00 1.012142467236411747e+01
7.532930226424503495e+00 1.625136567630664075e+01
7.130470478591163008e+00 3.712122300871914149e+01
7.460961233535673642e+00 2.252685182229765104e+01
1.016948762754222635e+01 3.372056336380350183e-01
7.454368913182641165e+00 2.326153269804691348e+01
7.859345506142992654e+00 4.022454615822108615e+00
7.628228619995982562e+00 1.083363538044172891e+01
9.040979580508091473e+00 6.530006420829643776e-01
7.258376801551836621e+00 3.457389255378641479e+01
7.462404956364361297e+00 2.224809552957185943e+01
7.730784646160785201e+00 6.495998055503103608e+00
9.273641370225277569e+00 5.720697262923766235e-01
7.542018780500795216e+00 1.594732292419229225e+01
7.708958528010612987e+00 7.342240120447335094e+00
7.386954416495541409e+00 2.592281503846230351e+01
9.489991593942226800e+00 5.085914408104179607e-01
6.996913485739266747e+00 4.144814195658080536e+01
7.642903333337903504e+00 9.588748013306535256e+00
7.041064790410616503e+00 3.949180516052707901e+01
8.693818500629635793e+00 8.362366948052755156e-01
1.053820144548976145e+01 2.696538083995769775e-01
8.795245120152026530e+00 7.557494182024996343e-01
7.691324442785771431e+00 7.817636711494221124e+00
7.585265660647195318e+00 1.229984197991587891e+01
7.668086671073913507e+00 8.590557060107286702e+00
8.256516473562330205e+00 1.483924869584654971e+00
7.294674983969771986e+00 3.118441747060183644e+01
7.265329711411228075e+00 3.344130497173542693e+01
7.332173486672005858e+00 2.903821197475964411e+01
7.909603054156167268e+00 3.329011261355203199e+00
7.294674983969771986e+00 3.118441747060183644e+01
7.494841085657695245e+00 1.962144954812775666e+01
7.656062505125383666e+00 9.301082416435427547e+00
1.059802623323883175e+01 2.661093744885791867e-01
9.653449426209299133e+00 4.632556558913631939e-01
9.698604382916935052e+00 4.406038123067143597e-01
7.621218573358007120e+00 1.114589549215959075e+01
7.766500904267358507e+00 5.426732915071698748e+00
7.719829870211210476e+00 6.655472102080526753e+00
9.913544225244969255e+00 3.875879590489871851e-01
7.801342183677156150e+00 4.874805976985489231e+00
8.272819652944887636e+00 1.396924893267469159e+00
7.918215183223495934e+00 3.276754825790758385e+00
8.206593095967980034e+00 1.641874859749118398e+00
9.671541584595598096e+00 4.548462184893830029e-01
7.497469189529563316e+00 1.937261562987056251e+01
8.454304172754136815e+00 1.068799716345611772e+00
8.245437827003021525e+00 1.529953888797788597e+00
8.301519389118803716e+00 1.340231687940320437e+00
9.985832512822664597e+00 3.724252135791572549e-01
7.487273534497782990e+00 2.017153260995651110e+01
7.797492584576990460e+00 4.954967798019446867e+00
1.116481590203088459e+01 1.883029546595744730e-01
9.254410539334235963e+00 5.774590885589264699e-01
7.512055381241165897e+00 1.746552781285277689e+01
9.305546308449352821e+00 5.611278395411128939e-01
8.032105182701540613e+00 2.399037615559874048e+00
1.037679098874069439e+01 2.947772951603284119e-01
1.000158225634979736e+01 3.722635492076953323e-01
9.624052517415250918e+00 4.717934760669179606e-01
8.606763358126757524e+00 9.123879057234088874e-01
8.877062835468741753e+00 7.192812664424523827e-01
7.718337960388818253e+00 6.903931377852419615e+00
7.199288798042138282e+00 3.566551519232035616e+01
7.845723735433019819e+00 4.165023392385875489e+00
1.029170241989229950e+01 3.137867657906238672e-01
7.353068812430493040e+00 2.822526225982878501e+01
8.044482913506980637e+00 2.288150241910388960e+00
9.138749657107581470e+00 6.207078344669061387e-01
7.550903199599781068e+00 1.550594426729461084e+01
9.358098859799646618e+00 5.511056935611753360e-01
8.400437735633147440e+00 1.123322117462666192e+00
1.068501154992851099e+01 2.479441716943516782e-01
9.841443066966879982e+00 4.053027656099408849e-01
9.079459502232936075e+00 6.436331888691646519e-01
7.329599248970052550e+00 2.911462166014248609e+01
7.476262810111108159e+00 2.157793160034012914e+01
8.142368028952644110e+00 1.931693202013167854e+00
7.926343642170875725e+00 3.149846684724702861e+00
8.180159519991239137e+00 1.815869213825727968e+00
7.332224493184597236e+00 2.884828195861062383e+01
7.951616032198169037e+00 2.998425022542436924e+00
8.484628820751604295e+00 1.049878556175094513e+00
8.105657220783825778e+00 2.046185314739756400e+00
1.056345043483303492e+01 2.687035230172008515e-01
1.003596312592132200e+01 3.710636747927811285e-01
7.628228619995982562e+00 1.083363538044172891e+01
7.069830937298049456e+00 3.930677309013530873e+01
7.348182234963468673e+00 2.869133904946304980e+01
9.760577771038203565e+00 4.228797457373494884e-01
1.007393544154944465e+01 3.541379169689681250e-01
9.742303513411430416e+00 4.344072152187821168e-01
7.678308649278295483e+00 8.157042727967048990e+00
9.188870352626594240e+00 6.019588647292036798e-01
7.569724946172036617e+00 1.386349976308110854e+01
7.830761889112368479e+00 4.299999983857178520e+00
1.047938186362510748e+01 2.867828007808990720e-01
7.641269621007899637e+00 9.810642472757351129e+00
7.769937810689922841e+00 5.346571094037741112e+00
7.931692827959404113e+00 3.104368900538128528e+00
7.260867607204607665e+00 3.450190670782045999e+01
8.342374904540434954e+00 1.251210779760191905e+00
7.523086153339548332e+00 1.672214430468044455e+01
8.078413685810227562e+00 2.198801510269190906e+00
8.984787481240195106e+00 6.766379172239376238e-01
8.853823546148150925e+00 7.328862935784490329e-01
7.714894161777375636e+00 6.989882148359471969e+00
8.840261046623375307e+00 7.422136194137347598e-01
7.520316152060201986e+00 1.682593326748622076e+01
8.383603241809819195e+00 1.176146612755934795e+00
1.062542658255622996e+01 2.519436165156664353e-01
9.428569838713135809e+00 5.333811028934231091e-01
9.108795873134283738e+00 6.327664091225182474e-01
7.722995123281615193e+00 6.655058708493079678e+00
7.459301123045550597e+00 2.254181200305454524e+01
7.640220639437745653e+00 1.012142467236411747e+01
7.631794316686394630e+00 1.029288600643610430e+01
7.852282674249877026e+00 4.102657456777115463e+00
7.838338188584519806e+00 4.282248036527550816e+00
7.249585329662473043e+00 3.474232761172342521e+01
8.768404055141054698e+00 7.756785950655290529e-01
6.993420576234448127e+00 4.164534461561193268e+01
7.477365238590515162e+00 2.136778339843154129e+01
7.942421404210994851e+00 3.009769575711539247e+00
7.796081791736592770e+00 5.113285916273800247e+00
8.289336461379965826e+00 1.393001229937473218e+00
1.073412503385484662e+01 2.469176636442705908e-01
9.515046805577416222e+00 5.048223508405340620e-01
7.701205656454479076e+00 7.425944674242070498e+00
7.283197626158707472e+00 3.240064594530127806e+01
7.523656910157919597e+00 1.661732781854630048e+01
7.690880293146296509e+00 7.986720054177943950e+00
8.186453022007444957e+00 1.740646116771009444e+00
1.204571186312533015e+01 1.221650426346259644e-01
7.630954961577493201e+00 1.041582459492746260e+01
8.201614124247784687e+00 1.723637247097826730e+00
7.683943149847704213e+00 7.987547778562332113e+00
1.020498898036957236e+01 3.349927061590156074e-01
9.205484990677049950e+00 6.018344135516030535e-01
8.162526785686692321e+00 1.855261100228446036e+00
1.046335841460316018e+01 2.871683237270343803e-01
7.041064790410616503e+00 3.949180516052707901e+01
8.127550581013846198e+00 1.980308711562099644e+00
9.527958341363797601e+00 5.044328849503950662e-01
8.067974984235616986e+00 2.255854202832761501e+00
7.649109049197313936e+00 9.464313728950068949e+00
7.653224126020696794e+00 9.384116990029403027e+00
7.731787414850038509e+00 6.403609559083460745e+00
7.683638827755913780e+00 8.156053531106936205e+00
7.270942013854312158e+00 3.327190925159151647e+01
8.739370176905595144e+00 7.933102823809812243e-01
1.044295036296357893e+01 2.905547273784010454e-01
1.113742511513753186e+01 2.094295570502203441e-01
1.050277828660475876e+01 2.730457023610428080e-01
7.786003456648840526e+00 5.251885195335792567e+00
1.018569215237289782e+01 3.355545015700425182e-01
7.320726658372573858e+00 2.940624019489268903e+01
7.806343253470343413e+00 4.731734699218582030e+00
7.828872044474226577e+00 4.461295047571108618e+00
1.041037233274284191e+01 2.916053867258441845e-01
8.593505515718463883e+00 9.317130294225021148e-01
7.456756469339784310e+00 2.272331014108752356e+01
7.464876135475555508e+00 2.224754443667974257e+01
8.705270943637286152e+00 8.087003213640195920e-01
7.787435581488632685e+00 5.114855367191727176e+00
8.361392658111158838e+00 1.197225655094627195e+00
8.321235055552097748e+00 1.297906776173842980e+00
7.822586685485856783e+00 4.478925590634279530e+00
9.550900183070064386e+00 4.989045870927482085e-01
7.762785372872802014e+00 5.583259628893993742e+00
7.903796416252052204e+00 3.478095219847279207e+00
7.989431835089309430e+00 2.692374242524882888e+00
8.095460691266346487e+00 2.121104854981927357e+00
1.003292941084791678e+01 3.711527766807315998e-01
7.739753162883463489e+00 6.344263613238137367e+00
8.223514273179850065e+00 1.573106365453705413e+00
8.019738127382632698e+00 2.414833813155199405e+00
7.343896082144080850e+00 2.873665163984703952e+01
7.863264092299608876e+00 3.855278519277566929e+00
8.526935364228021896e+00 9.736820971460374841e-01
1.065410492514217999e+01 2.512820284950122995e-01
8.159079468546533320e+00 1.906199206871453278e+00
8.119298461491148089e+00 2.008822901391967619e+00
7.007837016811122588e+00 4.029062299612600384e+01
7.962488829847653271e+00 2.874361826589088675e+00
7.783797686448522768e+00 5.292476034700239751e+00
7.755631005362964459e+00 5.833557099412001179e+00
9.464658080636905169e+00 5.216302341980945112e-01
7.464901993912319789e+00 2.206659739153888111e+01
9.431575907912163714e+00 5.332566396632854033e-01
7.552661481572188862e+00 1.518929870785497727e+01
7.160210276036399257e+00 3.690077139975768006e+01
9.228659319708484077e+00 5.902133997447257530e-01
8.760430883444060512e+00 7.807222580402922718e-01
9.122659894359964383e+00 6.323626643403967851e-01
7.975599969657047872e+00 2.721268189522038750e+00
8.957657278409655532e+00 6.891384504867238414e-01
7.810953828939220855e+00 4.731255211578886843e+00
7.339537173012977256e+00 2.883264929248165487e+01
8.633862826782943145e+00 8.952231900518523577e-01
9.084369813683593975e+00 6.436251805069159726e-01
1.042768081760513965e+01 2.906435109852003040e-01
1.116175228546432407e+01 1.886693680368270454e-01
8.089077731441426167e+00 2.145533445514343551e+00
9.561074745832893740e+00 4.947544682363403390e-01
9.624052517415250918e+00 4.717934760669179606e-01
9.329389121306988386e+00 5.535962434385915953e-01
7.477492659904119598e+00 2.098385498680243444e+01
8.553480830392192757e+00 9.547409048554814648e-01
7.130470478591163008e+00 3.712122300871914149e+01
7.117041580280396573e+00 3.721511964969529629e+01
9.008218779447449975e+00 6.652974143929145656e-01
8.428617519414112635e+00 1.092082787267015354e+00
8.635129375059396040e+00 8.936699069072084889e-01
7.822537168832254473e+00 4.644653601011467181e+00
7.698497023355278301e+00 7.528323726672491389e+00
7.693437587294331692e+00 7.714584315446677110e+00
7.695049173948331322e+00 7.672279911630303317e+00
9.027649730891017299e+00 6.623441929998392652e-01
8.541651069951161190e+00 9.634917843582174735e-01
1.061344915984669868e+01 2.652225560383935643e-01
8.440947457257466979e+00 1.080559791601659603e+00
7.317781656951745539e+00 2.975974314270944632e+01
9.460288983455384937e+00 5.271392557303893334e-01
7.901918602664349756e+00 3.478335329304221180e+00
8.325944798543156722e+00 1.280665633743105047e+00
7.696936972635498364e+00 7.568374150562120484e+00
7.863264092299608876e+00 3.855278519277566929e+00
8.971001548529972780e+00 6.859889050349092798e-01
8.052701498693227933e+00 2.259634773313253575e+00
9.348894101222114728e+00 5.525839649353395666e-01
7.270942013854312158e+00 3.327190925159151647e+01
7.273189638284162761e+00 3.312436118851359623e+01
8.358842496172885106e+00 1.233960418251724311e+00
7.647923393419661764e+00 9.556785894163823514e+00
1.065152392914461466e+01 2.515403004292429689e-01
1.036332525896536794e+01 2.955121450667607674e-01
8.513059681495700914e+00 9.942899852696170937e-01
7.760173991197126142e+00 5.583706600480391025e+00
8.505760739503489987e+00 1.013358547129777909e+00
1.023187685076908515e+01 3.308031039174303967e-01
7.965245831152372169e+00 2.806022067747772297e+00
7.663948489331319891e+00 8.712931152480944519e+00
8.493075820277898202e+00 1.038513684732729647e+00
1.080694594536029385e+01 2.319589158963133724e-01
7.202237786839878808e+00 3.566534912592607753e+01
7.822537168832254473e+00 4.644653601011467181e+00
1.070987953486480748e+01 2.471410752069864991e-01
7.222659720513770587e+00 3.564285178656395914e+01
7.474355103571811654e+00 2.169956297911891596e+01
8.577104324500036014e+00 9.450540300858202292e-01
9.164305795551019429e+00 6.091572785779171273e-01
9.164305795551019429e+00 6.091572785779171273e-01
7.595505481638757495e+00 1.199096432259166001e+01
8.392987774644279142e+00 1.147614328496868286e+00
7.668086671073913507e+00 8.590557060107286702e+00
7.261307169476300061e+00 3.436170163411113521e+01
1.050277828660475876e+01 2.730457023610428080e-01
9.930255617555944880e+00 3.872737577259732777e-01
9.848806258398205671e+00 4.050784937489574355e-01
7.965746454689765166e+00 2.738841460584140908e+00
8.814602115443600283e+00 7.422749087504072474e-01
1.022344311818896045e+01 3.348769772427466207e-01
1.055433258793370399e+01 2.688532902778774658e-01
8.569094242803856787e+00 9.454794504875652095e-01
7.759814077401641086e+00 5.721271332619159544e+00
7.386954416495541409e+00 2.592281503846230351e+01
9.226282631415989144e+00 6.004407087166115931e-01
9.319517559630350334e+00 5.608822730393867584e-01
7.491953722358398515e+00 1.962195731369211771e+01
8.223514273179850065e+00 1.573106365453705413e+00
7.759814077401641086e+00 5.721271332619159544e+00
7.222659720513770587e+00 3.564285178656395914e+01
7.474505880157373383e+00 2.159964599114326234e+01
9.720306947378714924e+00 4.374667502028850019e-01
