0.000000000000000000e+00 1.202271164499381763e-03 2.262668557909372838e-02 9.300391697318397119e-04 3.469698036567398208e-03 6.683682738128359467e-03
0.000000000000000000e+00 3.270211714017655091e-01 8.291118953321671370e+00 2.436657296910038539e+01 1.224097697029984211e+01 2.261507714168557032e-02
0.000000000000000000e+00 1.202271164499381763e-03 2.262668557909372838e-02 8.901172712619649869e-04 5.043105843576674643e-03 6.622056253930864479e-03
0.000000000000000000e+00 2.271572880413281342e-02 8.901172712619649869e-04 2.264781502182755188e-02 3.541630486292625564e-03 6.635757280342107975e-03
0.000000000000000000e+00 1.202271164499381763e-03 6.610227194671179640e-02 9.589292488307242209e-04 3.545218213919983877e-03 6.649431097083932825e-03
0.000000000000000000e+00 1.202271164499381763e-03 4.436447876290276066e-02 8.913350253510659085e-04 4.645422799061996004e-03 7.579744276359186642e-03
0.000000000000000000e+00 4.233330289251584055e+00 9.219454609858013683e+00 2.091634747385591808e+01 8.790796458080492926e+00 1.331206929069763886e-02
0.000000000000000000e+00 6.543325452877783555e+00 5.013790653230384420e-01 2.872207666508541735e+01 8.436903570163392985e+00 2.262645584206544186e-02
0.000000000000000000e+00 2.271572880413281342e-02 6.610349682268699956e-02 1.008362880099538880e-03 3.583165750003671282e-03 6.725144070518699127e-03
0.000000000000000000e+00 1.202271164499381763e-03 4.436447876290276066e-02 9.313036691036180766e-04 4.102847492090249369e-03 6.759489600878364896e-03
0.000000000000000000e+00 3.078973013671140624e+00 4.172018194308400041e+00 2.309510329702726139e+01 1.129519677356080365e+01 4.053337044326792843e-03
0.000000000000000000e+00 1.173181201448080142e-03 6.610227194671179640e-02 9.325606794040556136e-04 5.344358225045951066e-03 7.595691928788563321e-03
0.000000000000000000e+00 2.271572880413281342e-02 2.262791045507099585e-02 1.005109274002831832e-03 4.210406864286863303e-03 6.697530555615437489e-03
0.000000000000000000e+00 1.173181201448080142e-03 6.610227194671179640e-02 9.325606794040556136e-04 3.545218213919983877e-03 6.773457470081321180e-03
0.000000000000000000e+00 1.173181201448080142e-03 1.095778583143278001e-01 8.949454318686140761e-04 5.316914646595876509e-03 6.801310427680772389e-03
0.000000000000000000e+00 1.173181201448080142e-03 1.965290310495598214e-01 8.996588416053593077e-04 3.844950074122437545e-03 7.625724550586302636e-03
0.000000000000000000e+00 3.136326087033671328e+00 4.091859079299493551e+00 2.345834299956158020e+01 7.090268657520891082e+00 1.685991657912955799e-01
0.000000000000000000e+00 1.202271164499381763e-03 1.095778583143278001e-01 8.949454318686140761e-04 3.901039401607549542e-03 2.835246958428863998e-02
0.000000000000000000e+00 3.270211714017655091e-01 8.291118953321671370e+00 2.436657296910038539e+01 1.223810074100338952e+01 2.261507714168557032e-02
0.000000000000000000e+00 1.202271164499381763e-03 1.530534446819437899e-01 9.375135702252569399e-04 3.697713445481857174e-03 6.829052430335636435e-03
0.000000000000000000e+00 1.173181201448080142e-03 8.784006513051878517e-02 9.338101876900541240e-04 3.826821307748340048e-03 7.611610424932045704e-03
0.000000000000000000e+00 1.173181201448080142e-03 6.610227194671179640e-02 2.265028995635688311e-02 3.548772408710588327e-03 6.787397774591542518e-03
0.000000000000000000e+00 3.192993737218845940e+00 5.506427796968276667e+00 2.164264507580250907e+01 6.039416936300645133e+00 8.690751182611179682e-02
0.000000000000000000e+00 1.202271164499381763e-03 1.095778583143278001e-01 8.949454318686140761e-04 5.097491376118643176e-03 2.942982779209259159e-02
0.000000000000000000e+00 1.173181201448080142e-03 1.095778583143278001e-01 8.949454318686140761e-04 3.586709031485074521e-03 5.021449596382944469e-02
0.000000000000000000e+00 1.173181201448080142e-03 1.095778583143278001e-01 8.949454318686140761e-04 3.586709031485074521e-03 5.021449596382944469e-02
0.000000000000000000e+00 1.202271164499381763e-03 2.262668557909372838e-02 8.901172712619649869e-04 3.538009261002503843e-03 2.835984943773989589e-02
0.000000000000000000e+00 2.271572880413281342e-02 8.901172712619649869e-04 2.264781502182755188e-02 3.541630486292625564e-03 6.635757280342107975e-03
0.000000000000000000e+00 1.202271164499381763e-03 2.182867052550769016e-01 9.008191692351847539e-04 3.990257867407373017e-03 6.681632313910854624e-03
0.000000000000000000e+00 3.050537930885073301e+00 4.252178613470342761e+00 2.327716381085557273e+01 8.037022404805815867e+00 9.130550702077605552e-02
0.000000000000000000e+00 2.271572880413281342e-02 3.107386332986427746e+00 6.877759636784404051e+00 6.515397271348188468e+00 1.169007584640967323e+00
0.000000000000000000e+00 2.138826418641009308e+00 4.733131992219122175e+00 1.124137492269038674e+01 1.714685884782850067e+01 3.503795589987331732e-02
0.000000000000000000e+00 4.442986001225633641e-02 4.452107190915347346e+00 2.264911660268634552e+00 5.995686122755755854e+00 1.239644704998480451e+00
0.000000000000000000e+00 2.269206682844730760e-02 3.107386332986427746e+00 6.981736553113708332e+00 7.087284509482264738e+00 1.168280541278040818e+00
0.000000000000000000e+00 1.957379322163086410e+00 3.617320609252882679e+00 1.083272995255114068e+01 1.696514418278903591e+01 1.310661945375947712e-01
0.000000000000000000e+00 1.913927629050708568e+00 5.855382312469805228e+00 4.775818990783676554e+00 1.877833391317681233e+01 1.311323163971416794e-01
0.000000000000000000e+00 2.138802178430595724e+00 4.973617455320998637e+00 1.088037706880134614e+01 1.623785046981856084e+01 1.310544617396314504e-01
0.000000000000000000e+00 2.227902443012570011e+00 1.685555498766646565e+00 4.281994993836883978e+00 1.895844159655896632e+01 5.994121838330485064e-02
0.000000000000000000e+00 5.009235168722336873e-01 3.649578048857779144e+00 5.632132565504425870e+00 1.441883680323807937e+01 2.487495289180450264e-01
0.000000000000000000e+00 2.183340190616375853e+00 4.572811828424100611e+00 5.589137084556804247e+00 1.841533763711084859e+01 1.559654426207981726e-01
0.000000000000000000e+00 2.269206682844730760e-02 4.379144305471310616e+00 3.226617032803272611e+00 6.847752054257282062e+00 2.439179673491718991e-01
0.000000000000000000e+00 1.202271164499381763e-03 1.747912378657528187e-01 8.984912912969966834e-04 4.233878264984433648e-03 2.864370186818653019e-02
0.000000000000000000e+00 1.202271164499381763e-03 1.095778583143278001e-01 9.350521809648149833e-04 3.586709031485074521e-03 6.738909596213436652e-03
0.000000000000000000e+00 1.202271164499381763e-03 8.784006513051878517e-02 9.338101876900541240e-04 2.525228293106495867e-02 6.801310427680772389e-03
0.000000000000000000e+00 1.173181201448080142e-03 1.530534446819437899e-01 9.375135702252569399e-04 5.032766827303762104e-03 7.272832486841241707e-03
0.000000000000000000e+00 2.269206682844730760e-02 3.164381184782036005e+00 3.307232531564978650e+00 4.640756599497439794e+00 2.430123392486429612e-01
0.000000000000000000e+00 3.164559262854557797e+00 4.011698562266482249e+00 2.454676923927897647e+01 5.343396014272887129e+00 1.486965710223995818e-01
0.000000000000000000e+00 2.271572880413281342e-02 1.530546695579210748e-01 9.387329399462116409e-04 4.125949789625600432e-03 6.842881604088586756e-03
0.000000000000000000e+00 2.027457147966145623e+00 3.243403920994960110e+00 7.079607058300976696e+00 1.406008230345815413e+01 2.138120336741393956e-01
0.000000000000000000e+00 1.892165942611661045e+00 5.534732990826562116e+00 5.182639159837493459e+00 1.986795668542658433e+01 4.273400172839041805e-02
0.000000000000000000e+00 2.138802178430595724e+00 8.309177040925913360e+00 2.146095511123862920e+01 8.525735424582062905e+00 1.522616817958340890e-02
0.000000000000000000e+00 2.049726154059035466e+00 3.368044807778350691e+00 5.453655808619600087e+00 1.405871311584019701e+01 2.130462403334957844e-01
0.000000000000000000e+00 2.271572880413281342e-02 6.610349682268699956e-02 9.338101876900541240e-04 3.548772408710588327e-03 2.852519095840057306e-02
0.000000000000000000e+00 1.173181201448080142e-03 8.784006513051878517e-02 9.338101876900541240e-04 3.826821307748340048e-03 7.611610424932045704e-03
0.000000000000000000e+00 2.273962205937232403e-02 3.107386332986427746e+00 6.877759636784404051e+00 7.809673186454474170e+00 1.169218093294793315e+00
0.000000000000000000e+00 1.173181201448080142e-03 6.610227194671179640e-02 9.325606794040556136e-04 3.545218213919983877e-03 5.018693739590498332e-02
0.000000000000000000e+00 1.957403215418325848e+00 3.617320609252882679e+00 6.131061534896624643e+00 1.805138598983404208e+01 1.559956753711893296e-01
0.000000000000000000e+00 1.202271164499381763e-03 3.107384727220281473e+00 2.446392396629031740e+00 6.266765233765789311e+00 1.405536976073914479e+00
0.000000000000000000e+00 3.050475587773337605e+00 4.172016792436381571e+00 2.273214410689307741e+01 1.108502531675725500e+01 1.523732603435293438e-02
0.000000000000000000e+00 3.192993737218845940e+00 6.648301383582066570e+00 2.091700867662060404e+01 5.093617558437300907e+00 6.181085931599420574e-02
0.000000000000000000e+00 2.227976591531654726e+00 1.637505509593306874e+00 4.386315009273237919e+00 1.950293601065790838e+01 5.937691454602436053e-02
0.000000000000000000e+00 1.202271164499381763e-03 8.784006513051878517e-02 9.338101876900541240e-04 2.525228293106495867e-02 6.801310427680772389e-03
0.000000000000000000e+00 1.783453314716934024e+00 5.855369623099426768e+00 5.588925832767218438e+00 1.877680987693160120e+01 4.276839658404617273e-02
0.000000000000000000e+00 4.306291131057549570e+00 6.129276915302067863e+00 2.490964745626016352e+01 4.445888221150744002e+00 2.582111064107547524e-02
0.000000000000000000e+00 2.228001788854213849e+00 1.733652660690997660e+00 4.282313668934214057e+00 1.859551970930660048e+01 1.830730374413443717e-01
0.000000000000000000e+00 1.231645461951578514e-03 4.525063933493202128e+00 2.184749839234676916e+00 5.860008452516631827e+00 1.238826059540311109e+00
0.000000000000000000e+00 3.022040504987268061e+00 4.412500821193964029e+00 2.363984113759456562e+01 8.036044095022976563e+00 1.079877256631594229e-01
0.000000000000000000e+00 4.447741524318134937e-02 2.161006707854462583e+00 2.820239182069660622e+00 3.243956948909132443e+00 8.740206819837679220e-01
0.000000000000000000e+00 2.071995160151925752e+00 3.305726570389218910e+00 1.083278731844754361e+01 1.678275421798342038e+01 1.310979215414859178e-01
0.000000000000000000e+00 1.202271164499381763e-03 3.021892449526868418e+00 4.188912419203290050e+00 4.234151732681635139e+00 4.084583331079421065e-01
0.000000000000000000e+00 2.161071184523486455e+00 8.205372623904175100e+00 2.146095511123862920e+01 8.437371504768968578e+00 1.523732603435293438e-02
0.000000000000000000e+00 2.271572880413281342e-02 3.135883758884232542e+00 6.773604845577080091e+00 6.349384700730185571e+00 1.168953417017653429e+00
0.000000000000000000e+00 1.202271164499381763e-03 1.747912378657528187e-01 9.387329399462116409e-04 3.562653151309279603e-03 7.805116353804071941e-03
0.000000000000000000e+00 2.183340190616375853e+00 4.492650007390139422e+00 5.453673029814920525e+00 1.823370995586543231e+01 5.089879368275575938e-02
0.000000000000000000e+00 6.619131517175087798e-02 3.107389516492862658e+00 6.774108333485695077e+00 6.349341685573421046e+00 6.272511702439107495e-01
0.000000000000000000e+00 2.049726154059035466e+00 4.813286477246760953e+00 1.033457177465852084e+01 1.750969365025324365e+01 3.504955550586635188e-02
0.000000000000000000e+00 4.792574049982449846e-01 3.649576261161576074e+00 5.735781595637634567e+00 1.314834983700720983e+01 2.478162098218235354e-01
0.000000000000000000e+00 2.273962205937232403e-02 2.205543472527535798e+00 1.647456784226101201e+00 1.543487551512952249e+00 8.766625331930704146e-01
0.000000000000000000e+00 2.027457147966145623e+00 3.430363020765854642e+00 5.860340862869197309e+00 1.405665751780137995e+01 6.968452989922423180e-02
0.000000000000000000e+00 2.183340190616375853e+00 4.492650007390139422e+00 5.453673029814920525e+00 1.823370995586543231e+01 5.089879368275575938e-02
0.000000000000000000e+00 6.621520842699038512e-02 4.379148380774642746e+00 9.654499536138574811e+00 7.447576900867098892e+00 1.175870114880219974e+00
0.000000000000000000e+00 8.790544637987234011e-02 3.078893668302728592e+00 3.948132785842648929e+00 4.776028382459162280e+00 4.088816969314658656e-01
0.000000000000000000e+00 2.276374813826762336e-02 4.415658130269852322e+00 3.066546413554405603e+00 4.911127666796686775e+00 4.095818519084868381e-01
0.000000000000000000e+00 1.202271164499381763e-03 3.052179969686029670e-01 7.329559416655675487e-04 3.899524327744505192e-02 6.422108830762392195e-03
0.000000000000000000e+00 1.231645461951578514e-03 4.306181408075302919e+00 6.150708862519636000e+00 9.434895638536161755e+00 4.496189375158348156e-01
0.000000000000000000e+00 3.164496311321042032e+00 6.856015113512389902e+00 1.964620145330371415e+01 8.561977121091683074e+00 4.113477339156070001e-02
0.000000000000000000e+00 4.792574049982449846e-01 3.649576261161576074e+00 5.735949988380610876e+00 1.351282774921891239e+01 2.486231838431828267e-01
0.000000000000000000e+00 6.621520842699038512e-02 4.233226697162709939e+00 5.943086378099923017e+00 9.434942429645628792e+00 9.940678760979485551e-01
0.000000000000000000e+00 2.271572880413281342e-02 2.205543472527535798e+00 1.743889894989020917e+00 1.623499059013511214e+00 2.539677157598230761e-01
0.000000000000000000e+00 3.136326087033671328e+00 4.091859079299493551e+00 2.327515135078323283e+01 6.249579291893362587e+00 7.172719207800068442e-02
0.000000000000000000e+00 8.790544637987234011e-02 3.078893668302728592e+00 3.868365278802692320e+00 6.516018649334616164e+00 1.239821359161088932e+00
0.000000000000000000e+00 2.271572880413281342e-02 2.262791045507099585e-02 1.005109274002831832e-03 3.679660301795992239e-03 6.697530555615437489e-03
0.000000000000000000e+00 3.164496311321042032e+00 6.856015113512389902e+00 1.964620145330371415e+01 8.666582435363427095e+00 2.440713889685500876e-02
0.000000000000000000e+00 4.452252524258450528e+00 9.897050177030459750e+00 1.492658320410976636e+01 6.238443197391401185e+00 1.240514761314536890e-01
0.000000000000000000e+00 2.161119901875715232e+00 1.589358130337288344e+00 4.905235457054026860e+00 1.950226630430731234e+01 3.073548785061581690e-01
0.000000000000000000e+00 6.616765319606536522e-02 3.107389516492862658e+00 6.255074885024876963e+00 1.459778328691763960e+01 8.086521842822848305e-02
0.000000000000000000e+00 2.269206682844730760e-02 2.161005460341755668e+00 3.069416737580830112e+00 2.621393194453869757e+00 4.679335300362891248e-01
0.000000000000000000e+00 1.202271164499381763e-03 2.262668557909372838e-02 8.901172712619649869e-04 3.572332415679588952e-03 2.842147592193738914e-02
0.000000000000000000e+00 2.271572880413281342e-02 1.530546695579210748e-01 9.185557208415380884e-04 2.597167144879141548e-02 6.793694795485760891e-03
0.000000000000000000e+00 1.173181201448080142e-03 6.610227194671179640e-02 2.265028995635688311e-02 3.548772408710588327e-03 6.787397774591542518e-03
0.000000000000000000e+00 2.273962205937232403e-02 3.135883758884232542e+00 6.877752501551524844e+00 7.448455452413632827e+00 1.169166397775392108e+00
0.000000000000000000e+00 2.205609196709266584e+00 1.685554503022004491e+00 4.385982183504289367e+00 1.950293601065790838e+01 5.994708460420551666e-02
0.000000000000000000e+00 8.795300161079736001e-02 3.021898816507119889e+00 4.028700380834917105e+00 8.342156926132615169e+00 8.521786428629278543e-02
0.000000000000000000e+00 8.792910835555783899e-02 2.071933156569603529e+00 3.007409008861496869e+00 3.348075296827323744e+00 1.977911175924023379e-01
0.000000000000000000e+00 1.231645461951578514e-03 4.342661828978285676e+00 6.046893067792088239e+00 9.615481110001843135e+00 8.666746655498477891e-02
0.000000000000000000e+00 1.892142280635976004e+00 3.679635629773142291e+00 6.808559774650674967e+00 1.369715151332741065e+01 2.138023472554426707e-01
0.000000000000000000e+00 1.313810327474904116e-01 1.461343580648661433e+00 5.772041360610830063e-01 1.310437291964853701e+00 2.767414605971310615e-01
0.000000000000000000e+00 2.027457147966145623e+00 3.368043320842224020e+00 6.131344482185732581e+00 1.387597680485158591e+01 2.137433722216815490e-01
0.000000000000000000e+00 1.313810327474904116e-01 1.478941389272819817e+00 1.176661207678947996e+00 6.372666344406476835e-01 8.975012234016775670e-02
0.000000000000000000e+00 4.574954857355406079e-01 3.686054881959915708e+00 5.735949988380610876e+00 1.423733866520510105e+01 2.487257218612339837e-01
0.000000000000000000e+00 8.790544637987234011e-02 3.050396242404924685e+00 3.788209298305229566e+00 7.180137827690376007e+00 1.073923994863269060e+00
0.000000000000000000e+00 1.096907947946064027e-01 4.342671987199980599e+00 9.383504355197958446e+00 6.905876546211291434e+00 9.934043539503103482e-01
0.000000000000000000e+00 1.231645461951578514e-03 3.192877004913693195e+00 6.565984331589448608e+00 6.681452362178434079e+00 8.549475584686275220e-02
0.000000000000000000e+00 4.196889577937568561e+00 6.129272618024740105e+00 2.400229479562386459e+01 5.408524470603746970e+00 3.026534534311384542e-02
0.000000000000000000e+00 2.269206682844730760e-02 4.342663884568327859e+00 3.146723888802100078e+00 7.180103621757921495e+00 1.239993391057168992e+00
0.000000000000000000e+00 1.314046947231758966e-01 1.767035510850763769e-01 2.062832538326265785e-01 2.984765131228302431e-03 2.783439703459028927e-02
0.000000000000000000e+00 2.227976591531654726e+00 1.685602671517657747e+00 4.386300773937355402e+00 1.986600667553747357e+01 5.937554730464256886e-02
0.000000000000000000e+00 2.269206682844730760e-02 3.078888907088623839e+00 2.446392396629031740e+00 6.536890539350879159e+00 1.072233910242502919e+00
0.000000000000000000e+00 1.231645461951578514e-03 4.342661828978285676e+00 6.046723401210729598e+00 8.893139224139103405e+00 8.648424032579664356e-02
0.000000000000000000e+00 1.957355660187400703e+00 3.305722109634724237e+00 6.673135868491655742e+00 1.369688628669336161e+01 2.137565555277476936e-01
0.000000000000000000e+00 1.913880073819783645e+00 3.617317513856068256e+00 6.808559774650674967e+00 1.351565337529442701e+01 3.578507932612633446e-01
0.000000000000000000e+00 4.447741524318134937e-02 2.183275713947352425e+00 3.007299070568003163e+00 9.820539487816059010e-01 8.765826895114897654e-01
0.000000000000000000e+00 6.621520842699038512e-02 4.379148380774642746e+00 9.383518742932359658e+00 6.364175640073629125e+00 1.174725426223920177e+00
0.000000000000000000e+00 8.792910835555783899e-02 4.379150400446176761e+00 9.518994751801070464e+00 5.822307657675938941e+00 1.175473068523688491e+00
0.000000000000000000e+00 3.136291946542836495e+00 3.931535437231574726e+00 2.345785426620770053e+01 6.249582637150908226e+00 1.300421592856224606e-01
0.000000000000000000e+00 1.313810327474904116e-01 3.351000355829448218e-01 2.506274658047563109e-01 1.142523813238992825e-01 4.463140889124229266e-02
0.000000000000000000e+00 1.314046947231758966e-01 1.767035510850763769e-01 2.935775814018430907e-01 1.049458699547339141e-01 3.516869579914525847e-03
0.000000000000000000e+00 1.313810327474904116e-01 2.294969769575521956e-01 2.944459475719529359e-02 3.569760535974298744e-03 5.181417370618388203e-03
0.000000000000000000e+00 8.797712768969266628e-02 4.379150400446176761e+00 9.518775398314899050e+00 7.086405957935730804e+00 9.942885071523812623e-01
0.000000000000000000e+00 2.227878202802155982e+00 2.931817920757954443e+00 6.402279234430183763e+00 1.768845431706331084e+01 1.559998642973840222e-01
0.000000000000000000e+00 1.314285879784154176e-01 3.174860200783462538e-01 6.213734314723219979e-04 3.246571846411017842e-02 5.231703516380332465e-03
0.000000000000000000e+00 2.049726154059035466e+00 3.368044807778350691e+00 5.453655808619600087e+00 1.405871311584019701e+01 2.130462403334957844e-01
0.000000000000000000e+00 2.271572880413281342e-02 1.530546695579210748e-01 9.185557208415380884e-04 4.233878264984433648e-03 6.780040206185659023e-03
0.000000000000000000e+00 8.790544637987234011e-02 3.050396242404924685e+00 4.028300116375035600e+00 4.640537985856052039e+00 2.428101308433842642e-01
0.000000000000000000e+00 1.231645461951578514e-03 4.342661828978285676e+00 6.047231641397618596e+00 8.893139224139103405e+00 4.494805163917605095e-01
0.000000000000000000e+00 3.078973013671140624e+00 3.931532731206523579e+00 2.291399755646638781e+01 1.119011144870287033e+01 1.523732603435293438e-02
0.000000000000000000e+00 1.202271164499381763e-03 2.617424106009869078e-01 3.595945474380896068e-02 3.799626029126746112e-03 6.236244798365764286e-03
0.000000000000000000e+00 1.314046947231758966e-01 1.478941389272819817e+00 6.342461389159096408e-01 1.915964340242380937e-01 1.556715722038253848e-02
0.000000000000000000e+00 1.531424879069828993e-01 1.767045079374761629e-01 1.345739436440670789e-01 2.379753547544718184e-01 3.541022918805714244e-03
0.000000000000000000e+00 2.183388907968605075e+00 3.056454715437209479e+00 6.131084856555251150e+00 1.823281898737718976e+01 1.559956753711893296e-01
0.000000000000000000e+00 2.269206682844730760e-02 4.342663884568327859e+00 3.146854177013815868e+00 7.346116192375918175e+00 1.348903627353369661e+00
0.000000000000000000e+00 3.078973013671140624e+00 4.252180015342357677e+00 2.273206941223792654e+01 1.129471258763202535e+01 1.336691154765284884e-02
0.000000000000000000e+00 8.795300161079736001e-02 4.196748295931260309e+00 3.307055025314089125e+00 3.014472225927608218e+00 4.684869222633129549e-01
0.000000000000000000e+00 1.173181201448080142e-03 4.306181408075302919e+00 3.387224119340911166e+00 1.686874497787100413e+00 1.146167584588086763e+00
0.000000000000000000e+00 1.761715521533124829e+00 5.935529221363720964e+00 5.588925832767218438e+00 1.877909937825087994e+01 4.276839658404617273e-02
0.000000000000000000e+00 1.202271164499381763e-03 3.052179969686029670e-01 7.329559416655675487e-04 3.799626029126746112e-03 6.396384943088232258e-03
0.000000000000000000e+00 3.192993737218845940e+00 6.129267935121254673e+00 2.454692241404400121e+01 5.407510101645342182e+00 3.026534534311384542e-02
0.000000000000000000e+00 2.227902443012570011e+00 2.994137620681585066e+00 5.995571138293520619e+00 1.786982271131122246e+01 1.560034461400493788e-01
0.000000000000000000e+00 1.261305992118845302e-03 4.415656035166448667e+00 3.146716172664125732e+00 4.911127666796686775e+00 4.095818519084868381e-01
0.000000000000000000e+00 1.313810327474904116e-01 1.461343580648661433e+00 6.341514335495159749e-01 3.369778041366833787e-01 6.833976841336401875e-02
0.000000000000000000e+00 1.096669015393668678e-01 4.342671987199980599e+00 9.383504355197958446e+00 6.002949188882865883e+00 9.939749304907108396e-01
0.000000000000000000e+00 1.202271164499381763e-03 2.182668242333688502e-01 9.008191692351847539e-04 4.714853625009495300e-03 6.933777444338669500e-03
0.000000000000000000e+00 3.107501459525433329e+00 6.959716386854132963e+00 2.164217844272808833e+01 4.106307482743411619e+00 5.161578831280766444e-02
0.000000000000000000e+00 1.314046947231758966e-01 2.470947855817113292e-01 2.944531609403578873e-02 3.107943790652304642e-03 5.325208573181368366e-03
0.000000000000000000e+00 1.202271164499381763e-03 2.834802037847938827e-01 7.320400923971376751e-04 3.737251715811202440e-03 2.392794192794734515e-02
0.000000000000000000e+00 1.202271164499381763e-03 2.182668242333688502e-01 1.840938708515034786e-02 3.465855533334045654e-03 5.573097798218937943e-03
0.000000000000000000e+00 2.094264166244815595e+00 3.305728008467935020e+00 1.050047203342241176e+01 1.641970201338664737e+01 4.276063009968538581e-02
0.000000000000000000e+00 5.009471788479191723e-01 3.649578048857779144e+00 5.631795831615993286e+00 1.351208582145777548e+01 2.478703493173938233e-01
0.000000000000000000e+00 8.795300161079736001e-02 3.050396242404924685e+00 3.788209298305229566e+00 7.346150398308379792e+00 1.073980820439173423e+00
0.000000000000000000e+00 2.273962205937232403e-02 3.107386332986427746e+00 6.981395830404167668e+00 7.267869980947953223e+00 1.169114078685844493e+00
0.000000000000000000e+00 1.314046947231758966e-01 2.118991683333930343e-01 7.365602372100257464e-04 3.751958393775249936e-03 6.286084234077011189e-03
0.000000000000000000e+00 1.314046947231758966e-01 2.470947855817113292e-01 6.184847732852395349e-04 2.812771694676015431e-03 4.951341123641579342e-03
0.000000000000000000e+00 6.616765319606536522e-02 3.107389516492862658e+00 6.255074885024876963e+00 1.459778328691763960e+01 8.086521842822848305e-02
0.000000000000000000e+00 1.173181201448080142e-03 4.452103091687235725e+00 3.066285703905911042e+00 1.686874497787100413e+00 6.042059981756566778e-01
0.000000000000000000e+00 8.790544637987234011e-02 4.269709137737226712e+00 3.066293390735353341e+00 1.686896189210812524e+00 1.010620508300851261e+00
0.000000000000000000e+00 1.173181201448080142e-03 4.488583512590217595e+00 3.066538253295831851e+00 7.346046327839523826e+00 1.349024401379619986e+00
0.000000000000000000e+00 3.164559262854557797e+00 4.011777326401417376e+00 2.436442356850092494e+01 5.431766279939842512e+00 1.486965710223995818e-01
0.000000000000000000e+00 8.795300161079736001e-02 4.342669979543193115e+00 9.654279963429319267e+00 7.447576900867098892e+00 9.943719768472423226e-01
0.000000000000000000e+00 1.314046947231758966e-01 1.943013597092339007e-01 7.685575819295762572e-04 4.403705034482065586e-03 6.327316589213596680e-03
0.000000000000000000e+00 4.792574049982449846e-01 3.649576261161576074e+00 5.735781595637634567e+00 1.314834983700720983e+01 2.485675992422493596e-01
0.000000000000000000e+00 1.313810327474904116e-01 1.461343580648661433e+00 1.140181185220406235e+00 1.261958612422734882e+00 2.759020478281554861e-02
0.000000000000000000e+00 1.261305992118845302e-03 4.196740145366353758e+00 3.387244612022197732e+00 2.102165423246900477e+00 1.146223893814157568e+00
0.000000000000000000e+00 1.531424879069828993e-01 1.591066993133186114e-01 1.345645482309101582e-01 2.027011110858907006e-01 3.485795545861988289e-03
0.000000000000000000e+00 2.049726154059035466e+00 4.652962835178842127e+00 1.050038488400095282e+01 1.732814045885499610e+01 4.267822169258828069e-02
0.000000000000000000e+00 8.797712768969266628e-02 4.379150400446176761e+00 9.518775398314899050e+00 7.086405957935730804e+00 1.175786645185358914e+00
0.000000000000000000e+00 2.269206682844730760e-02 2.205543472527535798e+00 1.743730820099347545e+00 1.543465338794371533e+00 9.805663572534012440e-01
0.000000000000000000e+00 1.314046947231758966e-01 1.767035510850763769e-01 1.631067753478701587e-01 8.521584924653125004e-02 1.563885588972287535e-02
0.000000000000000000e+00 1.173181201448080142e-03 4.379142249881270210e+00 3.146854177013815868e+00 7.346116192375918175e+00 1.074037123719840503e+00
0.000000000000000000e+00 1.173181201448080142e-03 2.205542217718901021e+00 2.882455528068508244e+00 2.102066591291230413e+00 1.510026021672465357e-01
0.000000000000000000e+00 1.913880073819783645e+00 3.741956913703332166e+00 6.537532724705950926e+00 1.351565337529442701e+01 2.137919509388094275e-01
0.000000000000000000e+00 1.314046947231758966e-01 9.161542149603251178e-04 2.519373399263395430e-01 1.045813330365144012e-01 1.975191890942778680e-02
0.000000000000000000e+00 3.021978161875532809e+00 4.252177179126045203e+00 2.255064596886009198e+01 1.160997373517148823e+01 1.336691154765284884e-02
0.000000000000000000e+00 2.269206682844730760e-02 4.488585568180260665e+00 2.746012365226769170e+00 1.998176498875546603e+00 3.332815141955129956e-01
0.000000000000000000e+00 4.269810710154565925e+00 5.817855456817243365e+00 2.382111672417093828e+01 5.552756924041220010e+00 3.026534534311384542e-02
0.000000000000000000e+00 1.531424879069828993e-01 1.767045079374761629e-01 3.220359568107748482e-01 1.702563770265579091e-01 1.409736512348370649e-02
0.000000000000000000e+00 1.173181201448080142e-03 2.400046174171778790e-01 7.301907375443283726e-04 3.790396038228029812e-03 2.395542300517865611e-02
0.000000000000000000e+00 1.531424879069828993e-01 1.591066993133186114e-01 2.789825106533495580e-01 1.609086204634691264e-01 3.609099865379513002e-03
0.000000000000000000e+00 2.271572880413281342e-02 2.161005460341755668e+00 3.069416737580830112e+00 2.206166435685218197e+00 3.583323490822839519e-01
0.000000000000000000e+00 8.790544637987234011e-02 3.078893668302728592e+00 3.948132785842648929e+00 4.776028382459162280e+00 4.088816969314658656e-01
0.000000000000000000e+00 1.202271164499381763e-03 2.161004205533120892e+00 2.882563073288793909e+00 3.348109381438666876e+00 1.976781286822066885e-01
0.000000000000000000e+00 1.314046947231758966e-01 2.294969769575521956e-01 8.411802640256037522e-01 2.284653357540047669e-01 5.337759812431845663e-02
0.000000000000000000e+00 2.205609196709266584e+00 4.572813519879319166e+00 5.318129556440598371e+00 1.895673288117551181e+01 1.311323163971416794e-01
0.000000000000000000e+00 1.957379322163086410e+00 3.555000909329252501e+00 1.083275887394328407e+01 1.696508852103724152e+01 1.310773452625610125e-01
0.000000000000000000e+00 2.138850895782824502e+00 3.181091411192670027e+00 6.131084856555251150e+00 1.732608754986438626e+01 2.610972613645123341e-01
0.000000000000000000e+00 2.183558674584079595e-01 1.408553947185773314e+00 1.249622049484913955e+00 3.008113919569066486e-01 1.516680052692014058e-01
0.000000000000000000e+00 2.205609196709266584e+00 4.572813519879319166e+00 5.318129556440598371e+00 1.895673288117551181e+01 1.311323163971416794e-01
0.000000000000000000e+00 6.621520842699038512e-02 4.269707118065694473e+00 5.942907481104211520e+00 8.893139224139103405e+00 4.494805163917605095e-01
0.000000000000000000e+00 4.447741524318134937e-02 2.183275713947352425e+00 2.819822902956189647e+00 3.243940177905020317e+00 1.009566206383682330e+00
0.000000000000000000e+00 1.202271164499381763e-03 2.182668242333688502e-01 1.835971482164752352e-02 4.325141263884754554e-03 2.395542300517865611e-02
0.000000000000000000e+00 1.314046947231758966e-01 2.646925942058688253e-01 2.947309055738171757e-02 3.598792467406460721e-03 3.408648393753028333e-02
0.000000000000000000e+00 1.314046947231758966e-01 2.998882114541871480e-01 6.206588094959711831e-04 3.354653272295542860e-03 5.335594047559783296e-03
0.000000000000000000e+00 1.314285879784154176e-01 4.306193561917944557e+00 5.528314852572848714e+00 9.817837437375134257e-01 1.981747459528673261e-01
0.000000000000000000e+00 2.269206682844730760e-02 2.205543472527535798e+00 1.695792733064670044e+00 8.259173616103506754e-01 6.767872810406947437e-01
0.000000000000000000e+00 2.269206682844730760e-02 2.205543472527535798e+00 3.007299070568003163e+00 1.062341968413443194e+00 3.575955237430964995e-01
0.000000000000000000e+00 1.314046947231758966e-01 2.470947855817113292e-01 6.184847732852395349e-04 3.518652847173096582e-03 4.951341123641579342e-03
0.000000000000000000e+00 1.313810327474904116e-01 2.071956109186420925e+00 1.791909445943494772e+00 7.635890544545387293e-01 1.159703346535438245e-01
0.000000000000000000e+00 1.531424879069828993e-01 1.591066993133186114e-01 8.987469692371833352e-01 1.768001802764703201e-01 9.128556533513926957e-03
0.000000000000000000e+00 2.183558674584079595e-01 1.390956138561614930e+00 1.249622447929354507e+00 2.527192596523649692e-01 1.651011121890161859e-01
0.000000000000000000e+00 1.096432395636813828e-01 2.617484636375687623e-01 8.991465427702324265e-01 3.397786444877590739e-01 3.155796928987683603e-02
0.000000000000000000e+00 1.314046947231758966e-01 2.999044183346281645e-01 1.505440614196104816e-02 3.136740596101233753e-03 5.345958693516644766e-03
0.000000000000000000e+00 6.621520842699038512e-02 4.306187538968676343e+00 5.839091279977011162e+00 8.893139224139103405e+00 2.679823783587828578e-01
0.000000000000000000e+00 1.313810327474904116e-01 3.702794459508220726e-01 4.509146251245690351e-01 1.108436701466298246e-01 5.380942376100449065e-03
0.000000000000000000e+00 1.313810327474904116e-01 1.943013597092339007e-01 8.553252194320452029e-01 3.397773504990894144e-01 9.168926409929483573e-03
0.000000000000000000e+00 1.531188259312973865e-01 1.591066993133186114e-01 9.132529106156991316e-01 1.077780600135803957e-01 6.975192066424741426e-03
0.000000000000000000e+00 1.314285879784154176e-01 2.294969769575521956e-01 7.374464823018738943e-04 4.409814169916660351e-03 6.352387990971086577e-03
0.000000000000000000e+00 1.202271164499381763e-03 4.342661828978285676e+00 5.943424951705454262e+00 9.434670096109273985e+00 4.495734619989985581e-01
0.000000000000000000e+00 1.313810327474904116e-01 2.071956109186420925e+00 1.791909445943494772e+00 7.635890544545387293e-01 1.961321556875013083e-01
0.000000000000000000e+00 1.173181201448080142e-03 1.747912378657528187e-01 8.984912912969966834e-04 4.597162696988014302e-03 6.842881604088586756e-03
0.000000000000000000e+00 1.531188259312973865e-01 1.591066993133186114e-01 1.638841657154281595e-01 8.519602223575804822e-02 1.615337536312417069e-02
0.000000000000000000e+00 6.619131517175087798e-02 3.107389516492862658e+00 6.773597710973774610e+00 6.349341685573421046e+00 1.169007584640967323e+00
0.000000000000000000e+00 1.314046947231758966e-01 1.767197579655174211e-01 1.634048579488660280e-01 8.519602223575804822e-02 4.402506667795545031e-03
0.000000000000000000e+00 1.314046947231758966e-01 1.426147963400343999e+00 6.341993831577490415e-01 1.551832945706868305e-01 5.210227970791778823e-02
0.000000000000000000e+00 1.173181201448080142e-03 2.834802037847938827e-01 7.320400923971376751e-04 3.796586684333457321e-03 5.595283397355830905e-03
0.000000000000000000e+00 1.313810327474904116e-01 2.118991683333930343e-01 1.833436886136918104e-02 4.350496722657072775e-03 6.298482542785642166e-03
0.000000000000000000e+00 1.314046947231758966e-01 3.174860200783462538e-01 1.502799762317555410e-02 3.138892817390448193e-03 4.735870824829772723e-03
0.000000000000000000e+00 1.531424879069828993e-01 3.350847855549052290e-01 2.041012684815929901e-01 2.058881152927197755e-01 1.417124848720806123e-02
0.000000000000000000e+00 1.314046947231758966e-01 1.767035510850763769e-01 2.933157824322593088e-01 1.142731957900205292e-01 3.584042411920333737e-03
0.000000000000000000e+00 4.447741524318134937e-02 2.183275713947352425e+00 2.944979370644372985e+00 1.062229567890348836e+00 6.689693101271639852e-01
0.000000000000000000e+00 3.192993737218845940e+00 6.544596701494218571e+00 2.182427166649212325e+01 4.016731513890083427e+00 8.692157322508281547e-02
0.000000000000000000e+00 1.313810327474904116e-01 1.478957596153260834e+00 1.176600366256298269e+00 1.262352369896375892e+00 1.157320273324508597e-01
0.000000000000000000e+00 1.202271164499381763e-03 2.834802037847938827e-01 7.320400923971376751e-04 4.390956153758476116e-03 2.398129459517502754e-02
0.000000000000000000e+00 2.227976591531654726e+00 1.685602671517657747e+00 4.386300773937355402e+00 1.986600667553747357e+01 5.937554730464256886e-02
0.000000000000000000e+00 1.314046947231758966e-01 1.461343580648661433e+00 6.341989878566914873e-01 4.573721495765739609e-02 1.546576372420285610e-02
0.000000000000000000e+00 1.531188259312973865e-01 1.591229243949081607e-01 1.484363897760569706e-01 1.556994501187421165e-01 4.330244245901594680e-03
0.000000000000000000e+00 1.096907947946064027e-01 3.021900384829226294e+00 3.788209298305229566e+00 7.346150398308379792e+00 1.239993391057168992e+00
0.000000000000000000e+00 2.269206682844730760e-02 1.313168763741120182e-01 2.165503566155740633e-01 1.766796529666267435e-01 3.866740776415276276e-03
0.000000000000000000e+00 1.314046947231758966e-01 3.878772545749795686e-01 4.861756088023441724e-01 1.109140382120421264e-01 6.950521150124329070e-03
0.000000000000000000e+00 1.202271164499381763e-03 2.182668242333688502e-01 1.832706587723589159e-02 3.790396038228029812e-03 6.357614381019505156e-03
0.000000000000000000e+00 1.314285879784154176e-01 2.646925942058688253e-01 6.057228259403469846e-04 3.350066939388660677e-03 5.225793660327602771e-03
0.000000000000000000e+00 1.531188259312973865e-01 1.591392407859472391e-01 1.486445578608558138e-01 1.792210112778298281e-01 3.509553013234342767e-03
0.000000000000000000e+00 2.138850895782824502e+00 3.181091411192670027e+00 6.131084856555251150e+00 1.750758568789735037e+01 1.560088087143908231e-01
0.000000000000000000e+00 8.792910835555783899e-02 4.342669979543193115e+00 9.248028346329251193e+00 6.905987012055155638e+00 9.933171540569708524e-01
0.000000000000000000e+00 1.314285879784154176e-01 1.461343580648661433e+00 2.061279893795738005e-01 6.391269467602381238e-02 6.888034933049348718e-02
0.000000000000000000e+00 2.183558674584079595e-01 1.408553947185773314e+00 1.249622049484913955e+00 2.524798727522636344e-01 2.083494784334407809e-02
0.000000000000000000e+00 1.313810327474904116e-01 1.408550154776185614e+00 2.283230391389243497e-01 7.299132623149236047e-03 4.031585453997823393e-02
0.000000000000000000e+00 2.161119901875715232e+00 3.181092775576208620e+00 5.995571138293520619e+00 1.732684904735300080e+01 1.836490955121761193e-01
0.000000000000000000e+00 1.314046947231758966e-01 1.478957596153260834e+00 6.341986766036771250e-01 7.332625873244484893e-01 2.060146773787494001e-02
0.000000000000000000e+00 1.531424879069828993e-01 3.350847855549052290e-01 4.857234118906160192e-01 4.370915823336258416e-02 3.221871258922775344e-02
0.000000000000000000e+00 1.313810327474904116e-01 1.461343580648661433e+00 2.061279893795738005e-01 1.782818618650755804e-01 6.905085009895528536e-02
0.000000000000000000e+00 1.202271164499381763e-03 2.400244984388859582e-01 1.832799936170348074e-02 3.615899150662857733e-03 5.532854901449189844e-03
0.000000000000000000e+00 1.314046947231758966e-01 2.118991683333930343e-01 1.835078461026740104e-02 3.695412883876572543e-03 5.713614242068213236e-03
0.000000000000000000e+00 1.261305992118845302e-03 4.196740145366353758e+00 3.387244612022197732e+00 2.102165423246900477e+00 1.146223893814157568e+00
0.000000000000000000e+00 3.022040504987268061e+00 4.412500821193964029e+00 2.363984113759456562e+01 8.141130757043892885e+00 9.125986931562420079e-02
0.000000000000000000e+00 2.161119901875715232e+00 5.053781031361309850e+00 1.790520518372391789e+00 1.950226630430731234e+01 1.836512935463232576e-01
0.000000000000000000e+00 1.313810327474904116e-01 2.822904028300279866e-01 6.199391530313852136e-04 3.352376768024703958e-03 5.235994238775008337e-03
0.000000000000000000e+00 1.314046947231758966e-01 2.118991683333930343e-01 7.365602372100257464e-04 3.811409441112206635e-03 6.286084234077011189e-03
0.000000000000000000e+00 1.314046947231758966e-01 2.647088010863098417e-01 2.947309055738171757e-02 3.574454632338928094e-03 5.246174219575755297e-03
0.000000000000000000e+00 2.271572880413281342e-02 2.183274466434645955e+00 3.069414627839402332e+00 2.413761730692150831e+00 4.678761741967160659e-01
0.000000000000000000e+00 1.314046947231758966e-01 1.767035510850763769e-01 1.924615814994833085e-01 8.521933495325359487e-02 1.616970246821443358e-02
0.000000000000000000e+00 2.271572880413281342e-02 4.452105147277277020e+00 2.425113560126024748e+00 5.724679772322293303e+00 1.238885554551381274e+00
0.000000000000000000e+00 1.313810327474904116e-01 1.478941389272819817e+00 1.249682807433139864e+00 1.324457053566499010e+00 1.155377008372299175e-01
0.000000000000000000e+00 1.173181201448080142e-03 2.400244984388859582e-01 1.836068355002344957e-02 2.162915419318580876e-02 5.595283397355830905e-03
0.000000000000000000e+00 1.173181201448080142e-03 4.452103091687235725e+00 3.066285703905911042e+00 1.686874497787100413e+00 6.042059981756566778e-01
0.000000000000000000e+00 2.269206682844730760e-02 2.205543472527535798e+00 1.695792733064670044e+00 8.259173616103506754e-01 5.966254600067374403e-01
0.000000000000000000e+00 1.313810327474904116e-01 1.461343580648661433e+00 1.286163661383604051e+00 1.083447466489267236e-01 1.171358791094454094e-01
0.000000000000000000e+00 2.049750394269448606e+00 4.733124656212803316e+00 1.016832974292370118e+01 1.750802369272191683e+01 4.267822169258828069e-02
0.000000000000000000e+00 1.314046947231758966e-01 3.350838287025037499e-01 4.974668487393845706e-01 2.802406037427604968e-01 7.014803852367149095e-03
0.000000000000000000e+00 1.231645461951578514e-03 3.192877004913693195e+00 6.565984331589448608e+00 6.515439791560430294e+00 4.466115311549171407e-01
0.000000000000000000e+00 1.314046947231758966e-01 1.408550154776185614e+00 6.341994673552592277e-01 9.263870868873808409e-03 1.538332254569651537e-02
0.000000000000000000e+00 1.531188259312973865e-01 1.591066993133186114e-01 1.346507929224623756e-01 2.262028484765468694e-01 3.558750580312290256e-03
0.000000000000000000e+00 1.531424879069828993e-01 1.591066993133186114e-01 2.934462558523917575e-01 1.236005216253062838e-01 3.590328880449366461e-03
0.000000000000000000e+00 4.447741524318134937e-02 2.183275713947352425e+00 3.007299070568003163e+00 9.820539487816059010e-01 7.727759998193293178e-01
0.000000000000000000e+00 1.531424879069828993e-01 1.591066993133186114e-01 2.934462558523917575e-01 1.236005216253062838e-01 1.291765471573510030e-02
0.000000000000000000e+00 1.202271164499381763e-03 3.192877004913693195e+00 6.669791021281609389e+00 6.515397271348188468e+00 4.466656987782309240e-01
0.000000000000000000e+00 1.748802810907919281e-01 3.174879279566880097e-01 4.507962837142748813e-01 1.914784100613787232e-01 4.150370993280123183e-02
0.000000000000000000e+00 1.173181201448080142e-03 2.400046174171778790e-01 7.301907375443283726e-04 3.731112166255254759e-03 6.304514993240890354e-03
0.000000000000000000e+00 1.314046947231758966e-01 1.767035510850763769e-01 2.062414724421051671e-01 2.984765131228302431e-03 1.604661951183748714e-02
0.000000000000000000e+00 1.531188259312973865e-01 1.591392407859472391e-01 1.486445578608558138e-01 1.674503188140707699e-01 4.413465730346912384e-03
0.000000000000000000e+00 2.269206682844730760e-02 2.205543472527535798e+00 3.006885676980556088e+00 1.062341968413443194e+00 3.575955237430964995e-01
0.000000000000000000e+00 6.621520842699038512e-02 4.379148380774642746e+00 9.654499536138574811e+00 7.447576900867098892e+00 9.943719768472423226e-01
0.000000000000000000e+00 8.790544637987234011e-02 4.269709137737226712e+00 3.066293390735353341e+00 1.686896189210812524e+00 1.010620508300851261e+00
0.000000000000000000e+00 1.173181201448080142e-03 4.342661828978285676e+00 3.386955392323706793e+00 1.686852503324721031e+00 8.752431006079427478e-01
0.000000000000000000e+00 1.313810327474904116e-01 1.478957596153260834e+00 1.140119945353314401e+00 1.262257447609705707e+00 8.994143491334444240e-02
0.000000000000000000e+00 1.313810327474904116e-01 1.461343580648661433e+00 1.249561572215606375e+00 1.324463470126164388e+00 1.154983807896283465e-01
0.000000000000000000e+00 2.049726154059035466e+00 4.813286477246760953e+00 1.033457177465852084e+01 1.750969365025324365e+01 3.504955550586635188e-02
0.000000000000000000e+00 1.314046947231758966e-01 1.767360561549756182e-01 2.936215299728872630e-01 1.702371508017358204e-01 3.679163412754450028e-03
0.000000000000000000e+00 3.078973013671140624e+00 4.172018194308400041e+00 2.309510329702726139e+01 1.129519677356080365e+01 4.053337044326792843e-03
0.000000000000000000e+00 6.621520842699038512e-02 4.379148380774642746e+00 9.383518742932359658e+00 6.364175640073629125e+00 1.174725426223920177e+00
0.000000000000000000e+00 1.314046947231758966e-01 1.461343580648661433e+00 6.627913234480891091e-01 7.332625873244484893e-01 2.096738956716389518e-02
0.000000000000000000e+00 1.965944122989134180e-01 2.005152769849916083e+00 1.791909445943494772e+00 7.634892912766191309e-01 3.561399969048573699e-01
0.000000000000000000e+00 1.748802810907919281e-01 3.174879279566880097e-01 4.738303673608094124e-01 4.181979033792855294e-01 8.604750149898431760e-03
0.000000000000000000e+00 1.173181201448080142e-03 2.182668242333688502e-01 1.840938708515034786e-02 3.495173326084383310e-03 5.573097798218937943e-03
0.000000000000000000e+00 1.314046947231758966e-01 3.350838287025037499e-01 1.505585596110503577e-02 3.581226719637546022e-03 1.969674473411175963e-02
0.000000000000000000e+00 2.271572880413281342e-02 2.205543472527535798e+00 2.944979370644372985e+00 2.102032168593898742e+00 1.506739336721304723e-01
0.000000000000000000e+00 2.116533172337706326e+00 3.305729422036412402e+00 1.033443088743230831e+01 1.660120015141962924e+01 4.275231207522395271e-02
0.000000000000000000e+00 1.173181201448080142e-03 3.164379579015890176e+00 6.670309207079294644e+00 6.515439791560430294e+00 2.660260596892372598e-01
0.000000000000000000e+00 1.173181201448080142e-03 2.227811223811790864e+00 2.881934925035224193e+00 1.998570842483089915e+00 8.772298816463913740e-01
0.000000000000000000e+00 1.313810327474904116e-01 2.822904028300279866e-01 7.973087031499990207e-01 5.177804805086069218e-01 1.188549753488503738e-02
0.000000000000000000e+00 1.173181201448080142e-03 1.095778583143278001e-01 9.350521809648149833e-04 3.552293035356135324e-03 6.926657902529144428e-03
0.000000000000000000e+00 6.616765319606536522e-02 4.233226697162709939e+00 3.387216846348046317e+00 1.583045813632555365e+00 1.146167584588086763e+00
0.000000000000000000e+00 1.531424879069828993e-01 2.294979338099536192e-01 8.113480854259206287e-01 5.177799282002190084e-01 1.186881175475071500e-02
0.000000000000000000e+00 1.173181201448080142e-03 2.227811223811790864e+00 2.882762649419612355e+00 1.998570842483089915e+00 8.772298816463913740e-01
0.000000000000000000e+00 1.202271164499381763e-03 3.052179969686029670e-01 7.657441154291269288e-04 2.139743465328590097e-02 6.409259257198190313e-03
0.000000000000000000e+00 1.314046947231758966e-01 1.767524470540138559e-01 1.922882343529451477e-01 8.521933495325359487e-02 1.616970246821443358e-02
0.000000000000000000e+00 1.531424879069828993e-01 1.426148920252744645e+00 2.283228881614785266e-01 7.297306478250279588e-03 4.034949742898975150e-02
0.000000000000000000e+00 1.202271164499381763e-03 2.400046174171778790e-01 7.301907375443283726e-04 3.731112166255254759e-03 4.150013224155753300e-02
0.000000000000000000e+00 4.269810710154565925e+00 5.817855456817243365e+00 2.382111672417093828e+01 5.552756924041220010e+00 3.026534534311384542e-02
0.000000000000000000e+00 1.531188259312973865e-01 1.408551111628586039e+00 2.283973453225338623e-01 1.212407040321942658e-01 6.900072464748792378e-02
0.000000000000000000e+00 1.314046947231758966e-01 3.351000355829448218e-01 1.505585596110503577e-02 1.758561192078790872e-02 5.286686762381380758e-03
0.000000000000000000e+00 1.531188259312973865e-01 1.373355494380268826e+00 2.061655880424210774e-01 4.347146911979049011e-01 8.849960328086915740e-02
0.000000000000000000e+00 2.271572880413281342e-02 3.107386332986427746e+00 3.867981767376232671e+00 1.998015043150420444e+00 4.682148566328548922e-01
0.000000000000000000e+00 2.271572880413281342e-02 3.107386332986427746e+00 3.787819946342275923e+00 1.998035657347766669e+00 4.681593245488007704e-01
0.000000000000000000e+00 4.450154132207665564e-02 2.183275713947352425e+00 2.882659670720739253e+00 1.142404958282840610e+00 1.507676748104522790e-01
0.000000000000000000e+00 2.269206682844730760e-02 2.183274466434645955e+00 3.068999914121921080e+00 2.413761730692150831e+00 4.673253530297710179e-01
0.000000000000000000e+00 2.027481388176559651e+00 3.555002420613118552e+00 1.050018162485906714e+01 1.714653039249330746e+01 4.271342544946549191e-02
0.000000000000000000e+00 1.314046947231758966e-01 1.943013597092339007e-01 2.934125603425437046e-01 1.702383316752333620e-01 3.953335930794418633e-03
0.000000000000000000e+00 1.202271164499381763e-03 2.617424106009869078e-01 7.638374954923149961e-04 2.130239011108385136e-02 5.543818006338575334e-03
0.000000000000000000e+00 2.271572880413281342e-02 1.530546695579210748e-01 9.387329399462116409e-04 2.586374297343258313e-02 6.856682774787678687e-03
0.000000000000000000e+00 1.202271164499381763e-03 2.617424106009869078e-01 7.311183541817235570e-04 3.734200256330433027e-03 5.635701985044355017e-03
0.000000000000000000e+00 1.173181201448080142e-03 2.161004205533120892e+00 1.791912787857501854e+00 7.012863937027357109e-01 5.965086270409859504e-01
0.000000000000000000e+00 1.202271164499381763e-03 3.052179969686029670e-01 7.329559416655675487e-04 2.199201823807639053e-02 6.409259257198190313e-03
0.000000000000000000e+00 2.227902443012570011e+00 2.931817920757954443e+00 6.402065649761466304e+00 1.768845431706331084e+01 1.559998642973840222e-01
0.000000000000000000e+00 1.531188259312973865e-01 2.049667805067589388e+00 1.791909445943494772e+00 7.012693545309081067e-01 3.576926774529162051e-02
0.000000000000000000e+00 1.314046947231758966e-01 1.443745772024502383e+00 1.285859087839719361e+00 1.324463470126164388e+00 2.758220228575470889e-01
0.000000000000000000e+00 1.202271164499381763e-03 2.617424106009869078e-01 7.311183541817235570e-04 4.120599479774025159e-03 2.380898712640216325e-02
0.000000000000000000e+00 1.314046947231758966e-01 3.702794459508220726e-01 2.506776740672983506e-01 1.753312524660647631e-01 4.019962215140963392e-03
0.000000000000000000e+00 6.621520842699038512e-02 4.379148380774642746e+00 9.654499536138574811e+00 7.447576900867098892e+00 1.175870114880219974e+00
0.000000000000000000e+00 8.795300161079736001e-02 4.379150400446176761e+00 9.518775398314899050e+00 7.085878991122510406e+00 1.175786645185358914e+00
0.000000000000000000e+00 1.314285879784154176e-01 1.767035510850763769e-01 3.076926512301935701e-01 1.889087369361482915e-01 3.966794134185958401e-03
0.000000000000000000e+00 1.313810327474904116e-01 2.071935600319265713e+00 1.791909445943494772e+00 7.634892912766191309e-01 3.561399969048573699e-01
0.000000000000000000e+00 1.313810327474904116e-01 3.702794459508220726e-01 4.626654938198970779e-01 1.914345978334621168e-01 4.146508474295544644e-02
0.000000000000000000e+00 1.314046947231758966e-01 3.702794459508220726e-01 4.744163625152256758e-01 2.975397203285782832e-01 2.426655265604115569e-02
0.000000000000000000e+00 1.314046947231758966e-01 1.461343580648661433e+00 1.285858918790794947e+00 1.324457053566499010e+00 2.758613429051486321e-01
0.000000000000000000e+00 1.531424879069828993e-01 1.591066993133186114e-01 1.637085471610730258e-01 1.805225385368443985e-02 4.894598857689254692e-03
0.000000000000000000e+00 2.269206682844730760e-02 2.205543472527535798e+00 1.695792733064670044e+00 1.543348309461064938e+00 1.158830470122757528e-01
0.000000000000000000e+00 2.184038867925427729e-01 1.390988787506026725e+00 1.286102868832338375e+00 4.931220420437437690e-01 8.947763467262760673e-02
0.000000000000000000e+00 1.314527140573107100e-01 1.461343580648661433e+00 6.341514335495159749e-01 3.005579200597643386e-01 1.648685942096306534e-01
0.000000000000000000e+00 1.314285879784154176e-01 1.478941389272819817e+00 3.776743160034563562e-01 6.409760804088596164e-02 6.896295368634994261e-02
0.000000000000000000e+00 1.314046947231758966e-01 2.118991683333930343e-01 1.835078461026740104e-02 3.784514771827042923e-03 5.713614242068213236e-03
0.000000000000000000e+00 2.273962205937232403e-02 2.205543472527535798e+00 1.695792733064670044e+00 1.543476558671824428e+00 8.767112269147343540e-01
0.000000000000000000e+00 1.313810327474904116e-01 1.943013597092339007e-01 8.985856840089777586e-01 3.396293633784437382e-01 9.208925609559642095e-03
0.000000000000000000e+00 1.314046947231758966e-01 1.478941389272819817e+00 6.342461389159096408e-01 1.546945626647808214e-01 1.554702757851352500e-02
0.000000000000000000e+00 1.696549697212624608e+00 2.551278152819490330e+00 4.801415886760041829e+00 1.950375660950856016e+01 1.836512935463232576e-01
0.000000000000000000e+00 1.531188259312973865e-01 1.355757685756110442e+00 1.432086046759945885e+00 6.375745002330820421e-01 2.767414605971310615e-01
0.000000000000000000e+00 1.531424879069828993e-01 3.174869769307460676e-01 2.276313131677905055e-01 2.566429013895403788e-01 1.877841775097770921e-02
0.000000000000000000e+00 1.202271164499381763e-03 2.400046174171778790e-01 7.628749258642980721e-04 3.790396038228029812e-03 5.521868949242684545e-03
0.000000000000000000e+00 1.313810327474904116e-01 3.526816373266629112e-01 1.058126176212135894e+00 2.951300112546705878e-01 6.888034933049348718e-02
0.000000000000000000e+00 1.531188259312973865e-01 1.408551111628586039e+00 2.283973453225338623e-01 1.497381299299977986e-01 6.901748857955246341e-02
0.000000000000000000e+00 2.161071184523486455e+00 8.309179313596340322e+00 2.127941090524453571e+01 8.525735424582062905e+00 1.522616817958340890e-02
0.000000000000000000e+00 1.313810327474904116e-01 1.461359787529102450e+00 5.487067101632779886e-01 5.196884615657977324e-01 2.132258345834202040e-01
0.000000000000000000e+00 1.531424879069828993e-01 2.049667805067589388e+00 1.791909445943494772e+00 7.011695913529888413e-01 5.965867044291841559e-01
0.000000000000000000e+00 2.271572880413281342e-02 2.205543472527535798e+00 1.647695571140318949e+00 1.703682797531739679e+00 2.539195294082730592e-01
0.000000000000000000e+00 1.314046947231758966e-01 1.767035510850763769e-01 2.062414724421051671e-01 2.984765131228302431e-03 4.295750816508860613e-03
0.000000000000000000e+00 8.797712768969266628e-02 4.379150400446176761e+00 9.518775398314899050e+00 7.086405957935730804e+00 9.942885071523812623e-01
0.000000000000000000e+00 1.314046947231758966e-01 1.767035510850763769e-01 2.061170092119674058e-01 2.984765131228302431e-03 1.604661951183748714e-02
0.000000000000000000e+00 1.173181201448080142e-03 4.452103091687235725e+00 3.146708234588363684e+00 7.014021186603525138e+00 5.752930137744032280e-01
0.000000000000000000e+00 3.136326087033671328e+00 4.091859079299493551e+00 2.327515135078323283e+01 6.354665953914279797e+00 4.276892872700274739e-02
0.000000000000000000e+00 1.314046947231758966e-01 1.767524470540138559e-01 1.924180892413965560e-01 8.521933495325359487e-02 4.418833772885808787e-03
0.000000000000000000e+00 1.314527140573107100e-01 1.767035510850763769e-01 3.076926512301935701e-01 1.609267594302901949e-01 3.946582237421360911e-03
0.000000000000000000e+00 1.531424879069828993e-01 1.591229243949081607e-01 1.483541761903160172e-01 1.556994501187421165e-01 1.604362572944763657e-02
0.000000000000000000e+00 1.314527140573107100e-01 1.443745772024502383e+00 6.057017974519458559e-01 5.196864374460496983e-01 2.068146854223028991e-02
0.000000000000000000e+00 1.314046947231758966e-01 1.767035510850763769e-01 1.350438559974722896e-01 2.144519797812182160e-01 3.153436889978111779e-02
0.000000000000000000e+00 1.531188259312973865e-01 2.049667805067589388e+00 1.791429958303800252e+00 7.012693545309081067e-01 3.576926774529162051e-02
0.000000000000000000e+00 2.161119901875715232e+00 3.181092775576208620e+00 5.860080741690410377e+00 1.732300177634220617e+01 3.073540969971170211e-01
0.000000000000000000e+00 1.531424879069828993e-01 3.350847855549052290e-01 2.276397251145460543e-01 1.652323882222560825e-01 1.412380325316225232e-02
0.000000000000000000e+00 1.531424879069828993e-01 1.591392407859472391e-01 1.486026343967161711e-01 1.792011875093994233e-01 3.539629907870276218e-03
0.000000000000000000e+00 1.202271164499381763e-03 2.617424106009869078e-01 7.311183541817235570e-04 3.734200256330433027e-03 2.323351060920184757e-02
0.000000000000000000e+00 1.173181201448080142e-03 1.747912378657528187e-01 8.984912912969966834e-04 4.963576074240597102e-03 6.842881604088586756e-03
0.000000000000000000e+00 1.314046947231758966e-01 1.478941389272819817e+00 1.837844901585714563e-01 2.633470255470085619e-01 8.805584581276762468e-02
0.000000000000000000e+00 1.314046947231758966e-01 1.767035510850763769e-01 1.637085471610730258e-01 3.632098994707857152e-03 1.930557627230720941e-02
0.000000000000000000e+00 1.314046947231758966e-01 3.174860200783462538e-01 1.502799762317555410e-02 3.138892817390448193e-03 4.735870824829772723e-03
0.000000000000000000e+00 1.531424879069828993e-01 1.591229243949081607e-01 1.638401362420898455e-01 7.346498055120261050e-02 4.025714343408049074e-03
0.000000000000000000e+00 8.792910835555783899e-02 4.379150400446176761e+00 9.518994751801070464e+00 5.822307657675938941e+00 1.175473068523688491e+00
0.000000000000000000e+00 1.531424879069828993e-01 3.174869769307460676e-01 2.391997235031130542e-01 2.261505499177512979e-01 1.876116659688815969e-02
0.000000000000000000e+00 3.164559262854557797e+00 4.011777326401417376e+00 2.436442356850092494e+01 5.431766279939842512e+00 1.486965710223995818e-01
0.000000000000000000e+00 3.164559262854557797e+00 4.011698562266482249e+00 2.454676923927897647e+01 5.343396014272887129e+00 1.486965710223995818e-01
0.000000000000000000e+00 1.531424879069828993e-01 1.591066993133186114e-01 1.350438559974722896e-01 2.144519797812182160e-01 3.552391393922597895e-03
0.000000000000000000e+00 1.314046947231758966e-01 3.702794459508220726e-01 4.740878886912612278e-01 1.109128400420006239e-01 5.397917859755623805e-03
0.000000000000000000e+00 1.531424879069828993e-01 3.350847855549052290e-01 2.158888564192174286e-01 1.753957873255601041e-01 1.415798970054284525e-02
0.000000000000000000e+00 1.202271164499381763e-03 1.935552485754239216e+00 1.285920012905942489e+00 1.386877815330185948e+00 3.510101585660090756e-02
0.000000000000000000e+00 2.273962205937232403e-02 2.183274466434645955e+00 3.069621188322462668e+00 1.998207826491714023e+00 2.544806233642958326e-01
0.000000000000000000e+00 1.202271164499381763e-03 2.183273211626010735e+00 3.069416737580830112e+00 2.206166435685218197e+00 2.545256593901185083e-01
0.000000000000000000e+00 2.271572880413281342e-02 2.161005460341755668e+00 3.131736437504459847e+00 1.998534971923499270e+00 3.582873130564563358e-01
0.000000000000000000e+00 1.531424879069828993e-01 1.591229243949081607e-01 1.345645482309101582e-01 2.027011110858907006e-01 1.281312138114728064e-02
0.000000000000000000e+00 1.531424879069828993e-01 3.174869769307460676e-01 2.276313131677905055e-01 2.464612028231120411e-01 1.876980352958599121e-02
0.000000000000000000e+00 1.202271164499381763e-03 2.182668242333688502e-01 1.835971482164752352e-02 4.325141263884754554e-03 2.306860455499304408e-02
0.000000000000000000e+00 1.313810327474904116e-01 3.702794459508220726e-01 4.626654938198970779e-01 1.108443773470266652e-01 5.389441736423404052e-03
0.000000000000000000e+00 2.183388907968605075e+00 3.056454715437209479e+00 6.131084856555251150e+00 1.823281898737718976e+01 1.559956753711893296e-01
0.000000000000000000e+00 1.313810327474904116e-01 2.265394739876730457e-02 2.343508687792115464e-01 1.045813330365144012e-01 3.417207376840572519e-02
0.000000000000000000e+00 2.184038867925427729e-01 1.390988787506026725e+00 1.286102868832338375e+00 4.931220420437437690e-01 8.971774412956959321e-02
0.000000000000000000e+00 1.314046947231758966e-01 3.702794459508220726e-01 4.744163625152256758e-01 2.975397203285782832e-01 7.025410225303026397e-03
0.000000000000000000e+00 2.269206682844730760e-02 2.161005460341755668e+00 3.131943137510084352e+00 2.102014516183874804e+00 1.507189696979580051e-01
0.000000000000000000e+00 1.531188259312973865e-01 1.355757685756110442e+00 1.432086046759945885e+00 6.375745002330820421e-01 2.767414605971310615e-01
0.000000000000000000e+00 1.531424879069828993e-01 1.591066993133186114e-01 1.346507929224623756e-01 2.262028484765468694e-01 1.288607641559846341e-02
0.000000000000000000e+00 1.314046947231758966e-01 1.461343580648661433e+00 6.057015619588864697e-01 4.573967295880401046e-02 1.544526302372551362e-02
0.000000000000000000e+00 1.531663811622223925e-01 1.591066993133186114e-01 1.628565446350349333e-01 7.346498055120261050e-02 3.989359273560904445e-03
0.000000000000000000e+00 2.027481388176559651e+00 3.555002420613118552e+00 1.050018162485906714e+01 1.714653039249330746e+01 4.271342544946549191e-02
0.000000000000000000e+00 2.071995160151925752e+00 3.305726570389218910e+00 1.083278731844754361e+01 1.678275421798342038e+01 1.310979215414859178e-01
0.000000000000000000e+00 1.314046947231758966e-01 3.526816373266629112e-01 4.625837299438312344e-01 2.802968576982640680e-01 6.993498559790165513e-03
0.000000000000000000e+00 2.269206682844730760e-02 4.342663884568327859e+00 3.306786321849926491e+00 1.686852503324721031e+00 1.977911175924023379e-01
0.000000000000000000e+00 1.173181201448080142e-03 2.400244984388859582e-01 7.628749258642980721e-04 4.057876913801977854e-03 5.521868949242684545e-03
0.000000000000000000e+00 1.173181201448080142e-03 2.834802037847938827e-01 7.320400923971376751e-04 3.796586684333457321e-03 6.330133303788192459e-03
0.000000000000000000e+00 1.531424879069828993e-01 3.350847855549052290e-01 2.509585891947433423e-01 2.363171134381640837e-01 1.878700917482153260e-02
0.000000000000000000e+00 2.269206682844730760e-02 2.205543472527535798e+00 1.695792733064670044e+00 1.543476558671824428e+00 1.162017693879134755e-01
0.000000000000000000e+00 1.313810327474904116e-01 3.702794459508220726e-01 4.626654938198970779e-01 4.368586027499683083e-02 5.346714336571484899e-03
0.000000000000000000e+00 1.202271164499381763e-03 2.834802037847938827e-01 7.320400923971376751e-04 2.139439530849261001e-02 2.399419356724738495e-02
0.000000000000000000e+00 1.314046947231758966e-01 1.443761978904943399e+00 6.057017974519458559e-01 5.561668583490335660e-01 6.898673831867373207e-02
0.000000000000000000e+00 8.792910835555783899e-02 2.071933156569603529e+00 3.007202473136057819e+00 3.348075296827323744e+00 1.977911175924023379e-01
0.000000000000000000e+00 1.314285879784154176e-01 3.878772545749795686e-01 4.969974008324339332e-01 1.689266008395205743e-02 5.317781262948619199e-03
0.000000000000000000e+00 1.202271164499381763e-03 2.182668242333688502e-01 9.411489634980585136e-04 4.678215681619925757e-03 6.870455853327158205e-03
0.000000000000000000e+00 3.192993737218845940e+00 6.544596701494218571e+00 2.182427166649212325e+01 4.016731513890083427e+00 8.675550683080589243e-02
0.000000000000000000e+00 1.202271164499381763e-03 1.935552485754239216e+00 1.285920012905942489e+00 1.386877815330185948e+00 3.510101585660090756e-02
0.000000000000000000e+00 1.202271164499381763e-03 2.182668242333688502e-01 1.835971482164752352e-02 3.790396038228029812e-03 5.521868949242684545e-03
0.000000000000000000e+00 3.192993737218845940e+00 6.648403391186379352e+00 2.182367658076107020e+01 3.925982142968745148e+00 5.179593442892296840e-02
0.000000000000000000e+00 1.096907947946064027e-01 4.306191566296996953e+00 9.383518742932359658e+00 6.725346583004996326e+00 1.174815292089957053e+00
0.000000000000000000e+00 1.313810327474904116e-01 3.350838287025037499e-01 4.619322761356090545e-01 2.581998897233851297e-03 1.407489360298308685e-02
0.000000000000000000e+00 1.531188259312973865e-01 1.591229243949081607e-01 1.486445578608558138e-01 1.439485814234146011e-01 4.322388967441137542e-03
0.000000000000000000e+00 1.531188259312973865e-01 1.591229243949081607e-01 1.486445578608558138e-01 1.439485814234146011e-01 4.322388967441137542e-03
0.000000000000000000e+00 8.790544637987234011e-02 3.021898816507119889e+00 4.028305409444151053e+00 4.776057090035135566e+00 7.679756022538085369e-02
0.000000000000000000e+00 1.313810327474904116e-01 4.054750631991386745e-01 4.391804943464644451e-01 1.646164271454756134e-01 6.961311058299185332e-03
0.000000000000000000e+00 1.202271164499381763e-03 2.161004205533120892e+00 2.882563073288793909e+00 3.348109381438666876e+00 1.976781286822066885e-01
0.000000000000000000e+00 2.138802178430595724e+00 4.973617455320998637e+00 1.088037706880134614e+01 1.623785046981856084e+01 1.310544617396314504e-01
0.000000000000000000e+00 1.202271164499381763e-03 2.617424106009869078e-01 7.311183541817235570e-04 3.734200256330433027e-03 5.635701985044355017e-03
0.000000000000000000e+00 1.314046947231758966e-01 2.470947855817113292e-01 6.320379068222439301e-04 3.494271440195972737e-03 4.647968074067786344e-03
0.000000000000000000e+00 1.314285879784154176e-01 2.646925942058688253e-01 6.057228259403469846e-04 3.081332248424221293e-03 5.270256490308591543e-03
0.000000000000000000e+00 1.314046947231758966e-01 1.461343580648661433e+00 6.057015619588864697e-01 5.196843178894519077e-01 2.070730536396502355e-02
0.000000000000000000e+00 1.314046947231758966e-01 1.767035510850763769e-01 2.789825106533495580e-01 1.515812946281833995e-01 3.602857660622117014e-03
0.000000000000000000e+00 2.271572880413281342e-02 2.834814286607711398e-01 1.833076456582471980e-02 4.100313788456126304e-03 6.248741423561850021e-03
0.000000000000000000e+00 1.202271164499381763e-03 2.400046174171778790e-01 1.832799936170348074e-02 3.734200256330433027e-03 5.584202078166292799e-03
0.000000000000000000e+00 1.313810327474904116e-01 3.350838287025037499e-01 4.623576965373540903e-01 2.581998897233851297e-03 1.407489360298308685e-02
0.000000000000000000e+00 2.271572880413281342e-02 2.205543472527535798e+00 1.695792733064670044e+00 1.543348309461064938e+00 2.538710887617567358e-01
0.000000000000000000e+00 1.913880073819783645e+00 3.741956913703332166e+00 6.537532724705950926e+00 1.351565337529442701e+01 2.137919509388094275e-01
0.000000000000000000e+00 1.314046947231758966e-01 1.767035510850763769e-01 1.909434254868912217e-01 8.521933495325359487e-02 1.616970246821443358e-02
0.000000000000000000e+00 1.314046947231758966e-01 1.767524470540138559e-01 1.631067753478701587e-01 8.521584924653125004e-02 4.402506667795545031e-03
0.000000000000000000e+00 6.621520842699038512e-02 4.269707118065694473e+00 5.943415246668570795e+00 8.893139224139103405e+00 4.494805163917605095e-01
0.000000000000000000e+00 1.313810327474904116e-01 1.943013597092339007e-01 8.985856840089777586e-01 3.396293633784437382e-01 9.208925609559642095e-03
0.000000000000000000e+00 2.271572880413281342e-02 2.205543472527535798e+00 1.695792733064670044e+00 1.543348309461064938e+00 2.538710887617567358e-01
0.000000000000000000e+00 3.192993737218845940e+00 6.648403391186379352e+00 2.182367658076107020e+01 3.925982142968745148e+00 5.179593442892296840e-02
0.000000000000000000e+00 1.096669015393668678e-01 4.342671987199980599e+00 9.248013958594853534e+00 6.905932054470675929e+00 9.933610893383840734e-01
0.000000000000000000e+00 1.314046947231758966e-01 2.822904028300279866e-01 1.504009401200932794e-02 3.574454632338928094e-03 5.157104005332845305e-03
