6.844540921037428838e+00 4.444555485991594423e+01
1.516227861455634773e+01 3.509954515575918615e-02
1.383344452660258384e+01 5.673584671788092088e-02
1.499707517503247978e+01 4.131468475386161632e-02
6.859194361932773987e+00 4.162168479933362875e+01
1.336867323550042563e+01 7.951095473543282055e-02
6.856692394855561368e+00 4.354841345195542601e+01
1.226090357842810441e+01 1.087727234784585384e-01
1.196474320740209585e+01 1.235126920754402030e-01
6.861569009795591256e+00 4.074780215424129892e+01
7.035102993992238929e+00 3.572911311813897584e+01
1.311579945136660008e+01 7.958031839775570049e-02
6.930937181176438422e+00 3.859930090792963853e+01
1.358047816248738648e+01 6.291107654979684327e-02
6.910420845365650599e+00 3.967385249450629914e+01
7.185719390740715973e+00 2.565800186398064398e+01
1.146914087765913592e+01 1.535070628991761499e-01
1.300961339382664761e+01 8.170755326044655542e-02
7.179221316119313911e+00 2.667788253931411901e+01
1.127744991374465400e+01 1.685995853211699480e-01
1.283160940997670352e+01 8.228610524356412548e-02
7.087211736799361894e+00 3.221942736747123348e+01
1.372545820731767741e+01 5.892118420981398708e-02
6.984935655989107595e+00 3.657683407903645190e+01
7.430459642281249444e+00 1.261120278513793380e+01
6.845504464432850433e+00 4.409798247960028306e+01
7.199318781186985206e+00 2.472083240930780335e+01
1.118854539936523196e+01 1.736034449288696713e-01
1.179909082980790203e+01 1.451417511116535886e-01
1.502495862784156344e+01 3.889444556046849771e-02
1.163158540240108785e+01 1.467286134195862346e-01
7.198480409054660356e+00 2.529337770928308160e+01
6.870295995586856996e+00 4.003758748699415548e+01
1.265488967504964890e+01 1.015762128304598527e-01
7.431326304900128576e+00 1.195717384823899820e+01
1.279204430117034974e+01 8.393581812091115146e-02
7.360654404482923852e+00 1.593611732616801824e+01
7.125113983674294715e+00 3.016154143408765265e+01
7.356081365062504318e+00 1.655834247397186232e+01
7.363551164089735757e+00 1.530739471736419155e+01
7.305747784804316858e+00 1.961930358743840230e+01
1.361242276887910485e+01 6.032590381658812367e-02
7.336366557334402572e+00 1.697543828640996111e+01
1.107330078176649479e+01 1.898064773282411299e-01
1.249336613678021735e+01 1.025793839971797239e-01
6.852203806880092785e+00 4.365006482409702215e+01
7.079470140724080984e+00 3.275510392389050907e+01
7.437337213086912868e+00 1.162128672594396939e+01
1.070649090034578421e+01 2.353549578704975664e-01
7.306760109566156736e+00 1.904253589997447094e+01
1.378008817245851603e+01 5.805629893657394264e-02
1.061308103107402268e+01 2.360487747366653566e-01
6.903039009325894426e+00 3.968858414863039030e+01
7.465053348193202432e+00 1.070871791905224768e+01
7.132734686328556784e+00 2.971442313277879066e+01
7.037061367614846574e+00 3.527176954971242395e+01
7.163924045959936038e+00 2.755495657835364298e+01
7.513101368128556778e+00 8.180432128543325021e+00
7.469035346583227764e+00 1.021151859377318161e+01
1.255389321310259021e+01 1.015996327958030715e-01
1.265488967504964890e+01 1.015762128304598527e-01
1.169939002034183950e+01 1.453423751662548669e-01
7.163342379059291609e+00 2.798435364072760478e+01
6.870295995586856996e+00 4.003758748699415548e+01
7.300165971871322768e+00 1.996929866919993302e+01
1.059436768755238312e+01 2.395891433801933257e-01
7.406460219562115199e+00 1.332691964423216469e+01
1.050405787084326725e+01 2.516681133959121630e-01
7.166743923696032859e+00 2.735238599064081200e+01
7.593897952541010632e+00 6.109558305776649156e+00
7.248720331753697010e+00 2.253196100058264761e+01
7.254535732836429496e+00 2.206437721167383970e+01
7.512047066464186074e+00 8.671141589130231253e+00
7.357130422075004006e+00 1.610445444017998184e+01
7.336151961275687583e+00 1.746675860195880148e+01
7.266889030320025533e+00 2.150547127545705450e+01
7.093297251351046384e+00 3.189817828914256381e+01
7.496895182542862024e+00 9.078742750918154414e+00
6.977719339820993127e+00 3.691957198059333223e+01
7.147647505759232800e+00 2.897839466679999632e+01
7.071812242783289015e+00 3.354101285043832092e+01
6.947049441413573057e+00 3.794182861461448653e+01
7.228622191096141236e+00 2.419302226500938957e+01
7.108904805174401709e+00 3.127169649492573100e+01
7.378507180330438509e+00 1.468342216603427097e+01
7.112740727668823482e+00 3.084190240324159760e+01
1.078189502117914778e+01 2.148583691421513675e-01
7.041509822051231104e+00 3.514997106470050170e+01
7.445424015116550720e+00 1.104501896375952263e+01
6.965684702559142849e+00 3.768373322040879003e+01
7.474209376227614499e+00 9.806703441257360154e+00
7.473153110238183849e+00 1.021100288459098948e+01
7.052588139264885037e+00 3.458655409414259196e+01
6.975800225262709375e+00 3.717499096205725806e+01
7.229989156024300812e+00 2.377764158926763116e+01
7.598974672537853081e+00 5.716280252972409492e+00
7.074971773506828931e+00 3.314095201144339597e+01
1.085853878784707405e+01 2.132523653513948014e-01
6.984935655989107595e+00 3.657683407903645190e+01
1.155555017775045812e+01 1.470843337993934519e-01
7.057151181601986067e+00 3.384526784586766013e+01
7.438954104346144902e+00 1.131946988886361716e+01
7.077989591116644164e+00 3.277939901128057443e+01
1.232454444624709744e+01 1.049297523141277111e-01
7.052967253140045578e+00 3.438410609908630988e+01
7.097434576160797093e+00 3.180103422908732824e+01
1.095247539066197717e+01 1.957613438396640371e-01
7.422298856579029547e+00 1.296611462373646617e+01
7.167103044728220240e+00 2.695336745420823021e+01
7.148345149486520889e+00 2.858122021542463642e+01
7.049309630302060370e+00 3.481009723523612820e+01
7.141029306682835198e+00 2.939005272676872593e+01
7.214112244560864973e+00 2.456122203324759568e+01
7.637601126530857876e+00 5.140279935611501649e+00
6.979094742692109499e+00 3.672518497696306383e+01
6.945623166078097377e+00 3.831537995398978325e+01
9.522786816458843617e+00 4.252475511477986636e-01
7.239945299266670631e+00 2.355057681248168322e+01
7.496494180739394331e+00 9.385735042243117832e+00
7.074971773506828931e+00 3.314095201144339597e+01
7.577128380678939124e+00 6.618202474135648217e+00
7.291770760462613410e+00 2.053587530008768169e+01
1.000751067714928055e+01 3.280922080264302432e-01
9.481157505725137824e+00 4.386814152782581022e-01
9.872731196196932402e+00 3.576468612138100078e-01
1.237106312306562295e+01 1.031424156760489264e-01
7.135496155656656292e+00 2.965636446118853797e+01
7.434096592821677341e+00 1.189233440517754836e+01
1.169939002034183950e+01 1.453423751662548669e-01
7.056886489417417252e+00 3.420512234095106407e+01
7.376704111995188384e+00 1.490943216947184169e+01
1.242830723103895529e+01 1.028351209361324792e-01
7.397841941598055193e+00 1.380324577815219911e+01
7.370266719141634226e+00 1.506121203699139599e+01
1.243735841182237856e+01 1.028246523235413351e-01
1.228337880193349640e+01 1.051596885044367852e-01
7.291143965221239753e+00 2.082811815043903181e+01
9.660932572525808837e+00 3.959004351174148506e-01
7.269205770375109843e+00 2.123983071435697312e+01
1.195251901738929590e+01 1.262589051938011742e-01
1.184172030066405590e+01 1.305288683771579084e-01
1.190320871013268977e+01 1.276753906988105924e-01
7.509371895550028597e+00 8.827851484359939604e+00
8.926154032915333048e+00 6.428998715405173092e-01
1.255389321310259021e+01 1.015996327958030715e-01
7.968069365370608281e+00 1.800612592691990033e+00
1.042454518982380129e+01 2.561996413428091479e-01
7.297609865160801235e+00 2.024740967830915395e+01
7.819479875756899290e+00 2.695860862909670974e+00
9.187892382346436904e+00 5.312974837070605361e-01
7.161297401600626777e+00 2.819529145509034862e+01
7.392034587289094461e+00 1.403859555246381063e+01
8.618189703056817308e+00 7.825516328179528136e-01
9.112686995287344160e+00 5.721056990050544799e-01
7.639205724779531081e+00 5.003529427676712160e+00
7.066401098915202184e+00 3.384404415341690964e+01
9.065651730563692112e+00 5.759583009266043829e-01
7.404564984594224519e+00 1.362624505670844322e+01
7.442121062245246499e+00 1.123542239150070721e+01
7.579799597336043249e+00 6.365408369437879799e+00
7.382584984642923231e+00 1.423467767790574356e+01
7.240730371760402129e+00 2.324623887040271342e+01
7.103995178623891960e+00 3.155130777701509004e+01
9.329173661088072222e+00 4.858539563316178200e-01
7.143347219067634590e+00 2.930379880926337322e+01
7.628746637094850236e+00 5.329672310825710468e+00
7.714164110361422466e+00 4.062726035706599959e+00
7.343252166811851112e+00 1.687165890210392405e+01
9.816581520954736462e+00 3.588406389610002689e-01
7.108904805174401709e+00 3.127169649492573100e+01
7.301383984405122263e+00 1.974559551568732374e+01
9.280247611834123944e+00 5.277310081044453982e-01
1.103326083636413735e+01 1.911428597900100002e-01
7.481856478536660582e+00 9.588181767338364025e+00
9.704436781336591267e+00 3.936534372236434876e-01
8.802409231460581296e+00 7.044529403662052047e-01
7.812095266113662007e+00 2.834049110330630672e+00
7.103995178623891960e+00 3.155130777701509004e+01
7.069980325302497981e+00 3.359774999592965372e+01
7.654699096539673064e+00 4.871135725189444265e+00
7.144456039671506886e+00 2.910440592737469245e+01
1.027248184067582493e+01 2.874140601781848825e-01
7.355402361799136202e+00 1.677600153299554719e+01
9.721917850734387301e+00 3.784704810600938441e-01
6.955318211200728129e+00 3.787938313375601496e+01
1.151729430429838885e+01 1.500358812369003148e-01
8.987100894411252483e+00 6.128131541954370265e-01
8.968668614025364860e+00 6.428404407556003175e-01
7.123533764886913922e+00 3.038086739144804937e+01
7.737906018015966225e+00 3.757866051756001635e+00
9.924476156323839504e+00 3.403866543184452254e-01
7.527254511804801318e+00 7.854456753134526181e+00
6.931870116855661124e+00 3.851413066712517264e+01
6.945623166078097377e+00 3.831537995398978325e+01
8.015128608559688672e+00 1.783144103762872135e+00
7.767486645936139134e+00 3.167321463636973089e+00
9.777276020365832210e+00 3.610822860226871045e-01
7.453028158402980274e+00 1.085303489913255781e+01
9.427722290874255506e+00 4.669754289346785825e-01
9.402145749634060579e+00 4.821068341558636394e-01
1.090564046061892611e+01 2.129434710258123475e-01
9.237048815043623406e+00 5.286439696162610336e-01
7.397027509478284912e+00 1.393903848193162887e+01
7.245655074027853360e+00 2.270592959729868454e+01
9.642000516888963091e+00 4.004250571616956300e-01
1.190320871013268977e+01 1.276753906988105924e-01
7.321558610893470487e+00 1.820117149615157714e+01
7.321585799569543695e+00 1.793700426810459092e+01
7.240741522358582039e+00 2.298251966928728862e+01
7.240730371760402129e+00 2.324623887040271342e+01
7.318318681872876041e+00 1.844570059971243836e+01
8.840244273846405321e+00 7.007831695942505768e-01
7.363551164089735757e+00 1.530739471736419155e+01
1.003074472220859903e+01 3.279398234784999810e-01
7.897467300171614468e+00 2.196074022182693763e+00
7.659707808708735577e+00 4.552808871158010362e+00
7.263338122398877772e+00 2.168719059613636446e+01
7.475685690636103331e+00 9.788921740287143791e+00
8.661011688951399279e+00 7.728117660730094984e-01
7.723002423598394728e+00 3.915154781652065985e+00
1.305798269285613777e+01 8.059254049358781369e-02
9.764005906328502959e+00 3.764802124734479838e-01
7.667185639575738065e+00 4.432569114901659724e+00
8.197012349420852217e+00 1.220562146039581686e+00
7.751540616013746998e+00 3.381749686890480611e+00
7.382223969596767077e+00 1.448586277592622196e+01
7.332635466651449718e+00 1.760583602791031410e+01
1.085956122283816860e+01 2.132481443447609148e-01
7.891988638423112157e+00 2.283984775573675741e+00
1.235897865655885042e+01 1.037048645107165046e-01
9.960973190658723553e+00 3.294674464411287418e-01
7.193517012468698013e+00 2.545410778596879808e+01
7.389432107189130683e+00 1.421554655699323710e+01
7.154634284650996712e+00 2.851016269110744616e+01
1.090564046061892611e+01 2.129434710258123475e-01
7.655102111631797435e+00 4.633048559556799617e+00
1.184160580164067156e+01 1.307641369102974793e-01
7.310038842385711888e+00 1.886195467631288381e+01
7.411568546690176618e+00 1.314561217375684521e+01
7.051810445435598318e+00 3.480959074354934302e+01
8.231922786156914640e+00 1.220150712983032015e+00
1.038232436721108343e+01 2.696746705784294762e-01
8.309867710643812799e+00 1.058150135743515907e+00
7.948718857619128109e+00 1.958548726105951987e+00
7.284459226442186797e+00 2.095036739245380630e+01
7.732721160959065365e+00 3.806764603831684468e+00
1.101886067961533477e+01 1.941821211204162456e-01
1.022877726939181819e+01 2.895754760238278824e-01
6.971445138670738118e+00 3.752581769352895691e+01
1.010370303642879009e+01 3.107192389364059060e-01
7.743738799145518215e+00 3.591664141227505436e+00
7.216399699801413270e+00 2.442791498685043550e+01
7.310666649124677008e+00 1.863288971400556093e+01
7.428668692262370143e+00 1.279604949058856356e+01
9.237285943894658402e+00 5.286196317811935330e-01
7.621709278646804364e+00 5.422247845335776972e+00
9.177658487511545005e+00 5.313413907269172176e-01
7.310666649124677008e+00 1.863288971400556093e+01
7.240741522358582039e+00 2.298251966928728862e+01
7.244066322746395947e+00 2.277340839346140910e+01
9.585756270162699266e+00 4.077171374089136879e-01
9.882999703683905679e+00 3.411000467232339628e-01
1.147622123386635096e+01 1.512698876947686233e-01
7.905649182120923157e+00 2.096357187949971390e+00
9.911950840839159227e+00 3.408789935634024548e-01
7.493410805244292483e+00 9.440070201207824141e+00
1.098951797689536747e+01 1.943218076151919660e-01
7.120889690280873374e+00 3.059458765974533634e+01
1.307813714655238968e+01 8.053220936709816480e-02
7.382223969596767077e+00 1.448586277592622196e+01
1.047447924473628866e+01 2.521531884862057704e-01
9.147836372977913300e+00 5.457624821384778890e-01
7.747859517536785035e+00 3.506442366829014556e+00
1.107330078176649479e+01 1.898064773282411299e-01
7.646543940245792648e+00 4.871664147681367574e+00
1.005408507193448742e+01 3.161026143713816516e-01
7.589197634718074070e+00 6.166604773643995507e+00
8.685862003973396028e+00 7.595589883828098854e-01
8.568038151857219731e+00 8.248084656201009057e-01
7.885997487060255828e+00 2.385656417088523717e+00
7.404564984594224519e+00 1.362624505670844322e+01
9.816581520954736462e+00 3.588406389610002689e-01
1.011926352598691814e+01 3.094296221859257900e-01
7.599777669247792744e+00 5.585305449554811119e+00
7.810463682467355007e+00 2.937623739570505599e+00
7.793387797131829053e+00 3.014898235228804957e+00
7.792775950835149068e+00 3.152132604170510888e+00
7.235585957149313074e+00 2.368317864223253721e+01
7.159117722915940618e+00 2.839226819179044270e+01
7.410788099554432407e+00 1.314614219798302841e+01
7.959804396326112474e+00 1.850432333436310195e+00
8.100071262883254519e+00 1.463629749242931766e+00
7.702361689578891557e+00 4.204809590538367559e+00
7.589041914312349313e+00 6.297525913598852831e+00
9.960973190658723553e+00 3.294674464411287418e-01
7.281093427685706665e+00 2.105773142273793042e+01
7.328603993187530641e+00 1.778646135149607588e+01
7.605507851315768342e+00 5.502563064783140057e+00
7.425289784374659696e+00 1.281576173790376139e+01
9.049891185695953411e+00 5.761402621584269523e-01
8.546263771004152687e+00 8.348392767570709250e-01
8.290874700338834558e+00 1.084435594183472240e+00
7.056886489417417252e+00 3.420512234095106407e+01
1.097799204818577934e+01 1.954061014291756937e-01
9.365897053819129070e+00 4.836296641057936663e-01
8.140566313535222420e+00 1.415575287031226592e+00
9.023012740344096727e+00 6.071460998453589442e-01
7.192908416296388552e+00 2.551036122811159501e+01
9.456030758629456301e+00 4.421597317955963113e-01
8.153391684083516111e+00 1.353403201990725835e+00
7.171028971194835400e+00 2.677867233581486772e+01
7.167103044728220240e+00 2.695336745420823021e+01
9.380348703805786670e+00 4.825604042856023734e-01
7.561920040577545521e+00 7.168801864983462835e+00
7.718110619584772181e+00 3.986745322072009934e+00
1.043980677001645141e+01 2.550050088426739081e-01
8.864521654061833900e+00 6.772774074293022029e-01
8.486868689827446133e+00 8.696395580109552714e-01
8.762283736796078415e+00 7.143092633402783331e-01
6.975095152293984135e+00 3.733189396471025390e+01
1.072459325711749756e+01 2.350699456683094934e-01
1.007601195861616006e+01 3.123039008006788242e-01
1.033379150461547624e+01 2.755319234349279944e-01
1.309866390875285802e+01 8.020130323050402021e-02
7.761447254410553498e+00 3.325826943470883368e+00
1.018286827105869641e+01 3.039492612013354189e-01
7.248720331753697010e+00 2.253196100058264761e+01
9.310819227962012334e+00 4.949401886493727254e-01
7.280043242572757478e+00 2.113203005886563091e+01
7.307007413191330514e+00 1.896571080506964080e+01
1.279283832197420168e+01 8.380961273106872500e-02
1.046050650453050679e+01 2.535465661328898945e-01
7.524437721231065801e+00 8.026738553619638949e+00
7.837544790039991938e+00 2.649545874623334019e+00
7.374945569003878099e+00 1.501904519118336090e+01
7.192031813816584851e+00 2.564327795628915396e+01
1.030341377602991138e+01 2.756916521903414186e-01
7.325901143514711222e+00 1.789706394660159106e+01
7.554490490789328661e+00 7.271436875728610971e+00
1.124516544026818110e+01 1.699024028000853948e-01
8.016569605455018177e+00 1.693047498769966408e+00
1.282709957363242559e+01 8.263924047932216799e-02
7.291996227940053643e+00 2.045814084222320162e+01
7.865613819951179586e+00 2.449980555690719264e+00
8.117165964945414203e+00 1.415954140678343132e+00
1.021167739893489923e+01 2.968955845608130528e-01
6.973618507972237701e+00 3.749195772674313076e+01
7.120976249060766428e+00 3.054788968898211721e+01
7.122932827883572848e+00 3.042468639512994599e+01
7.220791392398797193e+00 2.429681812995869450e+01
8.470525912168405114e+00 8.980213694672812830e-01
8.535365360352871633e+00 8.524253167536262055e-01
7.911918122311059065e+00 2.050358600128055375e+00
8.076455061679883585e+00 1.464008716287093836e+00
7.535340417866542850e+00 7.533111130357581509e+00
7.552872490811938455e+00 7.374334045412696881e+00
9.445045553586401965e+00 4.422001321006839292e-01
8.364326246800168008e+00 1.020070760214353722e+00
9.023012740344096727e+00 6.071460998453589442e-01
8.715611403187802253e+00 7.475996789988728075e-01
8.507269069038766673e+00 8.602856037198396422e-01
7.879494883978835240e+00 2.430380940047901284e+00
1.360371439506015179e+01 6.069824971055782364e-02
7.683479139350255949e+00 4.270195086187056788e+00
8.330498579280295246e+00 1.057717433366339055e+00
9.123078195459164874e+00 5.661156397405968654e-01
7.512047066464186074e+00 8.671141589130231253e+00
8.700392927234160467e+00 7.497213394971138367e-01
7.113942897988583702e+00 3.072822345271224265e+01
7.257376794051429769e+00 2.193803058447041821e+01
7.257870315736127509e+00 2.177045059519342729e+01
7.460392846325486715e+00 1.073115717656868284e+01
7.797500343105049581e+00 2.966801073304451641e+00
7.849581858082233410e+00 2.599679357817427761e+00
6.973627136023102580e+00 3.735648558292984234e+01
8.032802344677731909e+00 1.689582352569351853e+00
1.121929224151349835e+01 1.710326753106576614e-01
7.269489254305501191e+00 2.118468482738414593e+01
7.534329987348458602e+00 7.619725213446557177e+00
1.152796675048088382e+01 1.499869168072240078e-01
8.446633196936456756e+00 9.100754479338656333e-01
7.516257745721298456e+00 8.147316522453911247e+00
7.524437721231065801e+00 8.026738553619638949e+00
7.692369501255516440e+00 4.267342574840339076e+00
7.505813000749163244e+00 8.963132784150941390e+00
1.073944562790948254e+01 2.185653722827916590e-01
8.183128492926226016e+00 1.262696964469240068e+00
7.456158312510163810e+00 1.083130399619878048e+01
1.019634104908915617e+01 2.975988430180038224e-01
9.612986592570079480e+00 4.059804924349718624e-01
1.050071892897862824e+01 2.518023245693263856e-01
7.286177055654142087e+00 2.084790903171850118e+01
8.516649194491883179e+00 8.551910444729011740e-01
8.343268669657426528e+00 1.021070829095168220e+00
8.907861725019850851e+00 6.429687849624637908e-01
7.677235541897112547e+00 4.358101261952938899e+00
7.237679662378422307e+00 2.361007345065892693e+01
7.217417841850535254e+00 2.434627793827706199e+01
7.505813000749163244e+00 8.963132784150941390e+00
7.359520086844328013e+00 1.600537221330528226e+01
8.251489854734778362e+00 1.149160477815805104e+00
1.028041834724224124e+01 2.822202280285250886e-01
7.566309955064364878e+00 6.952411610045298396e+00
8.847030653780626253e+00 6.798935111256325659e-01
8.261855782811412752e+00 1.124328927020032953e+00
9.143145473090347863e+00 5.633009668931030500e-01
7.333866422210734370e+00 1.756234076073357286e+01
8.731992440217327456e+00 7.447589373338987517e-01
8.901165982150137879e+00 6.658829014191085527e-01
7.782380932514729288e+00 3.165890987349856633e+00
7.304242301030100748e+00 1.969133757876780066e+01
7.571775942903646417e+00 6.848974487282632140e+00
7.573193205412873219e+00 6.707291057881814567e+00
1.501819220528405907e+01 3.928871526230533900e-02
7.482790045067161167e+00 9.532294798717014572e+00
1.036045400181151699e+01 2.706066257454576851e-01
1.303037830976137279e+01 8.087642725867577598e-02
8.062171648256237333e+00 1.563888072242811678e+00
9.612986592570079480e+00 4.059804924349718624e-01
8.663944354417393967e+00 7.687202654600068241e-01
7.222529850759718428e+00 2.419382233425957196e+01
7.040692097392279969e+00 3.521073605468807699e+01
7.849759761817742820e+00 2.502768389545237504e+00
9.571929758438328051e+00 4.134639270544240297e-01
8.587586827144047419e+00 8.086159803860251127e-01
7.929589452551169870e+00 2.045790517882627224e+00
1.154787468764959790e+01 1.484867532488610975e-01
9.549555062456839494e+00 4.235911937480193457e-01
7.171028971194835400e+00 2.677867233581486772e+01
7.179221316119313911e+00 2.667788253931411901e+01
7.940970682552293880e+00 1.987414021140599507e+00
8.050589168079126168e+00 1.591347476894392043e+00
7.318630753956730572e+00 1.841163879074650467e+01
7.144836841054138077e+00 2.902800084936219704e+01
7.555482831484421347e+00 7.202995520854488021e+00
7.529295657473408454e+00 7.779662804824128308e+00
7.159117722915940618e+00 2.839226819179044270e+01
7.254535732836429496e+00 2.206437721167383970e+01
7.257376794051429769e+00 2.193803058447041821e+01
1.077519351424607308e+01 2.154801342771735795e-01
8.783040760638840538e+00 7.116708068434725032e-01
1.121929224151349835e+01 1.710326753106576614e-01
8.038980361452679801e+00 1.645129929183269724e+00
7.562116175564609577e+00 7.043470286877616893e+00
8.111607961012154533e+00 1.443741138674166091e+00
8.166411588830609247e+00 1.285010022142769159e+00
7.853447615035420881e+00 2.475161550806141531e+00
1.014317813692551340e+01 3.093851076716833126e-01
7.292876644799849650e+00 2.025153731351309716e+01
7.598974672537853081e+00 5.716280252972409492e+00
8.415313441748841328e+00 9.379806191631613332e-01
7.571247902236174276e+00 6.926194846582462539e+00
8.749705384958835097e+00 7.276504060743361757e-01
8.144807374709504444e+00 1.365520586142113579e+00
7.545730183040084249e+00 7.401451912213534712e+00
7.530025101097811202e+00 7.669795824366108405e+00
7.625891187566220530e+00 5.381660840291509373e+00
9.300474965998221322e+00 5.220703272591192823e-01
7.161635081774297973e+00 2.808617392701306414e+01
9.561260590647465918e+00 4.220570046937290876e-01
1.029985071071791047e+01 2.799998029521461040e-01
8.974052082374523565e+00 6.227827089421297257e-01
7.670758483709644970e+00 4.358413795568437443e+00
1.126217605559259027e+01 1.695198384862369734e-01
7.318931508227091598e+00 1.830584507417314910e+01
1.075602501132120103e+01 2.175071241328409843e-01
8.072642208984785128e+00 1.561659826941424800e+00
7.328170514837754723e+00 1.778669230470982043e+01
7.229989156024300812e+00 2.377764158926763116e+01
8.444828617054533026e+00 9.252620143922378748e-01
8.384771899435399689e+00 9.574172873273572026e-01
8.240826540147784485e+00 1.165699711716133180e+00
8.280527039244830689e+00 1.102340164324935312e+00
7.539757927850162744e+00 7.471828347319465990e+00
8.272993051935273456e+00 1.110896403492167339e+00
1.006863435743646029e+01 3.160872038884421364e-01
8.581780106947666908e+00 8.110243947038286993e-01
7.113942897988583702e+00 3.072822345271224265e+01
7.112740727668823482e+00 3.084190240324159760e+01
7.308313339876580272e+00 1.886208802477222335e+01
7.930603820844400964e+00 2.005483236281380588e+00
8.394887412204719013e+00 9.476022954846120561e-01
7.319016117239041996e+00 1.828646928720557341e+01
8.404256871283120489e+00 9.425314379673045417e-01
8.072996440402437912e+00 1.496356598039903174e+00
1.038232436721108343e+01 2.696746705784294762e-01
7.579875633797599654e+00 6.323903511656258303e+00
1.035487309390145150e+01 2.710500402646528473e-01
1.033878713957901851e+01 2.720235485132946884e-01
8.188409685357163070e+00 1.241171082708525608e+00
7.701872540284780300e+00 4.204889067544202774e+00
8.045194299682762562e+00 1.616521086836817611e+00
8.474332460582420623e+00 8.788417436177020647e-01
8.882956835460241507e+00 6.772768625895152494e-01
7.164931239654715789e+00 2.744495295102672117e+01
1.499749447611327646e+01 4.126739185599992421e-02
7.843055679708113459e+00 2.635327981971250288e+00
7.529726535018408384e+00 7.725666818664486790e+00
9.292558983576419962e+00 5.272383516434975270e-01
8.370961061111549029e+00 9.941382564728896698e-01
7.564000539740332485e+00 7.040724318045262109e+00
7.605247708219355474e+00 5.538518368443869910e+00
7.260023373999644924e+00 2.172880783914999725e+01
1.016191225875953030e+01 3.044162347355050535e-01
7.359214650551161085e+00 1.608219730821011240e+01
1.303037830976137279e+01 8.087642725867577598e-02
8.741230608480700326e+00 7.327169247536382546e-01
8.166411588830609247e+00 1.285010022142769159e+00
8.607848119817397503e+00 8.054754308183544875e-01
7.162378154326400903e+00 2.807143331896541838e+01
8.787439239001709979e+00 7.089837073533812317e-01
8.376382411022435193e+00 9.707991911522226847e-01
7.573193205412873219e+00 6.707291057881814567e+00
7.761447254410553498e+00 3.325826943470883368e+00
8.884104361017572060e+00 6.664149906039841254e-01
9.712533394386898777e+00 3.810073824300676537e-01
7.335187348891940573e+00 1.746692224099141555e+01
7.743770088816693153e+00 3.556413741826823127e+00
7.292348114664521930e+00 2.035489533568909692e+01
7.292348114664521930e+00 2.035489533568909692e+01
