0.000000000000000000e+00 1.096432395636813828e-01 8.540364592978129110e+00 4.210005647758141567e-01 2.890291055311462998e+01 6.424780490745612305e+00 4.685541873807543695e-02
0.000000000000000000e+00 1.413966692202806583e-03 2.262668557909372838e-02 2.169086202238277965e-03 2.598869556358040112e-03 5.335105211027355888e-03 9.558319148389736496e-04
0.000000000000000000e+00 1.445383170872178774e-03 4.436447876290276066e-02 2.172972976768492055e-03 2.601774264233745835e-03 5.193853755545360662e-03 9.573837875583785569e-04
0.000000000000000000e+00 1.202271164499381763e-03 1.117243355909501492e-03 2.554070453024393644e-02 7.309365321024597489e-03 5.189268467345230576e-03 9.558319148389736496e-04
0.000000000000000000e+00 1.748566191151064431e-01 5.869841761592053508e+00 4.385867147265012811e+00 2.545464483399502598e+01 5.698915151109332555e+00 3.755928625710117791e-02
0.000000000000000000e+00 1.231645461951578514e-03 2.262668557909372838e-02 2.387234789152272579e-02 3.889699614679664307e-03 2.693164693935438947e-02 9.589292488307242209e-04
0.000000000000000000e+00 1.966180742745989307e-01 8.478058405846624623e+00 2.603841982027378377e-01 2.835953200582596523e+01 6.206956802928332628e+00 4.686396487716817938e-02
0.000000000000000000e+00 1.382847409626304213e-03 1.092801686515678522e-03 9.313467024525202975e-02 6.975236908898445332e-03 5.202868537086466696e-03 9.842986910796175642e-04
0.000000000000000000e+00 1.413966692202806583e-03 2.262668557909372838e-02 9.008503519593946685e-02 3.157269429332721158e-03 5.243862143131595294e-03 9.858730357398864854e-04
0.000000000000000000e+00 1.965944122989134180e-01 5.821747182996000802e+00 4.489673836957178032e+00 2.563609810450075344e+01 4.566129331231349120e+00 3.755928625710117791e-02
0.000000000000000000e+00 1.531424879069828993e-01 2.071936811160478786e+00 4.910392034680023166e+00 1.395662420664720793e+00 2.618027245201965059e+01 1.017706911707115580e+00
0.000000000000000000e+00 1.231645461951578514e-03 2.262668557909372838e-02 2.394171155384560226e-02 3.889699614679664307e-03 2.693164693935438947e-02 9.589292488307242209e-04
0.000000000000000000e+00 8.792910835555783899e-02 4.014346191416346521e+00 3.627736464716353915e+00 2.327720173666775594e+01 7.511591216517941483e+00 8.049619025567990305e-02
0.000000000000000000e+00 1.231645461951578514e-03 1.092801686515678522e-03 4.930339501374735728e-02 5.108250366827438160e-03 5.193853755545360662e-03 9.811302652094316522e-04
0.000000000000000000e+00 1.314046947231758966e-01 4.306193561917944557e+00 5.541431025055788773e+00 2.509141882379066146e+01 4.565837814451347398e+00 3.756657456737904494e-02
0.000000000000000000e+00 6.619131517175087798e-02 2.094200929779852061e+00 1.840089590120799867e+00 4.074880704860864178e+00 1.714330996024576237e+01 4.393293638016138036e-01
0.000000000000000000e+00 1.231645461951578514e-03 1.092801686515678522e-03 1.374691552720555821e-01 7.514344374743487168e-03 5.211675321761878241e-03 9.874407821479733605e-04
0.000000000000000000e+00 1.231645461951578514e-03 2.262668557909372838e-02 4.840909527182572780e-02 3.076633586146924025e-03 5.380775598694032685e-03 9.827177627345802784e-04
0.000000000000000000e+00 1.096669015393668678e-01 3.050397810727029757e+00 2.010141646204810062e+00 3.055748233980466022e+00 1.801262549098748167e+01 4.393024558749671349e-01
0.000000000000000000e+00 1.231645461951578514e-03 1.117243355909501492e-03 1.337274790211755437e-01 2.634217017079081014e-02 5.216000613319902827e-03 9.650466980226360056e-04
0.000000000000000000e+00 1.231645461951578514e-03 1.117243355909501492e-03 6.741332814435871401e-02 6.342783393001862231e-03 5.198387125607894371e-03 9.827177627345802784e-04
0.000000000000000000e+00 1.748802810907919281e-01 4.050834570646607347e+00 3.387216846348046317e+00 3.312038569387002696e+00 1.855709006432102015e+01 2.737367035677760629e+00
0.000000000000000000e+00 1.382847409626304213e-03 1.092801686515678522e-03 2.390298010856456781e-02 2.624541269847678257e-02 5.339758519072275618e-03 9.573837875583785569e-04
0.000000000000000000e+00 8.792910835555783899e-02 2.049664150476713242e+00 3.256586530868990970e+00 2.454721236050989219e+01 6.142129452299890602e+00 4.933124765254101041e-01
0.000000000000000000e+00 1.313810327474904116e-01 1.478941389272819817e+00 3.453205145919663099e+00 2.517621779290021067e+00 4.855305507650507835e+00 1.747479302574314053e-01
0.000000000000000000e+00 1.096432395636813828e-01 8.665003992825392132e+00 4.207206300050553294e-01 2.835835540290492318e+01 6.497403795563149842e+00 4.685541873807543695e-02
0.000000000000000000e+00 6.619131517175087798e-02 2.094200929779852061e+00 1.888107111706203822e+00 4.178506979242047947e+00 1.605447138803125995e+01 4.393546853766874261e-01
0.000000000000000000e+00 1.231645461951578514e-03 1.092801686515678522e-03 1.579923609327884282e-01 7.081634318621301064e-03 5.216000613319902827e-03 9.890019156728062279e-04
0.000000000000000000e+00 1.445383170872178774e-03 6.612215296841986167e-02 4.579415391003439223e-02 2.543478495601584136e-02 5.357835324163374990e-03 9.874407821479733605e-04
0.000000000000000000e+00 1.413966692202806583e-03 1.092801686515678522e-03 2.407982082337299656e-02 6.016919232510684230e-03 5.335105211027355888e-03 9.558319148389736496e-04
0.000000000000000000e+00 1.413966692202806583e-03 1.092801686515678522e-03 1.130845220261029460e-01 2.493820691085498614e-02 5.211675321761878241e-03 9.874407821479733605e-04
0.000000000000000000e+00 8.792910835555783899e-02 3.021898816507119889e+00 2.384170778117303602e+00 3.055947917393945890e+00 1.601596490228808278e+01 7.274661866210723193e-01
0.000000000000000000e+00 4.445352198794184223e-02 4.415626770012363700e+00 4.489753471819999397e+00 2.527340462391486753e+01 5.697640461940092216e+00 1.167086373188948034e-01
0.000000000000000000e+00 1.231645461951578514e-03 1.117243355909501492e-03 6.741332814435871401e-02 3.893516867745567319e-03 2.693618030941487274e-02 9.842986910796175642e-04
0.000000000000000000e+00 1.096669015393668678e-01 2.027396369932216391e+00 1.799541805981158760e+00 1.623531597282846795e+00 5.724467921530770553e+00 6.725692519726388374e-01
0.000000000000000000e+00 1.231645461951578514e-03 1.117243355909501492e-03 7.151722777397485908e-02 3.729996681550453407e-03 5.380775598694032685e-03 9.589292488307242209e-04
0.000000000000000000e+00 1.531424879069828993e-01 2.027398798974698657e+00 1.798562597886031789e+00 2.024319235664821193e+00 8.839937688347523803e+00 1.092756517387959425e+00
0.000000000000000000e+00 1.748566191151064431e-01 2.879417903828001002e+00 2.384072696705401118e+00 2.225038696306902430e+00 1.964687851220799786e+01 2.851277005924246932e+00
0.000000000000000000e+00 1.096669015393668678e-01 2.027396369932216391e+00 1.751444644056807665e+00 4.489982646437110425e+00 7.628861159690320193e+00 5.509907523160377796e-01
0.000000000000000000e+00 1.096669015393668678e-01 2.049665376025107122e+00 1.847841229365351889e+00 2.104481056698778385e+00 9.005915472291270873e+00 1.898246814443165231e-01
0.000000000000000000e+00 1.966180742745989307e-01 1.871518155874718925e+00 2.767577669199588808e+00 4.074685660050822555e+00 1.051818292490337825e+01 1.907211031352941677e-01
0.000000000000000000e+00 1.382847409626304213e-03 1.092801686515678522e-03 4.660355575914103959e-02 5.108250366827438160e-03 5.157318329268230014e-03 9.811302652094316522e-04
0.000000000000000000e+00 6.619131517175087798e-02 3.050394664697254399e+00 2.394498676661461101e+00 2.621375110076476389e+00 6.847296835406048388e+00 1.995681684396972244e+00
0.000000000000000000e+00 1.173181201448080142e-03 1.092801686515678522e-03 1.558732042803853690e-01 3.710852884346688054e-03 2.691717736310705530e-02 1.039259912438251100e-03
0.000000000000000000e+00 1.231645461951578514e-03 1.092801686515678522e-03 6.911185316263299128e-02 3.076633586146924025e-03 2.708215140885293290e-02 9.842986910796175642e-04
0.000000000000000000e+00 1.965944122989134180e-01 8.478058405846624623e+00 1.804764467950212559e-01 2.854077565256380211e+01 6.207295941715492482e+00 4.686396487716817938e-02
0.000000000000000000e+00 6.616765319606536522e-02 2.071931923686961330e+00 5.230784231190395595e+00 1.707082489741212017e+00 2.164240718131049235e+01 2.036730444765384895e+00
0.000000000000000000e+00 1.096669015393668678e-01 2.049665376025107122e+00 1.847667404240981304e+00 1.383024667393146556e+00 5.724705329549541588e+00 5.065570471958246168e-01
0.000000000000000000e+00 1.231645461951578514e-03 2.262668557909372838e-02 1.552984147473645549e-01 2.808351834952047682e-02 2.714512696119348450e-02 9.695667713737459587e-04
0.000000000000000000e+00 1.965944122989134180e-01 1.871518155874718925e+00 2.087012324520116646e+00 4.178506979242047947e+00 1.051818292490337825e+01 1.907211031352941677e-01
0.000000000000000000e+00 1.382847409626304213e-03 1.092801686515678522e-03 2.430220628893683607e-02 2.495755476721341418e-02 5.339758519072275618e-03 9.811302652094316522e-04
0.000000000000000000e+00 1.231645461951578514e-03 1.092801686515678522e-03 2.212284618301448014e-01 6.432697461623393398e-03 5.045206548753703932e-03 1.017961747676218200e-03
0.000000000000000000e+00 1.096669015393668678e-01 4.342671987199980599e+00 5.541431025055788773e+00 2.509141882379066146e+01 4.565837814451347398e+00 3.755759659324542366e-02
0.000000000000000000e+00 6.619131517175087798e-02 2.071931923686961330e+00 1.751271535029003124e+00 9.504813167449347455e-01 5.860104063349035997e+00 8.737765070561454017e-03
0.000000000000000000e+00 1.966180742745989307e-01 3.977875688226599760e+00 3.387224119340911166e+00 3.582958953573622818e+00 1.547103171981415137e+01 3.098714577548904003e+00
0.000000000000000000e+00 1.314046947231758966e-01 2.936409666055876944e+00 4.188897860796831019e+00 1.395662420664720793e+00 2.472801213026761857e+01 1.891382777204202004e+00
0.000000000000000000e+00 1.096669015393668678e-01 3.050397810727029757e+00 2.986454015100994397e+00 2.952599045461233640e+00 1.783122007297389189e+01 6.246187325511242117e-01
0.000000000000000000e+00 1.531424879069828993e-01 2.071936811160478786e+00 1.703460679142051237e+00 1.944285663841619272e+00 1.894187441021190299e+00 4.134190454710017226e-01
0.000000000000000000e+00 1.314046947231758966e-01 1.373354537527868180e+00 2.424456698488238526e+00 1.383035513395902250e+00 2.724472948326599031e+00 2.174794201311395447e+00
0.000000000000000000e+00 1.202271164499381763e-03 1.092801686515678522e-03 4.607816310777060331e-02 2.545222063787437247e-02 2.678987750806341439e-02 9.842986910796175642e-04
0.000000000000000000e+00 1.231645461951578514e-03 1.117243355909501492e-03 6.741332814435871401e-02 3.893516867745567319e-03 2.693618030941487274e-02 9.842986910796175642e-04
0.000000000000000000e+00 1.413966692202806583e-03 2.262668557909372838e-02 9.012782008834592518e-02 2.493820691085498614e-02 5.248255113609465866e-03 9.874407821479733605e-04
0.000000000000000000e+00 8.792910835555783899e-02 4.269709137737226712e+00 3.226747615343624531e+00 1.292271686636088823e+00 1.910161431918537644e+01 6.081773469730368704e-03
0.000000000000000000e+00 4.445352198794184223e-02 4.415626770012363700e+00 4.489753471819999397e+00 2.527340462391486753e+01 5.697640461940092216e+00 1.167086373188948034e-01
0.000000000000000000e+00 1.096669015393668678e-01 2.094203388210887251e+00 1.743812284019143677e+00 3.989545209755904320e+00 1.202263398671073880e+01 9.436898963893294162e-03
0.000000000000000000e+00 1.202271164499381763e-03 2.262668557909372838e-02 2.018965669154152986e-01 7.641310637639404935e-03 5.228663591871426583e-03 9.936454916740667265e-04
0.000000000000000000e+00 2.183322054827224468e-01 1.982864375022069803e+00 1.798588981527673214e+00 4.282313668934214057e+00 4.854978632674852967e+00 1.898417805906323919e-01
0.000000000000000000e+00 1.231645461951578514e-03 2.262668557909372838e-02 1.992166899910483568e-01 2.352158230292684948e-02 4.265863071003076629e-03 8.056469898885567889e-04
0.000000000000000000e+00 1.966180742745989307e-01 2.936414286237970739e+00 2.197100745975707703e+00 2.848692227550916112e+00 1.892007171321222003e+01 2.534889433894001454e-01
0.000000000000000000e+00 1.531188259312973865e-01 1.426148920252744645e+00 1.327096632954950284e+00 1.511618108257535065e+00 1.686130140159720625e+00 5.445678220401561388e-03
0.000000000000000000e+00 1.531424879069828993e-01 2.936411215557349852e+00 2.259429183768154381e+00 3.055443040825335022e+00 1.311236104090901300e+01 1.015174031615813099e+00
0.000000000000000000e+00 1.531424879069828993e-01 2.964908641455155092e+00 2.321539903114213210e+00 3.055541144554243971e+00 1.238627593198443755e+01 1.182969102658805172e+00
0.000000000000000000e+00 1.531424879069828993e-01 2.071936811160478786e+00 1.751557841066402110e+00 1.944274443964166599e+00 2.472300527940752612e+00 2.779294770914474966e-01
0.000000000000000000e+00 1.096669015393668678e-01 2.094203388210887251e+00 1.799452782107095805e+00 4.282313668934214057e+00 7.809354539786804494e+00 9.463159601612905827e-03
0.000000000000000000e+00 1.096669015393668678e-01 3.021900384829226294e+00 2.269894423436594977e+00 2.621229555421255686e+00 9.254264535524420410e+00 1.898028012079396032e-01
0.000000000000000000e+00 1.531663811622223925e-01 2.964908641455155092e+00 2.134785500328250318e+00 3.159200316319171087e+00 1.274936476484305281e+01 3.440456713492007212e-01
0.000000000000000000e+00 1.748566191151064431e-01 4.050834570646607347e+00 3.307055025314089125e+00 3.175947163999581768e+00 1.855719228405157040e+01 2.632292626015609205e+00
0.000000000000000000e+00 1.314046947231758966e-01 2.094204606412155556e+00 1.751557841066402110e+00 1.944274443964166599e+00 3.014681934194741508e+00 1.426192305575118557e-01
0.000000000000000000e+00 1.315515766808476317e-01 1.982859575947705899e+00 3.256588275456831383e+00 2.491023912488202541e+01 6.144984616351635509e+00 4.933488112742878684e-01
0.000000000000000000e+00 8.795300161079736001e-02 4.233228716834244842e+00 2.425397787708183373e+00 2.745035360091159227e+00 1.873848304074392601e+01 7.482967598116833097e-01
0.000000000000000000e+00 1.966419675298383962e-01 4.050836530032566607e+00 5.216937137395308177e+00 3.041585955899626104e+00 1.855644939279839889e+01 2.478561866782581280e+00
0.000000000000000000e+00 1.098137834970386167e-01 3.941387357267165825e+00 3.467418991985991905e+00 2.291431606570241186e+01 7.195850987524686104e+00 3.130414286371933086e-01
0.000000000000000000e+00 1.749041743460314491e-01 2.907915329725804021e+00 2.134584918300720169e+00 3.159554923672626359e+00 1.547188230807374332e+01 3.441806108904613137e-01
0.000000000000000000e+00 6.619131517175087798e-02 3.107389516492862658e+00 3.787809143774730103e+00 2.769955826637934049e+00 1.819412163890034861e+01 3.346229053948105214e+00
0.000000000000000000e+00 1.314046947231758966e-01 1.478941389272819817e+00 2.183464247613621900e+00 3.866768235068232418e+00 7.013602101081976237e+00 9.241498274442986466e-03
0.000000000000000000e+00 8.790544637987234011e-02 2.964903964711511630e+00 6.981750249249709661e+00 2.906376631030376689e+00 1.492599829936437672e+01 2.974967812505753706e+00
0.000000000000000000e+00 1.231645461951578514e-03 1.092801686515678522e-03 1.994906686463357726e-01 7.046746750835779401e-03 5.004402311285099936e-03 9.921042852274637724e-04
0.000000000000000000e+00 1.531424879069828993e-01 2.936411215557349852e+00 3.708053096699079454e+00 1.914461876330634693e+00 2.454651399223463315e+01 1.891388395971822511e+00
0.000000000000000000e+00 1.314285879784154176e-01 2.094204606412155556e+00 2.892698040188085962e+00 1.142531489486648733e+00 4.775637270193576533e+00 8.518969500640872008e-03
0.000000000000000000e+00 1.315515766808476317e-01 1.982859575947705899e+00 3.194268575533197208e+00 2.327764685786029020e+01 8.718032382306432737e+00 3.793742520803170537e-01
0.000000000000000000e+00 1.531424879069828993e-01 2.049667805067589388e+00 1.799626841195655302e+00 1.383141696726452929e+00 2.517311202255498870e+00 1.903813408105180516e+00
0.000000000000000000e+00 1.314046947231758966e-01 1.373354537527868180e+00 2.424456698488238526e+00 1.382519804213713011e+00 2.724472948326599031e+00 2.174794201311395447e+00
0.000000000000000000e+00 1.531424879069828993e-01 4.233234703675902821e+00 5.216400299665141738e+00 3.041755679955020053e+00 1.946350811104437284e+01 2.478512811895172252e+00
0.000000000000000000e+00 1.315515766808476317e-01 2.027397588133485584e+00 4.269106146312443784e+00 2.400351188806176239e+01 6.250071029336434769e+00 4.933527335322827057e-01
0.000000000000000000e+00 1.966180742745989307e-01 2.936414286237970739e+00 2.259318260008360557e+00 6.563529212665798696e+00 1.147779769284365692e+01 3.439640632372445439e-01
0.000000000000000000e+00 1.748802810907919281e-01 1.390954254030368986e+00 1.363557016331229388e+00 1.511618108257535065e+00 1.062215769815563426e+00 2.130548234469207824e-01
0.000000000000000000e+00 3.270448333774511052e-01 3.941406768338584499e+00 5.113099117043608643e+00 2.906209067175602900e+00 1.837463035872556816e+01 2.478561866782581280e+00
0.000000000000000000e+00 1.202271164499381763e-03 2.264656660080180059e-02 1.558803378600379097e-01 2.730659065117979969e-02 5.224494789648465205e-03 9.921042852274637724e-04
0.000000000000000000e+00 8.792910835555783899e-02 2.049664150476713242e+00 3.256586530868990970e+00 2.454721236050989219e+01 6.142129452299890602e+00 4.933124765254101041e-01
0.000000000000000000e+00 1.231645461951578514e-03 1.092801686515678522e-03 1.119896858373665288e-01 2.654693591708587319e-02 5.211675321761878241e-03 1.011589574711929109e-03
0.000000000000000000e+00 1.531424879069828993e-01 4.269715124578886467e+00 5.528146793729988850e+00 1.686519093272637049e+00 1.946410254310902133e+01 2.743641803270146617e+00
0.000000000000000000e+00 1.313810327474904116e-01 2.049666594226375427e+00 1.751501425588100957e+00 1.623649372546909886e+00 5.588739923636095064e+00 1.745315401186442739e-01
0.000000000000000000e+00 6.619131517175087798e-02 2.071931923686961330e+00 5.151021459249029100e+00 1.810842896740958663e+00 2.164268097166649341e+01 2.036730444765384895e+00
0.000000000000000000e+00 1.231645461951578514e-03 1.117243355909501492e-03 6.940628595067917239e-02 5.230034356073053579e-03 2.693618030941487274e-02 1.008362880099538880e-03
0.000000000000000000e+00 1.531424879069828993e-01 4.233234703675902821e+00 5.424013679049467740e+00 2.906376631030376689e+00 1.910045547412294198e+01 2.566883123300634839e+00
0.000000000000000000e+00 1.531188259312973865e-01 2.071936811160478786e+00 4.429421108476270241e+00 2.017809881225116619e+00 2.091682644906317634e+01 2.211921153230989923e+00
0.000000000000000000e+00 1.231645461951578514e-03 1.117243355909501492e-03 1.796716951164951948e-01 7.480731579636950429e-03 5.293468435214992475e-03 9.665598904558357759e-04
0.000000000000000000e+00 1.531424879069828993e-01 1.426148920252744645e+00 1.291898514217814320e+00 2.906344519683895289e+00 6.847821146192970332e+00 3.407590354820591583e-01
0.000000000000000000e+00 1.096669015393668678e-01 2.993402958931421498e+00 2.384068583615418291e+00 2.952549104329161178e+00 1.801276475820157330e+01 5.009151475912893003e-01
0.000000000000000000e+00 1.096432395636813828e-01 4.269711145394015084e+00 1.636068214594994075e+00 2.641129035252674839e+00 1.855767072121448535e+01 1.366997859404787796e+00
0.000000000000000000e+00 1.531424879069828993e-01 4.160273861869936418e+00 5.424540362751546496e+00 3.041755679955020053e+00 1.946350811104437284e+01 2.566876731708267467e+00
0.000000000000000000e+00 6.619131517175087798e-02 3.107389516492862658e+00 1.947923969403969391e+00 2.537068973553800788e+00 2.073563164890143184e+01 9.958473032449117746e-01
0.000000000000000000e+00 1.096669015393668678e-01 3.050397810727029757e+00 2.134781046052074416e+00 2.847829661441009019e+00 1.583492352074424581e+01 5.836230927438705862e-01
0.000000000000000000e+00 2.618077918503405321e-01 1.267773339293608359e+00 1.474081855828121235e+00 5.894722308678449485e-01 1.462789810345165531e+00 8.435490742642019757e-02
0.000000000000000000e+00 1.315515766808476317e-01 2.005128582040595298e+00 3.256586530868990970e+00 2.472871049854287051e+01 6.144984616351635509e+00 4.582231724781279936e-01
0.000000000000000000e+00 1.098137834970386167e-01 4.050828619976116762e+00 3.627723465040009199e+00 2.164364211290641293e+01 8.594352862412252492e+00 2.890191101579536737e-01
0.000000000000000000e+00 2.273962205937232403e-02 1.096190050887749373e-01 2.694843639019355308e-01 1.938111023275019065e-02 3.352376768024703958e-03 6.710730969409653499e-04
0.000000000000000000e+00 6.619131517175087798e-02 3.021897238799450047e+00 2.259228265028959903e+00 6.562801845651010879e+00 1.129646861927173873e+01 3.439895285587721285e-01
0.000000000000000000e+00 1.313810327474904116e-01 1.938321563761925326e+00 1.943747439602115712e+00 1.944307422748558611e+00 3.421026233278461781e+00 6.951350104566809442e-03
0.000000000000000000e+00 3.270448333774511052e-01 3.941406768338584499e+00 5.113099117043608643e+00 2.906209067175602900e+00 1.837463035872556816e+01 2.478561866782581280e+00
0.000000000000000000e+00 2.400936606422169883e-01 1.285370220301129907e+00 1.328160172216189094e+00 1.760922334851630744e+00 1.894401136799548802e+00 1.092549493249320852e-01
0.000000000000000000e+00 1.096669015393668678e-01 2.094203388210887251e+00 1.791909445943494772e+00 3.781984236529707388e+00 1.202267699623440222e+01 7.354343316298201927e-01
0.000000000000000000e+00 1.382847409626304213e-03 1.530534446819437899e-01 1.283611791384190459e-01 2.259634061083139189e-02 2.190630888873911983e-02 7.920872968706603456e-04
0.000000000000000000e+00 1.382847409626304213e-03 1.530534446819437899e-01 2.172173071729212590e-01 3.391339657033923954e-02 3.245870013432111678e-02 6.557193091063356081e-04
0.000000000000000000e+00 2.273962205937232403e-02 1.095790831903050572e-01 1.790148441205542951e-01 2.364601539739098410e-02 2.185310575243460882e-02 8.141906937527806009e-04
0.000000000000000000e+00 1.382847409626304213e-03 1.092801686515678522e-03 6.901629089786200100e-02 3.729996681550453407e-03 2.693618030941487274e-02 9.842986910796175642e-04
0.000000000000000000e+00 2.183558674584079595e-01 3.941397214588453046e+00 3.387224119340911166e+00 3.176487763764303640e+00 1.583417909923689315e+01 3.098720396799570675e+00
0.000000000000000000e+00 6.619131517175087798e-02 2.116469935872741903e+00 1.559112777890692358e+00 1.784014720816930577e+00 5.859771037831796647e+00 5.067746175936369557e-01
0.000000000000000000e+00 1.413966692202806583e-03 2.262668557909372838e-02 9.012782008834592518e-02 2.493820691085498614e-02 5.248255113609465866e-03 9.874407821479733605e-04
0.000000000000000000e+00 1.966419675298383962e-01 4.160277792741513991e+00 5.320544269626140022e+00 3.041811535188247539e+00 1.891895733608996011e+01 2.566889439775365656e+00
0.000000000000000000e+00 6.619131517175087798e-02 1.892080552636471458e+00 2.039855104230803295e+00 4.386342599283565846e+00 6.515481817499853001e+00 9.480780649397627102e-03
0.000000000000000000e+00 1.231645461951578514e-03 1.117243355909501492e-03 6.878203314355835207e-02 2.546778986535743264e-02 5.275940824725368523e-03 9.604682846302586190e-04
0.000000000000000000e+00 1.965944122989134180e-01 1.982863186339168804e+00 1.798562597886031789e+00 4.282328006106584262e+00 5.353058920279381461e+00 1.898386552421198192e-01
0.000000000000000000e+00 1.096432395636813828e-01 1.848607366055588175e+00 2.087952266155154391e+00 4.490135640635366521e+00 6.515397271348188468e+00 9.476253233415766336e-03
0.000000000000000000e+00 1.231645461951578514e-03 1.117243355909501492e-03 6.874773412451784527e-02 2.546778986535743264e-02 5.275940824725368523e-03 9.842986910796175642e-04
0.000000000000000000e+00 1.382847409626304213e-03 1.092801686515678522e-03 9.313467024525202975e-02 3.325653759925603376e-03 5.239416712037548059e-03 9.842986910796175642e-04
0.000000000000000000e+00 1.532893698646546066e-01 2.071936811160478786e+00 2.633277735705187972e+00 3.573875504163902317e+00 1.220482434114615344e+01 1.909143883986539059e-01
0.000000000000000000e+00 2.271572880413281342e-02 1.095790831903050572e-01 1.819572965204642456e-01 5.900121649787790079e-02 2.197797876553952284e-02 6.691313390952278095e-04
0.000000000000000000e+00 1.531663811622223925e-01 2.993406067352958111e+00 2.072461346128443793e+00 3.263007006011331423e+00 1.274931875524510261e+01 8.471158456915902149e-03
0.000000000000000000e+00 1.231645461951578514e-03 2.264656660080180059e-02 6.892916512480382063e-02 5.524993249608583547e-03 2.694066172089550071e-02 9.858730357398864854e-04
0.000000000000000000e+00 1.413966692202806583e-03 1.092801686515678522e-03 1.144583155650701484e-01 7.370613448243547132e-03 5.207297949385849938e-03 9.858730357398864854e-04
0.000000000000000000e+00 1.413966692202806583e-03 1.092801686515678522e-03 8.999473684380458749e-02 7.101314968353322071e-03 2.708669747219432516e-02 9.858730357398864854e-04
0.000000000000000000e+00 1.531424879069828993e-01 2.005129792881809259e+00 1.894730449171997844e+00 2.024436264998123569e+00 2.472482248530852633e+00 2.779302408701731508e-01
0.000000000000000000e+00 1.314046947231758966e-01 3.350838287025037499e-01 1.568351104588176226e-01 4.322388967441137542e-03 2.957612960325325425e-03 1.229623572825342022e-02
0.000000000000000000e+00 1.202271164499381763e-03 1.092801686515678522e-03 4.607816310777060331e-02 2.545222063787437247e-02 2.678987750806341439e-02 9.842986910796175642e-04
0.000000000000000000e+00 1.748566191151064431e-01 3.350857365808471711e-01 7.168465711387287387e-01 4.511239873687217794e-01 1.212848759098214130e-01 1.414802578764304221e-03
0.000000000000000000e+00 1.173181201448080142e-03 1.092801686515678522e-03 2.249894442976939912e-01 2.378382397088199540e-02 4.354743196380832064e-03 8.056469898885567889e-04
0.000000000000000000e+00 1.096669015393668678e-01 4.196750303588048681e+00 3.227015998047777501e+00 4.531391729795371859e+00 7.447369228104354200e+00 7.352155172342357270e-01
0.000000000000000000e+00 1.531424879069828993e-01 2.470957424341110875e-01 1.195940094502385698e+00 5.771562972880853737e-01 5.200450615343682470e-01 2.481179243737533218e-03
0.000000000000000000e+00 1.202271164499381763e-03 1.313156514981368428e-01 3.752752115936953681e-01 1.921763907936339597e-02 3.609921490005084995e-03 6.767888813606309610e-04
0.000000000000000000e+00 8.792910835555783899e-02 4.233228716834244842e+00 3.226755207093138456e+00 1.292224790399872703e+00 1.910165825524432748e+01 2.534953771632045827e-01
0.000000000000000000e+00 1.314285879784154176e-01 1.938321563761925326e+00 2.039941763450819678e+00 4.386300773937355402e+00 5.352765914186688789e+00 1.898369491486056326e-01
0.000000000000000000e+00 1.748566191151064431e-01 1.415098417151014476e-01 1.491576246644640835e-01 1.556199686710008634e-01 1.609132966192845238e-01 4.942820329953496929e-04
0.000000000000000000e+00 1.531663811622223925e-01 1.943023165616352688e-01 1.345833195669753068e-01 7.485002399154012942e-02 1.466114959546650602e-02 5.425081272148355935e-04
0.000000000000000000e+00 1.748566191151064431e-01 1.338160828157893167e+00 1.473825373958653984e+00 1.511517215177449858e+00 3.407593805099310980e-01 1.644100107576774161e-01
0.000000000000000000e+00 1.532148676605305515e-01 4.269715124578886467e+00 5.527640987306100762e+00 1.687072950671377969e+00 1.946275841992986599e+01 2.743641803270146617e+00
0.000000000000000000e+00 1.314285879784154176e-01 1.767035510850763769e-01 1.780414266405053736e-01 7.478475835116156489e-02 1.444320411760672933e-02 5.567727538388974207e-04
0.000000000000000000e+00 1.314285879784154176e-01 1.478941389272819817e+00 2.087439884330131168e+00 4.385493925224183798e+00 5.353101004301350940e+00 1.898402656015402146e-01
0.000000000000000000e+00 1.096669015393668678e-01 2.049665376025107122e+00 1.799744067441000794e+00 1.543359155463820853e+00 5.724467921530770553e+00 8.518969500640872008e-03
0.000000000000000000e+00 1.313810327474904116e-01 1.338158920279550523e+00 1.546742242251884170e+00 1.449096453413762919e+00 1.894582727576117787e+00 5.446993169073524946e-03
0.000000000000000000e+00 1.314046947231758966e-01 1.478941389272819817e+00 2.232072554138278431e+00 3.867252796136734005e+00 6.515523349834322353e+00 9.482893800414067542e-03
0.000000000000000000e+00 1.966180742745989307e-01 2.936414286237970739e+00 2.259215919975900544e+00 6.562996844605774704e+00 1.111480141677769673e+01 1.761923285307735454e-01
0.000000000000000000e+00 6.619131517175087798e-02 3.078892090595059639e+00 3.868371119339187203e+00 2.634465430034823807e+00 1.855716553957547887e+01 3.346222282298790596e+00
0.000000000000000000e+00 1.202271164499381763e-03 1.747912378657528187e-01 1.995797098322100172e-01 7.726193359507807501e-02 3.234390192171770345e-02 6.749019523598456024e-04
0.000000000000000000e+00 6.619131517175087798e-02 3.078892090595059639e+00 2.072465800404616587e+00 2.536310523909157677e+00 2.055409177593787717e+01 9.958473032449117746e-01
0.000000000000000000e+00 1.314046947231758966e-01 1.373354537527868180e+00 1.364512204666791462e+00 1.449216547380600240e+00 9.019459488575037875e-01 1.092383776697708475e-01
0.000000000000000000e+00 1.314046947231758966e-01 1.478941389272819817e+00 5.246698823259303701e-01 9.741570750107895194e-01 8.256702920192617867e-01 1.278827023546228181e-01
0.000000000000000000e+00 6.619131517175087798e-02 3.050394664697254399e+00 2.394498676661461101e+00 2.517568420384311167e+00 6.847084858417229469e+00 1.995920966771918437e+00
0.000000000000000000e+00 1.231645461951578514e-03 1.313156514981368428e-01 1.799670279338184409e-01 2.354023822547378353e-02 2.197188514786686808e-02 8.141906937527806009e-04
0.000000000000000000e+00 6.619131517175087798e-02 3.107389516492862658e+00 3.787809143774730103e+00 2.769955826637934049e+00 1.819412163890034861e+01 3.346229053948105214e+00
0.000000000000000000e+00 1.748802810907919281e-01 4.233236675161522911e+00 2.986497828328645632e+00 4.531452138814967334e+00 7.447313705741834156e+00 3.722148865495614745e-01
0.000000000000000000e+00 1.315515766808476317e-01 1.943013597092339007e-01 1.059505471758358519e-01 7.740187825385430598e-02 1.795903583418065677e-02 5.666104504930557801e-04
0.000000000000000000e+00 1.173181201448080142e-03 1.092801686515678522e-03 1.558732042803853690e-01 5.047235346115554362e-03 2.691717736310705530e-02 1.039259912438251100e-03
0.000000000000000000e+00 1.313810327474904116e-01 2.005128582040595298e+00 1.943833291754214043e+00 1.944274443964166599e+00 3.556433812340038081e+00 7.130604491859239558e-03
0.000000000000000000e+00 2.271572880413281342e-02 1.095790831903050572e-01 1.799228349879516409e-01 5.878868013661920494e-02 2.197797876553952284e-02 6.691313390952278095e-04
0.000000000000000000e+00 1.314046947231758966e-01 3.526816373266629112e-01 1.334135587548665458e-01 7.485713491726443680e-02 1.164882041422153625e-02 4.470942300138404791e-04
0.000000000000000000e+00 1.531424879069828993e-01 2.470957424341110875e-01 1.161351591092566027e+00 6.057017974519458559e-01 5.200474692361682916e-01 1.467100222088572881e-01
0.000000000000000000e+00 6.619131517175087798e-02 3.078892090595059639e+00 3.868371119339187203e+00 2.634465430034823807e+00 1.855716553957547887e+01 3.346222282298790596e+00
0.000000000000000000e+00 1.966419675298383962e-01 4.050836530032566607e+00 5.320743827087473399e+00 2.906152491885704681e+00 1.855644939279839889e+01 2.566925786595677383e+00
0.000000000000000000e+00 1.313810327474904116e-01 1.355756728903708908e+00 1.510283840492230967e+00 1.448588911610383390e+00 4.209349996186737553e-01 4.190211816956475668e-03
0.000000000000000000e+00 1.315265043096845443e-01 3.021901943749289110e+00 2.072563369251233301e+00 3.367218586981655104e+00 2.019069586740263844e+01 3.204996556801898988e-01
0.000000000000000000e+00 1.231645461951578514e-03 2.262668557909372838e-02 1.590965460119712072e-01 2.908969723889454767e-02 7.456137058736594936e-02 8.081152989078466999e-04
0.000000000000000000e+00 6.619131517175087798e-02 2.071931923686961330e+00 1.606980049255945397e+00 4.490021288574045144e+00 8.531647887000108454e+00 9.229069306737600065e-03
0.000000000000000000e+00 2.271572880413281342e-02 1.095790831903050572e-01 2.171529137687809308e-01 6.232412049963847837e-03 2.197495392356062921e-02 8.153893233505828770e-04
0.000000000000000000e+00 8.795300161079736001e-02 2.822416835222490761e+00 4.028336420313542554e+00 2.563689399672562530e+01 4.990768322554283820e+00 3.130145573292724692e-01
0.000000000000000000e+00 1.382847409626304213e-03 1.117243355909501492e-03 1.339508208659958566e-01 7.385853501458829705e-03 5.211675321761878241e-03 9.874407821479733605e-04
0.000000000000000000e+00 1.314046947231758966e-01 2.294969769575521956e-01 9.155012213006324950e-02 1.334056436496033893e-01 2.639674556853474630e-02 5.589711665076010135e-04
0.000000000000000000e+00 1.314046947231758966e-01 3.702794459508220726e-01 1.098471240098172208e-01 1.605749439901782774e-02 2.956155051570125147e-03 1.229552662119713473e-02
0.000000000000000000e+00 1.314046947231758966e-01 4.050830615597062589e+00 3.467392992158095932e+00 3.311978160367407664e+00 1.619685466434025045e+01 3.222406264262054787e+00
0.000000000000000000e+00 2.183558674584079595e-01 1.338162712689139333e+00 5.815955397269941818e-01 6.659757781566136847e-01 8.258994541774434817e-01 1.278766995474029111e-01
0.000000000000000000e+00 1.231645461951578514e-03 1.313156514981368428e-01 1.790921381842351667e-01 2.354023822547378353e-02 4.374076523707717129e-03 8.329044249401633317e-04
0.000000000000000000e+00 2.400699986665314756e-01 1.938327544106737577e+00 1.750465435961680694e+00 2.024458477716704508e+00 1.894187441021190299e+00 6.947855661682529257e-03
0.000000000000000000e+00 8.792910835555783899e-02 4.014346191416346521e+00 3.627736464716353915e+00 2.327720173666775594e+01 7.406504554497024273e+00 1.004126114721281410e-01
0.000000000000000000e+00 1.098137834970386167e-01 4.050828619976116762e+00 3.627723465040009199e+00 2.164364211290641293e+01 8.594352862412252492e+00 2.890191101579536737e-01
0.000000000000000000e+00 1.748802810907919281e-01 3.702813538291638285e-01 6.362752917678785591e-01 4.507475107972126471e-01 1.210517673909111414e-01 2.990789888691417972e-02
0.000000000000000000e+00 1.531424879069828993e-01 3.526825941790643903e-01 7.168045837419219080e-01 9.192203555084398348e-01 1.022320400212543223e+00 3.151042088020868104e-03
0.000000000000000000e+00 1.202271164499381763e-03 1.313156514981368428e-01 1.995551051446217417e-01 2.381792222227483574e-02 4.377145299401476522e-03 8.141906937527806009e-04
0.000000000000000000e+00 1.314285879784154176e-01 2.094204606412155556e+00 2.891350861302088404e+00 1.222693310520606369e+00 4.504838197577461401e+00 8.519335341829997743e-03
0.000000000000000000e+00 2.271572880413281342e-02 1.095790831903050572e-01 2.679118781087440615e-01 6.246711191280978487e-02 3.627675321398524024e-03 6.739515972883603715e-04
0.000000000000000000e+00 1.231645461951578514e-03 2.400046174171778790e-01 2.172668248070399044e-01 4.936140315714016014e-03 1.799460949131687082e-02 6.729966626633273469e-04
0.000000000000000000e+00 1.382847409626304213e-03 1.117243355909501492e-03 1.558732042803853690e-01 2.662000472784216074e-02 2.695806696682153877e-02 9.921042852274637724e-04
0.000000000000000000e+00 2.273962205937232403e-02 1.095790831903050572e-01 1.992971253521072239e-01 9.179390039268425783e-02 9.011972162127139530e-02 1.511451700052081695e-02
0.000000000000000000e+00 1.096907947946064027e-01 1.938320345560656355e+00 2.038888250741355712e+00 4.490121698965403141e+00 5.352765914186688789e+00 9.251477682917287962e-03
0.000000000000000000e+00 8.792910835555783899e-02 2.964903964711511630e+00 2.384179000507288926e+00 3.055848560536403191e+00 1.202337221271112178e+01 2.189696750476797682e+00
0.000000000000000000e+00 1.382847409626304213e-03 1.530534446819437899e-01 2.172694972043504869e-01 6.191002276679552670e-03 2.185913425000024501e-02 6.691313390952278095e-04
0.000000000000000000e+00 1.413966692202806583e-03 1.092801686515678522e-03 8.999473684380458749e-02 7.101314968353322071e-03 2.708669747219432516e-02 9.858730357398864854e-04
0.000000000000000000e+00 1.096669015393668678e-01 1.916051339467766512e+00 2.087981241634905505e+00 4.282342051292034490e+00 9.795886817278528724e+00 9.243144938974285491e-03
0.000000000000000000e+00 6.616765319606536522e-02 1.960586893222511895e+00 2.183152737848020664e+00 4.282313668934214057e+00 9.254038311512275072e+00 1.907450033915004395e-01
0.000000000000000000e+00 1.531424879069828993e-01 2.907913789659545944e+00 2.259433296858137208e+00 3.366813695703497089e+00 1.311226848411636681e+01 1.182947915042755316e+00
0.000000000000000000e+00 1.966180742745989307e-01 2.936414286237970739e+00 2.259215919975900544e+00 6.562996844605774704e+00 1.111480141677769673e+01 1.761923285307735454e-01
0.000000000000000000e+00 1.096907947946064027e-01 1.848607366055588175e+00 2.087952266155154391e+00 4.593775873905125096e+00 9.614936840847255084e+00 1.907374579547118643e-01
0.000000000000000000e+00 1.315768893189687982e-01 2.118991683333930343e-01 3.221754597282671662e-01 4.338081873347545032e-03 2.102027374710132429e-02 9.773296593172752997e-03
0.000000000000000000e+00 1.096669015393668678e-01 2.049665376025107122e+00 1.847841229365351889e+00 2.104481056698778385e+00 9.005915472291270873e+00 1.898246814443165231e-01
0.000000000000000000e+00 1.231645461951578514e-03 1.530534446819437899e-01 1.283611791384190459e-01 2.259634061083139189e-02 4.308500264579965405e-03 1.838871332077422066e-02
0.000000000000000000e+00 1.314046947231758966e-01 3.526816373266629112e-01 7.167951789611658464e-01 4.733181381869389637e-01 5.200042915380497233e-01 1.870081446700284184e-03
0.000000000000000000e+00 1.314046947231758966e-01 1.320561111655391473e+00 1.583455596851991221e+00 5.893943635030171047e-01 7.635890544545387293e-01 1.644040499698960489e-01
0.000000000000000000e+00 1.531424879069828993e-01 2.993406067352958111e+00 2.134781046052074416e+00 3.159249730517495358e+00 1.256699622043380593e+01 6.796150438730441667e-01
0.000000000000000000e+00 1.531424879069828993e-01 2.071936811160478786e+00 1.751557841066402110e+00 1.463303517760410566e+00 2.309678170132531516e+00 2.039302912260338108e+00
0.000000000000000000e+00 1.748566191151064431e-01 1.591402279254776342e-01 1.638064902029960912e-01 1.322408895611534574e-01 1.422743995206998402e-01 4.931397475760402119e-04
0.000000000000000000e+00 1.531188259312973865e-01 1.320562068507793008e+00 1.473909007304862406e+00 6.373450251948855616e-01 2.647399393904806830e-01 6.547991532274656523e-02
0.000000000000000000e+00 1.231645461951578514e-03 1.092801686515678522e-03 6.829898244972310017e-02 3.788006007054982912e-03 5.198387125607894371e-03 9.827177627345802784e-04
0.000000000000000000e+00 2.271572880413281342e-02 1.095790831903050572e-01 2.151626451821350983e-01 6.232412049963847837e-03 2.197495392356062921e-02 8.153893233505828770e-04
0.000000000000000000e+00 1.314046947231758966e-01 1.320561111655391473e+00 1.546975175949007131e+00 5.413022311984777568e-01 8.882454934736300212e-01 4.080407901977321262e-03
0.000000000000000000e+00 1.531424879069828993e-01 1.591066993133186114e-01 2.792454045872490020e-01 3.480778749501263203e-01 2.801258879712716365e-01 8.637913106333718191e-04
0.000000000000000000e+00 1.314046947231758966e-01 1.478941389272819817e+00 2.317663070312228069e-01 8.846875002108438579e-01 5.893943635030171047e-01 6.555543214940087737e-02
0.000000000000000000e+00 4.445352198794184223e-02 2.183275713947352425e+00 1.743810417983186367e+00 3.989597615914032946e+00 6.515481817499853001e+00 9.243688593854996333e-03
0.000000000000000000e+00 1.096669015393668678e-01 3.021900384829226294e+00 2.332214123360225599e+00 2.517404997716004900e+00 9.434850006990100013e+00 1.897996134753888731e-01
0.000000000000000000e+00 1.202271164499381763e-03 2.264656660080180059e-02 1.558803378600379097e-01 5.568797467372818728e-03 2.695806696682153877e-02 9.921042852274637724e-04
0.000000000000000000e+00 1.748802810907919281e-01 2.646945020842121910e-01 8.128195142973770881e-01 4.733554356262320573e-01 5.563637120839955985e-01 1.871330391066983742e-03
0.000000000000000000e+00 1.202271164499381763e-03 1.117243355909501492e-03 4.607816310777060331e-02 2.724073678260445497e-02 2.708215140885293290e-02 9.842986910796175642e-04
0.000000000000000000e+00 1.231645461951578514e-03 1.530534446819437899e-01 1.291761847591068602e-01 2.330777535251677898e-02 2.190630888873911983e-02 7.920872968706603456e-04
0.000000000000000000e+00 6.619131517175087798e-02 2.071931923686961330e+00 1.840011425923629762e+00 4.074894940196752025e+00 1.696173596008576112e+01 4.393422209039434811e-01
0.000000000000000000e+00 1.314285879784154176e-01 1.461343580648661433e+00 2.231027343100972615e+00 3.866934879212780896e+00 6.515564389227981756e+00 9.247776824424710010e-03
0.000000000000000000e+00 1.096432395636813828e-01 4.342671987199980599e+00 2.184619843404370876e+00 2.641278116122526942e+00 1.910202729629080309e+01 1.299222085260819948e-01
0.000000000000000000e+00 1.382847409626304213e-03 1.117243355909501492e-03 1.558732042803853690e-01 2.662000472784216074e-02 2.695806696682153877e-02 9.921042852274637724e-04
0.000000000000000000e+00 1.314046947231758966e-01 1.320561111655391473e+00 1.583455596851991221e+00 5.894722308678449485e-01 7.635890544545387293e-01 2.445658710038573214e-01
0.000000000000000000e+00 1.413966692202806583e-03 1.092801686515678522e-03 1.146935840982097193e-01 7.370613448243547132e-03 5.207297949385849938e-03 9.858730357398864854e-04
0.000000000000000000e+00 1.965944122989134180e-01 1.871518155874718925e+00 2.087012324520116646e+00 4.178506979242047947e+00 1.033759745343769865e+01 1.907253509393875002e-01
0.000000000000000000e+00 2.183558674584079595e-01 1.982864375022069803e+00 1.798588981527673214e+00 4.282313668934214057e+00 4.688966062056850070e+00 1.745232187576312155e-01
0.000000000000000000e+00 1.531424879069828993e-01 4.160273861869936418e+00 5.424033871064758650e+00 3.041755679955020053e+00 1.946350811104437284e+01 2.566876731708267467e+00
0.000000000000000000e+00 2.271572880413281342e-02 3.269570150283891974e-01 3.224618396908430773e-01 2.464886046092654992e-01 2.317039901223946763e-01 6.982353472800680028e-02
0.000000000000000000e+00 1.202271164499381763e-03 1.191408516840293356e-03 2.210865838318104570e-01 2.336569848087667600e-02 2.198212558311531117e-02 8.465830012873836472e-04
0.000000000000000000e+00 1.749041743460314491e-01 1.415098417151014476e-01 2.792013751139106326e-01 2.261683482556706981e-01 2.182696316994148233e-01 1.809676461338689119e-02
0.000000000000000000e+00 1.531424879069828993e-01 3.174869769307460676e-01 6.630589410743775725e-01 2.457919797319128297e-01 5.772518873737322309e-01 1.816453088200613254e-03
0.000000000000000000e+00 1.531424879069828993e-01 2.071936811160478786e+00 1.743651108074803391e+00 3.678177546837546608e+00 1.293104157993319170e+01 3.724178585408043363e-01
0.000000000000000000e+00 2.618314538260260171e-01 1.338164573790242562e+00 5.246353892819576314e-01 6.660357924378801364e-01 8.882191541010738822e-01 1.278782403945043500e-01
0.000000000000000000e+00 1.382847409626304213e-03 1.092801686515678522e-03 1.563075859375447352e-01 2.913885776105869935e-02 5.293468435214992475e-03 9.665598904558357759e-04
0.000000000000000000e+00 1.202271164499381763e-03 2.262668557909372838e-02 2.018965669154152986e-01 5.876941508272469361e-02 4.272421983186964339e-03 8.081152989078466999e-04
0.000000000000000000e+00 8.805091794206650058e-02 2.005126138290932669e+00 3.194270152234580440e+00 2.581865136737122413e+01 6.040377948225104099e+00 3.793411694650509758e-01
0.000000000000000000e+00 1.382847409626304213e-03 1.530534446819437899e-01 1.280177884082490392e-01 5.709966728357624560e-03 2.172477786433307800e-02 8.304138438961182478e-04
0.000000000000000000e+00 1.531424879069828993e-01 3.878782114273810477e-01 9.546619537488162388e-01 1.359125204953979704e+00 7.337005379104014624e-01 3.155745279944628841e-03
0.000000000000000000e+00 1.966180742745989307e-01 2.936414286237970739e+00 2.134781046052074416e+00 2.848641795665662890e+00 1.601614597262468465e+01 2.953138119954463181e-01
0.000000000000000000e+00 1.313810327474904116e-01 1.478941389272819817e+00 2.135028490788728028e+00 4.178535361599869269e+00 1.051827394721677322e+01 1.907294923798808772e-01
0.000000000000000000e+00 1.096669015393668678e-01 2.027396369932216391e+00 1.846606726121232445e+00 4.282342051292034490e+00 4.521523398164565499e+00 8.514043539148303044e-03
0.000000000000000000e+00 2.273962205937232403e-02 1.095790831903050572e-01 1.992971253521072239e-01 9.179390039268425783e-02 9.009538378620386700e-02 1.511451700052081695e-02
0.000000000000000000e+00 1.531424879069828993e-01 1.338159877131951170e+00 1.509397916384419780e+00 1.386877815330185948e+00 8.217576741470031809e-01 2.129120744352345218e-01
0.000000000000000000e+00 1.202271164499381763e-03 1.313156514981368428e-01 3.752752115936953681e-01 1.926154609922009486e-02 3.609921490005084995e-03 6.767888813606309610e-04
0.000000000000000000e+00 1.313810327474904116e-01 1.478941389272819817e+00 2.135028490788728028e+00 4.178535361599869269e+00 1.051827394721677322e+01 1.907294923798808772e-01
0.000000000000000000e+00 1.531424879069828993e-01 2.907913789659545944e+00 2.259433296858137208e+00 3.366813695703497089e+00 1.311226848411636681e+01 1.182947915042755316e+00
0.000000000000000000e+00 8.795300161079736001e-02 2.964903964711511630e+00 2.321859300583658747e+00 3.367218586981655104e+00 1.184178151788549727e+01 2.189692021688285806e+00
0.000000000000000000e+00 1.231645461951578514e-03 1.313156514981368428e-01 2.516349416869158584e-01 4.951341123641579342e-03 3.494271440195972737e-03 1.508928619807181105e-02
0.000000000000000000e+00 1.231645461951578514e-03 1.313156514981368428e-01 1.799670279338184409e-01 5.942429601316290104e-03 2.185002768480247964e-02 7.932645432083070165e-04
0.000000000000000000e+00 1.231645461951578514e-03 1.092801686515678522e-03 1.352962935727502480e-01 7.450030869641289383e-03 5.211675321761878241e-03 9.874407821479733605e-04
0.000000000000000000e+00 1.531424879069828993e-01 2.119001251857944579e-01 8.848790347497332842e-01 4.511239873687217794e-01 3.205304134615903910e-01 7.478113927714866160e-02
0.000000000000000000e+00 2.271572880413281342e-02 1.095790831903050572e-01 1.799228349879516409e-01 2.359306288830088916e-02 4.255297128275456996e-03 8.129865644366208403e-04
0.000000000000000000e+00 1.313810327474904116e-01 1.960590569854814946e+00 1.895678985219327650e+00 2.024469243782515804e+00 3.285508622895998432e+00 1.424417467076774524e-01
0.000000000000000000e+00 1.382847409626304213e-03 1.117243355909501492e-03 1.781454419422553725e-01 7.416246581729970221e-03 5.293468435214992475e-03 9.665598904558357759e-04
0.000000000000000000e+00 1.314046947231758966e-01 4.014350194694080720e+00 3.547561644006051118e+00 3.176487763764303640e+00 1.637867351333583699e+01 3.346109849221889032e+00
0.000000000000000000e+00 1.231645461951578514e-03 1.092801686515678522e-03 4.611664428218108930e-02 2.605631584945881235e-02 5.052084324256429955e-03 9.827177627345802784e-04
0.000000000000000000e+00 4.445352198794184223e-02 2.183275713947352425e+00 1.743810417983186367e+00 3.989597615914032946e+00 6.515481817499853001e+00 9.243688593854996333e-03
0.000000000000000000e+00 1.231645461951578514e-03 1.092801686515678522e-03 2.212284618301448014e-01 2.346949125382040424e-02 4.325141263884754554e-03 8.056469898885567889e-04
0.000000000000000000e+00 1.202271164499381763e-03 1.313156514981368428e-01 3.752752115936953681e-01 1.926154609922009486e-02 1.803007634898302555e-02 6.777254339432608890e-04
0.000000000000000000e+00 1.314046947231758966e-01 3.526816373266629112e-01 1.058072300902762164e+00 1.213203392691576621e+00 6.856080056755083918e-01 6.547233550932884949e-02
0.000000000000000000e+00 1.173181201448080142e-03 1.092801686515678522e-03 1.558732042803853690e-01 3.710852884346688054e-03 2.691717736310705530e-02 1.039259912438251100e-03
0.000000000000000000e+00 1.314046947231758966e-01 1.355756728903708908e+00 1.510283840492230967e+00 1.449197515253819457e+00 4.209349996186737553e-01 4.086368689758715367e-03
0.000000000000000000e+00 1.231645461951578514e-03 1.747912378657528187e-01 1.288778148204277607e-01 6.142255873561433370e-03 4.249098493144229209e-03 8.105618565438209040e-04
0.000000000000000000e+00 1.313810327474904116e-01 1.426147963400343999e+00 1.363557016331229388e+00 1.449298408333904664e+00 1.686969348191791784e+00 1.092510046392364542e-01
0.000000000000000000e+00 1.750271630484636354e-01 1.415424193013201382e-01 1.493321686308533014e-01 1.322373382243064999e-01 1.609267594302901949e-01 4.931397475760402119e-04
0.000000000000000000e+00 1.748802810907919281e-01 1.415098417151014476e-01 2.358530977847182464e-01 1.204769458468504806e-01 1.516049839204775262e-01 4.833152621613513332e-04
0.000000000000000000e+00 1.531188259312973865e-01 2.470957424341110875e-01 1.178592733523304625e+00 5.768222231941493305e-01 1.552432602063378020e-01 7.478363179932359661e-02
0.000000000000000000e+00 1.314285879784154176e-01 1.478941389272819817e+00 2.087439884330131168e+00 4.385493925224183798e+00 5.353101004301350940e+00 1.898402656015402146e-01
0.000000000000000000e+00 1.231645461951578514e-03 1.313156514981368428e-01 1.799670279338184409e-01 2.354023822547378353e-02 2.197188514786686808e-02 8.141906937527806009e-04
0.000000000000000000e+00 1.382847409626304213e-03 1.530534446819437899e-01 1.285110301482232931e-01 3.827994005297318935e-03 2.184374408429128403e-02 8.105618565438209040e-04
0.000000000000000000e+00 1.313810327474904116e-01 1.443745772024502383e+00 1.327096632954950284e+00 1.511618108257535065e+00 1.062215769815563426e+00 1.092481337547700770e-01
0.000000000000000000e+00 1.531424879069828993e-01 2.470957424341110875e-01 1.195886933493223836e+00 6.055107898050569037e-01 7.335037233580334881e-01 2.484062573096689017e-03
0.000000000000000000e+00 1.531424879069828993e-01 2.646935510582703044e-01 1.178604807453786485e+00 6.341986766036771250e-01 7.337374286664305467e-01 5.052128353965768676e-02
0.000000000000000000e+00 1.531424879069828993e-01 2.470957424341110875e-01 1.178698952071647765e+00 5.486115406251979021e-01 1.022095642829641271e+00 2.488238302929901037e-03
0.000000000000000000e+00 1.966180742745989307e-01 2.936414286237970739e+00 2.196998560084729935e+00 6.698954104163042267e+00 1.147779769284365692e+01 1.763959246285395355e-01
0.000000000000000000e+00 8.795300161079736001e-02 4.196748295931260309e+00 3.146861794926654188e+00 1.292130217571756390e+00 1.892024639657234530e+01 7.483284851776321744e-01
0.000000000000000000e+00 1.966180742745989307e-01 2.005132192432059757e+00 1.798588981527673214e+00 4.282313668934214057e+00 4.688966062056850070e+00 1.745232187576312155e-01
0.000000000000000000e+00 1.531424879069828993e-01 1.591066993133186114e-01 9.135565998279062683e-01 4.733926810450995726e-01 1.497823018076263057e-01 1.451563535376720936e-03
0.000000000000000000e+00 1.748802810907919281e-01 3.174879279566880097e-01 5.094050971743361300e-01 3.660979117537483396e-01 9.463404581167279839e-02 1.124485455694669437e-03
0.000000000000000000e+00 1.531424879069828993e-01 3.878782114273810477e-01 1.589364664678136752e+00 1.743810417983186367e+00 3.274507435992108917e-01 3.163064943470207061e-03
0.000000000000000000e+00 1.313810327474904116e-01 1.390952346152026564e+00 1.363516750751513795e+00 1.511631169590903490e+00 1.790793609717682644e+00 1.092510046392364542e-01
0.000000000000000000e+00 1.231645461951578514e-03 1.530534446819437899e-01 1.291761847591068602e-01 2.330777535251677898e-02 2.190630888873911983e-02 7.920872968706603456e-04
0.000000000000000000e+00 1.531424879069828993e-01 2.071936811160478786e+00 1.695792733064670044e+00 3.470511761295087538e+00 1.347566439265159133e+01 1.906832366591174888e-01
0.000000000000000000e+00 1.096669015393668678e-01 3.021900384829226294e+00 2.332214123360225599e+00 2.517404997716004900e+00 9.796020949921468102e+00 9.253994129781716385e-03
0.000000000000000000e+00 1.314046947231758966e-01 1.390952346152026564e+00 1.400886421493871437e+00 1.511523732077509230e+00 1.062355933569530508e+00 5.439936767026344600e-03
0.000000000000000000e+00 1.096669015393668678e-01 2.094203388210887251e+00 1.799801302880769560e+00 1.623627159828329169e+00 7.179946320871992249e+00 8.516664572416869292e-03
0.000000000000000000e+00 1.314046947231758966e-01 1.767035510850763769e-01 1.780414266405053736e-01 7.471150228106757107e-02 1.472231467476284826e-02 5.567727538388974207e-04
0.000000000000000000e+00 1.750271630484636354e-01 1.415098417151014476e-01 2.790261009934151271e-01 2.261050829103903870e-01 1.267456327511555861e-02 4.965248145849210327e-04
0.000000000000000000e+00 1.748802810907919281e-01 1.415098417151014476e-01 2.788091635068114527e-01 2.260258146974693794e-01 2.451330385282266267e-01 1.807745464507120106e-02
0.000000000000000000e+00 1.966419675298383962e-01 4.160277792741513991e+00 5.320544269626140022e+00 3.041811535188247539e+00 1.891895733608996011e+01 2.566889439775365656e+00
0.000000000000000000e+00 1.382847409626304213e-03 1.117243355909501492e-03 1.796134809243378483e-01 7.032501413631197032e-03 5.293468435214992475e-03 9.665598904558357759e-04
0.000000000000000000e+00 2.273962205937232403e-02 1.530546695579210748e-01 1.818778437249625735e-01 6.286084234077011189e-03 1.189965425771008223e-01 6.749019523598456024e-04
0.000000000000000000e+00 1.748802810907919281e-01 2.998901193325288483e-01 5.328990009732053057e-01 2.454107384938900849e-01 9.459687516097103899e-02 6.789827197983933083e-02
0.000000000000000000e+00 1.314046947231758966e-01 1.943013597092339007e-01 9.157408391946271486e-02 3.368882056477748299e-02 1.556181697622012750e-01 5.589711665076010135e-04
0.000000000000000000e+00 4.445352198794184223e-02 2.094199689575792167e+00 1.791914263999276224e+00 4.178715571558880626e+00 1.696173596008576112e+01 4.393422209039434811e-01
0.000000000000000000e+00 2.271572880413281342e-02 1.095790831903050572e-01 1.995551051446217417e-01 9.161787066748888764e-02 1.801894732638440258e-02 6.729966626633273469e-04
0.000000000000000000e+00 1.749041743460314491e-01 1.415260848538732463e-01 2.788956275732827894e-01 3.582423525420852517e-01 3.319082621698262736e-01 6.792670050562704676e-02
0.000000000000000000e+00 1.096669015393668678e-01 3.021900384829226294e+00 2.259424900175514228e+00 3.055492213844206439e+00 1.783126662016859143e+01 5.009213152579623518e-01
0.000000000000000000e+00 1.096669015393668678e-01 2.993402958931421498e+00 2.384068583615418291e+00 2.952549104329161178e+00 1.801276475820157330e+01 5.009151475912893003e-01
0.000000000000000000e+00 2.273962205937232403e-02 1.313367809408686193e-01 1.642679918475160039e-01 5.910816964347899438e-02 1.044329378420065652e-01 6.749019523598456024e-04
0.000000000000000000e+00 8.790544637987234011e-02 2.027395144383823400e+00 1.799513278876496702e+00 2.184803425400636545e+00 9.599272337917214015e-01 1.092573361509123764e-01
0.000000000000000000e+00 1.748802810907919281e-01 1.426149871278686421e+00 2.094839923960046812e-01 8.483911845500137217e-01 1.200038939631392187e+00 1.278010531251210502e-01
0.000000000000000000e+00 1.231645461951578514e-03 1.092801686515678522e-03 2.242954554875892792e-01 2.352158230292684948e-02 4.057876913801977854e-03 8.056469898885567889e-04
0.000000000000000000e+00 1.748566191151064431e-01 1.415098417151014476e-01 1.348245524036384424e-01 1.673690384575287904e-01 4.895382718537797523e-02 9.763528552549060810e-03
0.000000000000000000e+00 1.748802810907919281e-01 1.591076503392589714e-01 2.648357587004154801e-01 2.168883273592830674e-01 4.325315464472449106e-02 1.067438587648130918e-02
0.000000000000000000e+00 1.750271630484636354e-01 1.415098417151014476e-01 1.348245524036384424e-01 1.202858825266505532e-01 1.422224157380969078e-01 4.394079083274492290e-04
0.000000000000000000e+00 1.315768893189687982e-01 1.982859575947705899e+00 3.131948875609567473e+00 2.563715322933824226e+01 6.039895940587716616e+00 4.084594539080538267e-01
0.000000000000000000e+00 1.231645461951578514e-03 2.264656660080180059e-02 1.558803378600379097e-01 2.730659065117979969e-02 2.696228797345749661e-02 1.042517120880899874e-03
0.000000000000000000e+00 1.382847409626304213e-03 1.530534446819437899e-01 1.292804540835563731e-01 5.814177204035625435e-03 2.196241556497293204e-02 8.105618565438209040e-04
0.000000000000000000e+00 1.382847409626304213e-03 1.092801686515678522e-03 2.445395828351325518e-01 5.727682063330573857e-03 2.198212558311531117e-02 8.068838572076148874e-04
0.000000000000000000e+00 1.231645461951578514e-03 1.117243355909501492e-03 6.777779265655489715e-02 3.893516867745567319e-03 5.198387125607894371e-03 9.827177627345802784e-04
0.000000000000000000e+00 1.531424879069828993e-01 3.526825941790643903e-01 7.168465711387287387e-01 8.907229296106362604e-01 1.022323837938378777e+00 1.901085226970920528e-01
0.000000000000000000e+00 1.231645461951578514e-03 2.262668557909372838e-02 1.578292052190197192e-01 2.928314720681561220e-02 9.218886097999696994e-02 7.897167544578481777e-04
0.000000000000000000e+00 1.531424879069828993e-01 2.936411215557349852e+00 2.259429183768154381e+00 3.055443040825335022e+00 1.311236104090901300e+01 1.015174031615813099e+00
0.000000000000000000e+00 2.273962205937232403e-02 1.095989877570616305e-01 2.522449683786250341e-01 9.164804324407516134e-02 3.629905414025764304e-03 1.507866179621285795e-02
0.000000000000000000e+00 1.531424879069828993e-01 2.071936811160478786e+00 1.743810417983186367e+00 3.678177546837546608e+00 1.274954344190020450e+01 7.354193530772332732e-01
0.000000000000000000e+00 1.965944122989134180e-01 1.871518155874718925e+00 2.087012324520116646e+00 4.282313668934214057e+00 1.033755114030638289e+01 1.907211031352941677e-01
0.000000000000000000e+00 1.202271164499381763e-03 1.092801686515678522e-03 6.911185316263299128e-02 6.221581829078203126e-03 5.198387125607894371e-03 9.827177627345802784e-04
0.000000000000000000e+00 1.231645461951578514e-03 1.092801686515678522e-03 2.223016240179449265e-01 6.432697461623393398e-03 2.168215051496578949e-02 8.056469898885567889e-04
0.000000000000000000e+00 1.314046947231758966e-01 2.027397588133485584e+00 1.751473080392277337e+00 1.944307422748558611e+00 1.894228967655606111e+00 2.779267999665359090e-01
0.000000000000000000e+00 1.531663811622223925e-01 2.294979338099536192e-01 1.195874712850914623e+00 5.486591558561025872e-01 5.198694740904323819e-01 2.478216853708833760e-03
0.000000000000000000e+00 6.619131517175087798e-02 1.892080552636471458e+00 2.087781068365223369e+00 4.282522261251040518e+00 6.680991426500551000e+00 9.478567258323465292e-03
0.000000000000000000e+00 8.792910835555783899e-02 2.071933156569603529e+00 1.840009949781852949e+00 4.282328006106584262e+00 1.677750485040727924e+01 5.835728850682766478e-01
0.000000000000000000e+00 1.231645461951578514e-03 1.092801686515678522e-03 2.449435336680224617e-01 2.337730538227385940e-02 4.239482134370281541e-03 8.068838572076148874e-04
0.000000000000000000e+00 6.619131517175087798e-02 1.960586893222511895e+00 2.039884079710552633e+00 4.386162494520799982e+00 9.434988682363401935e+00 9.250481612573807286e-03
0.000000000000000000e+00 1.314046947231758966e-01 2.094204606412155556e+00 1.654841658145942196e+00 2.184525104366781267e+00 1.063851938623247895e+00 1.426088734573077443e-01
0.000000000000000000e+00 1.382847409626304213e-03 1.092801686515678522e-03 1.560630258978650264e-01 5.158725277085680211e-03 5.216000613319902827e-03 9.890019156728062279e-04
0.000000000000000000e+00 1.531424879069828993e-01 3.350847855549052290e-01 7.034053677443909969e-01 4.417645111815225907e-03 4.955867394627629374e-01 1.410472989109290204e-03
0.000000000000000000e+00 1.477098666091391068e-03 1.092801686515678522e-03 6.911185316263299128e-02 4.630410976301586184e-03 5.344358225045951066e-03 9.827177627345802784e-04
0.000000000000000000e+00 1.096669015393668678e-01 2.094203388210887251e+00 1.791909445943494772e+00 3.885790926221873054e+00 1.184113584867776048e+01 7.354343316298201927e-01
0.000000000000000000e+00 1.531424879069828993e-01 2.119001251857944579e-01 8.560830645651414939e-01 4.510113648216330096e-01 7.753698871702708884e-01 2.473626040896404355e-03
0.000000000000000000e+00 1.748802810907919281e-01 2.998901193325288483e-01 5.328990009732053057e-01 2.457895921410067352e-01 9.459687516097103899e-02 6.789827197983933083e-02
0.000000000000000000e+00 1.382847409626304213e-03 1.092801686515678522e-03 2.663915149032956009e-01 2.297757526662784142e-02 4.242729995839729026e-03 8.081152989078466999e-04
0.000000000000000000e+00 1.314285879784154176e-01 2.005128582040595298e+00 3.256586530868990970e+00 2.690668815493863875e+01 5.167075756779209605e+00 2.505011413728186823e-02
0.000000000000000000e+00 1.531424879069828993e-01 4.014352178258004500e+00 3.467392992158095932e+00 3.311978160367407664e+00 1.637862368591731155e+01 3.222400184374315302e+00
0.000000000000000000e+00 1.314046947231758966e-01 4.014350194694080720e+00 3.547692416742973531e+00 3.311978160367407664e+00 1.619685466434025045e+01 3.222406264262054787e+00
0.000000000000000000e+00 1.096669015393668678e-01 2.964905533033618035e+00 2.259433296858137208e+00 2.951991828213003544e+00 1.583464783459170100e+01 1.761727357228667079e-01
0.000000000000000000e+00 1.967398838611075229e-01 1.415107869042801225e-01 2.789488124149300807e-01 2.167789541997694469e-01 6.353135341887639065e-02 5.115786683177424559e-04
0.000000000000000000e+00 1.967398838611075229e-01 1.239129782801226126e-01 2.789390183952628610e-01 1.887957795692465357e-01 6.352831239023515320e-02 5.093442576515059324e-04
0.000000000000000000e+00 1.531424879069828993e-01 1.591066993133186114e-01 9.281083437679009673e-01 4.511239873687217794e-01 3.205304134615903910e-01 3.834666830954087252e-02
0.000000000000000000e+00 1.748802810907919281e-01 3.174879279566880097e-01 5.094050971743361300e-01 3.664768787979104103e-01 9.463404581167279839e-02 1.124485455694669437e-03
0.000000000000000000e+00 1.314046947231758966e-01 1.373354537527868180e+00 1.437601434925137367e+00 2.585567327092078926e+00 1.998238149570370270e+00 6.944986518950493903e-03
0.000000000000000000e+00 1.314046947231758966e-01 2.094204606412155556e+00 1.702420952039702007e+00 2.104352583553996681e+00 1.063851938623247895e+00 2.780992700604184020e-01
0.000000000000000000e+00 2.273962205937232403e-02 1.095790831903050572e-01 1.995551051446217417e-01 9.161787066748888764e-02 1.801894732638440258e-02 6.895037125115359390e-04
0.000000000000000000e+00 1.748802810907919281e-01 3.174879279566880097e-01 1.796095575684704682e-01 2.769167538343947910e-01 5.709622923403038369e-02 1.408001052997806535e-02
0.000000000000000000e+00 1.314046947231758966e-01 1.943013597092339007e-01 9.157408391946271486e-02 3.368882056477748299e-02 1.556181697622012750e-01 5.589711665076010135e-04
0.000000000000000000e+00 1.750271630484636354e-01 1.415424193013201382e-01 1.492447072626163773e-01 1.204666678011878100e-01 1.515509439440993478e-01 9.767777641185575177e-03
0.000000000000000000e+00 1.750271630484636354e-01 1.415098417151014476e-01 2.934462558523917575e-01 2.167789541997694469e-01 3.303792064300014458e-02 4.854682611133106823e-04
0.000000000000000000e+00 1.531424879069828993e-01 1.591066993133186114e-01 8.846726050704725175e-01 7.482343088721108426e-01 4.833984165072375272e-01 1.826422377778878997e-03
0.000000000000000000e+00 1.382847409626304213e-03 1.092801686515678522e-03 4.699964813076179526e-02 5.108250366827438160e-03 5.157318329268230014e-03 9.573837875583785569e-04
0.000000000000000000e+00 1.314046947231758966e-01 1.461343580648661433e+00 1.291920869785296411e+00 4.932000396543151921e-01 8.882454934736300212e-01 4.080407901977321262e-03
0.000000000000000000e+00 1.750271630484636354e-01 1.415098417151014476e-01 2.788091635068114527e-01 2.260258146974693794e-01 2.182696316994148233e-01 1.807581869907841018e-02
0.000000000000000000e+00 1.382847409626304213e-03 1.313355325198448942e-01 4.106769681736736621e-01 1.923558518521183494e-02 2.945116844056967342e-03 5.395896081832519562e-04
0.000000000000000000e+00 1.531424879069828993e-01 2.071936811160478786e+00 1.751557841066402110e+00 1.944274443964166599e+00 2.472300527940752612e+00 2.779294770914474966e-01
0.000000000000000000e+00 1.314046947231758966e-01 2.118991683333930343e-01 2.789149951513347214e-01 9.669793260682645053e-02 2.102737428453340870e-02 9.777174397850424067e-03
0.000000000000000000e+00 1.096669015393668678e-01 2.964905533033618035e+00 6.981743544045052374e+00 2.770941362224075721e+00 1.492599829936437672e+01 2.974967812505753706e+00
0.000000000000000000e+00 1.531424879069828993e-01 2.964908641455155092e+00 2.259220203190583032e+00 3.159298903536371661e+00 1.238627593198443755e+01 1.015184416396887501e+00
0.000000000000000000e+00 1.531424879069828993e-01 2.964908641455155092e+00 2.259424900175514228e+00 3.159298903536371661e+00 1.238627593198443755e+01 8.473997301349618372e-01
0.000000000000000000e+00 6.619131517175087798e-02 2.094200929779852061e+00 1.751473080392277337e+00 9.504733460356045160e-01 5.860080741690410377e+00 8.737763498787055882e-03
0.000000000000000000e+00 1.531424879069828993e-01 2.646935510582703044e-01 1.178604807453786485e+00 6.341986766036771250e-01 7.337374286664305467e-01 2.424121615304425034e-03
0.000000000000000000e+00 1.314046947231758966e-01 1.767035510850763769e-01 7.695306697924855222e-01 6.960389633951290511e-01 7.754276107414299624e-01 5.057386808013107637e-02
0.000000000000000000e+00 1.315515766808476317e-01 2.027397588133485584e+00 4.269106146312443784e+00 2.418501002609474781e+01 6.250071434434028461e+00 4.933488112742878684e-01
0.000000000000000000e+00 1.749041743460314491e-01 1.767054589634180772e-01 8.559842057118416392e-01 4.733172699810399564e-01 7.155430731173797673e-03 1.515812835846720458e-03
0.000000000000000000e+00 1.231645461951578514e-03 1.092801686515678522e-03 1.554215913145764183e-01 7.081634318621301064e-03 5.216000613319902827e-03 9.890019156728062279e-04
0.000000000000000000e+00 1.531663811622223925e-01 2.993406067352958111e+00 2.134781046052074416e+00 3.159249730517495358e+00 1.256782061721211541e+01 1.762609850872829953e-01
0.000000000000000000e+00 2.400699986665314756e-01 1.982865556292517706e+00 1.703635458483856002e+00 1.864123842807661857e+00 1.686594974073928999e+00 1.424353831220611655e-01
0.000000000000000000e+00 1.202271164499381763e-03 1.117243355909501492e-03 1.124918772654780047e-01 7.242993105994280714e-03 2.694509113319487961e-02 9.874407821479733605e-04
0.000000000000000000e+00 1.966180742745989307e-01 1.239129782801226126e-01 1.492447072626163773e-01 1.321977127280859754e-01 3.074570066075019703e-01 6.449687809397322558e-04
0.000000000000000000e+00 1.531424879069828993e-01 2.071936811160478786e+00 1.750518113964053102e+00 1.864112622930205188e+00 1.894187441021190299e+00 4.134190454710017226e-01
0.000000000000000000e+00 1.314046947231758966e-01 2.027397588133485584e+00 1.751473080392277337e+00 1.944307422748558611e+00 1.894228967655606111e+00 2.779267999665359090e-01
0.000000000000000000e+00 1.531424879069828993e-01 1.338159877131951170e+00 1.328137730260819493e+00 4.932238546510192001e-01 9.506047307761498200e-01 4.073894113416432275e-03
0.000000000000000000e+00 1.531424879069828993e-01 2.005129792881809259e+00 1.894730449171997844e+00 2.024436264998123569e+00 2.607762849209863898e+00 2.779309399821651705e-01
0.000000000000000000e+00 1.202271164499381763e-03 1.092801686515678522e-03 2.025576623037802781e-01 7.496038053120375293e-03 5.224494789648465205e-03 9.921042852274637724e-04
0.000000000000000000e+00 1.748802810907919281e-01 1.591076503392589714e-01 2.647475742158403311e-01 3.481467067812148986e-01 3.147244634683107889e-01 1.090288573823022539e-03
0.000000000000000000e+00 1.096907947946064027e-01 2.094203388210887251e+00 2.891316791585605284e+00 1.222706815408161063e+00 4.504866588561787566e+00 8.519617637731947274e-03
0.000000000000000000e+00 1.231645461951578514e-03 2.262668557909372838e-02 2.452519527187681514e-01 5.843153200754813183e-03 2.183729075852777410e-02 8.081152989078466999e-04
0.000000000000000000e+00 2.273962205937232403e-02 1.095790831903050572e-01 2.502701197764686802e-01 1.937149598261816291e-02 3.350066939388660677e-03 6.701044868189802352e-04
0.000000000000000000e+00 1.231645461951578514e-03 2.262668557909372838e-02 1.994029922135690247e-01 2.346949125382040424e-02 4.265863071003076629e-03 8.056469898885567889e-04
0.000000000000000000e+00 1.096669015393668678e-01 2.049665376025107122e+00 1.888027351691140998e+00 3.678577778220104566e+00 1.256804530386722618e+01 5.539263203755572240e-01
0.000000000000000000e+00 1.750271630484636354e-01 1.415098417151014476e-01 2.790261009934151271e-01 2.261050829103903870e-01 2.287344305104171624e-02 1.064941275448908625e-02
0.000000000000000000e+00 1.749526608443396081e-01 3.174879279566880097e-01 1.804170335361799105e-01 2.769684595681994876e-01 7.059578637982051597e-02 6.489608099407782578e-04
0.000000000000000000e+00 1.314046947231758966e-01 3.350838287025037499e-01 1.570894654598508078e-01 4.136242042277029143e-03 1.470848165565284173e-02 5.460723790034743147e-04
0.000000000000000000e+00 2.618314538260260171e-01 1.355762382414401834e+00 1.255310550728649721e+00 6.372619666175834974e-01 7.635890544545387293e-01 8.434585391173954338e-02
0.000000000000000000e+00 1.966180742745989307e-01 2.936414286237970739e+00 2.259318260008360557e+00 6.563529212665798696e+00 1.147779769284365692e+01 1.763959246285395355e-01
0.000000000000000000e+00 1.966180742745989307e-01 2.936414286237970739e+00 2.197202769098497210e+00 2.848692227550916112e+00 1.601610150468451366e+01 1.512490764305651769e-01
0.000000000000000000e+00 1.531424879069828993e-01 2.005129792881809259e+00 1.894730449171997844e+00 2.024436264998123569e+00 2.607762849209863898e+00 2.779309399821651705e-01
0.000000000000000000e+00 1.096432395636813828e-01 2.071934382117996964e+00 1.799424844692329994e+00 4.386134695798749483e+00 7.628769068321124003e+00 9.465982811398215499e-03
0.000000000000000000e+00 1.749041743460314491e-01 1.415098417151014476e-01 3.224618396908430773e-01 2.566702690119262997e-01 2.182731031853729908e-01 3.534124986652972811e-02
0.000000000000000000e+00 1.231645461951578514e-03 2.264656660080180059e-02 1.578873052809284250e-01 7.480731579636950429e-03 9.218545562284420625e-02 7.885234823621367368e-04
0.000000000000000000e+00 1.313810327474904116e-01 2.049666594226375427e+00 1.847348677716228904e+00 1.543465338794371533e+00 1.271429164698963055e+00 1.091208018618695791e-01
0.000000000000000000e+00 1.748566191151064431e-01 1.415098417151014476e-01 1.491576246644640835e-01 1.556199686710008634e-01 5.831271243113924502e-02 4.367445288204517074e-04
0.000000000000000000e+00 1.748802810907919281e-01 2.998901193325288483e-01 1.571261009958209998e-01 2.464369469455784112e-01 2.451356935368009249e-01 8.597851185119392576e-04
0.000000000000000000e+00 1.382847409626304213e-03 1.313355325198448942e-01 3.927707389724231501e-01 1.922662214246393178e-02 1.803219339836851717e-02 5.530324503762597916e-04
0.000000000000000000e+00 1.096669015393668678e-01 2.993402958931421498e+00 2.394039241782204730e+00 2.621211687408170121e+00 9.254220357597020552e+00 1.897996134753888731e-01
0.000000000000000000e+00 1.967902688703918046e-01 1.239129782801226126e-01 1.492447072626163773e-01 1.321778686183549267e-01 1.328658570701310715e-01 9.767257232282049173e-03
0.000000000000000000e+00 1.314046947231758966e-01 3.350838287025037499e-01 1.445894770813132002e-01 1.602806029223805689e-02 2.647919796934880554e-02 1.229764265052877593e-02
0.000000000000000000e+00 1.748802810907919281e-01 3.702813538291638285e-01 1.006385381041031479e+00 1.359125076303508761e+00 2.527920973973811214e-01 2.426797687979298165e-03
0.000000000000000000e+00 1.748802810907919281e-01 4.233236675161522911e+00 2.986497828328645632e+00 4.802432932021181600e+00 7.303340518085076560e+00 1.909493440805813957e-01
0.000000000000000000e+00 1.314046947231758966e-01 2.049666594226375427e+00 1.847695749436802704e+00 1.543465338794371533e+00 1.167622475006797833e+00 1.091196350951090799e-01
0.000000000000000000e+00 2.618314538260260171e-01 1.285371147917766743e+00 1.291702127652391674e+00 1.760922334851630744e+00 1.998207826491714023e+00 1.092561671422847824e-01
0.000000000000000000e+00 1.382847409626304213e-03 1.092801686515678522e-03 2.430220628893683607e-02 6.196218453253135409e-03 5.335105211027355888e-03 9.795362129460328041e-04
0.000000000000000000e+00 1.531188259312973865e-01 1.982860786788918306e+00 1.943833291754214043e+00 2.024436264998123569e+00 3.420915024752601674e+00 7.130604491859239558e-03
0.000000000000000000e+00 1.231645461951578514e-03 2.262668557909372838e-02 2.005193677728443480e-01 2.346949125382040424e-02 2.195255182053998388e-02 8.068838572076148874e-04
0.000000000000000000e+00 1.231645461951578514e-03 1.092801686515678522e-03 6.911185316263299128e-02 3.076633586146924025e-03 5.380775598694032685e-03 9.827177627345802784e-04
0.000000000000000000e+00 1.531188259312973865e-01 3.350847855549052290e-01 7.292145451626390606e-01 3.173981120351405671e-01 2.797402136504376774e-02 1.097782193785699564e-03
0.000000000000000000e+00 2.273962205937232403e-02 1.095790831903050572e-01 2.502701197764686802e-01 1.937149598261816291e-02 3.350066939388660677e-03 6.701044868189802352e-04
0.000000000000000000e+00 1.750271630484636354e-01 1.415424193013201382e-01 1.492447072626163773e-01 1.322175364965164357e-01 1.702067747181213730e-01 4.816646329688135139e-04
0.000000000000000000e+00 1.749041743460314491e-01 2.907915329725804021e+00 2.134789783920890471e+00 3.160366674955860766e+00 1.547188230807374332e+01 3.439640632372445439e-01
0.000000000000000000e+00 1.314046947231758966e-01 2.964907091953680407e+00 3.788083464959987712e+00 1.706895808871621067e+00 2.472805659820778956e+01 1.891388395971822511e+00
0.000000000000000000e+00 1.531424879069828993e-01 1.591066993133186114e-01 9.279330696474056284e-01 7.767808668809060846e-01 4.833911203687203950e-01 2.414145427903672918e-03
0.000000000000000000e+00 1.231645461951578514e-03 1.530534446819437899e-01 2.171652278799009739e-01 2.336390533112371257e-02 1.796317117853321599e-02 6.865325209707215381e-04
0.000000000000000000e+00 1.966180742745989307e-01 1.239292393319138680e-01 1.782602911010664204e-01 1.204503830615671206e-01 1.888625822051141212e-01 4.954104117646626788e-04
0.000000000000000000e+00 1.314046947231758966e-01 3.350838287025037499e-01 6.899223479031894035e-01 4.733167480762485724e-01 3.777175371124315562e-01 3.834536136507810111e-02
0.000000000000000000e+00 1.413966692202806583e-03 1.092801686515678522e-03 1.365504066216242929e-01 3.206313352044532546e-03 5.211675321761878241e-03 1.011589574711929109e-03
0.000000000000000000e+00 2.273962205937232403e-02 1.095790831903050572e-01 2.678679284006261208e-01 1.938111023275019065e-02 3.352376768024703958e-03 6.710730969409653499e-04
0.000000000000000000e+00 1.096669015393668678e-01 3.021900384829226294e+00 2.259424900175514228e+00 3.055492213844206439e+00 1.783126662016859143e+01 5.009213152579623518e-01
0.000000000000000000e+00 1.096669015393668678e-01 3.050397810727029757e+00 2.010141646204810062e+00 3.055748233980466022e+00 1.801262549098748167e+01 4.393024558749671349e-01
0.000000000000000000e+00 1.531424879069828993e-01 3.350847855549052290e-01 6.630683653035421843e-01 2.285513205272398929e-01 6.057493132715371376e-01 1.817748576392126843e-03
0.000000000000000000e+00 1.531424879069828993e-01 1.591066993133186114e-01 7.549348963791536749e-01 3.837172655699973567e-01 1.170517006597208559e-01 2.339442706521863494e-02
0.000000000000000000e+00 1.748566191151064431e-01 1.443747679902844805e+00 2.086931328864375157e+00 4.178549115136473091e+00 1.051831865785681508e+01 9.235389870891275860e-03
0.000000000000000000e+00 1.315265043096845443e-01 3.021901943749289110e+00 2.072563369251233301e+00 3.367218586981655104e+00 2.000919772936967789e+01 4.255927157006557660e-01
0.000000000000000000e+00 1.313810327474904116e-01 2.027397588133485584e+00 1.799570242316630431e+00 1.864134835648789901e+00 1.271388829502628770e+00 1.091229925054634509e-01
0.000000000000000000e+00 2.400699986665314756e-01 1.982865556292517706e+00 1.703112346835687685e+00 2.024447484875580461e+00 1.686552850577320406e+00 1.426145675764904364e-01
0.000000000000000000e+00 8.795300161079736001e-02 4.196748295931260309e+00 3.146861794926654188e+00 1.292130217571756390e+00 1.892024639657234530e+01 7.483284851776321744e-01
0.000000000000000000e+00 1.531424879069828993e-01 2.964908641455155092e+00 2.321539903114213210e+00 3.055541144554243971e+00 1.238627593198443755e+01 1.182969102658805172e+00
0.000000000000000000e+00 1.531424879069828993e-01 2.964908641455155092e+00 2.259220203190583032e+00 3.159298903536371661e+00 1.238627593198443755e+01 1.015184416396887501e+00
0.000000000000000000e+00 1.231645461951578514e-03 1.092801686515678522e-03 1.994430500007100260e-01 7.496038053120375293e-03 5.224494789648465205e-03 9.921042852274637724e-04
0.000000000000000000e+00 1.967649562322706380e-01 1.239129782801226126e-01 1.349998265241339757e-01 1.320168102308851010e-01 1.235373542286943571e-01 4.388813473658041589e-04
0.000000000000000000e+00 1.231645461951578514e-03 1.092801686515678522e-03 1.554215913145764183e-01 7.081634318621301064e-03 5.216000613319902827e-03 9.890019156728062279e-04
0.000000000000000000e+00 1.531663811622223925e-01 1.591066993133186114e-01 7.403405830605653826e-01 4.009865749130086532e-01 1.615897128455009712e-01 2.993997788865344900e-02
0.000000000000000000e+00 1.314046947231758966e-01 2.027397588133485584e+00 1.847667404240981304e+00 1.864123842807661857e+00 1.063754835920951880e+00 1.091219210513606624e-01
0.000000000000000000e+00 1.748802810907919281e-01 2.998901193325288483e-01 5.211481322778767078e-01 2.630300242134799849e-01 1.168658812538616448e-01 6.792670050562704676e-02
0.000000000000000000e+00 1.748802810907919281e-01 1.591076503392589714e-01 2.647916257964799680e-01 3.481467067812148986e-01 3.147244634683107889e-01 2.335929466671257670e-02
0.000000000000000000e+00 1.531424879069828993e-01 1.943023165616352688e-01 8.989816540873707407e-01 4.510121485924810103e-01 7.752462375018938090e-01 2.476706155777818989e-03
0.000000000000000000e+00 1.382847409626304213e-03 1.530534446819437899e-01 1.264927832911839078e-01 5.762000707640184925e-03 2.190312688467406163e-02 7.909046966150669973e-04
0.000000000000000000e+00 1.096669015393668678e-01 2.094203388210887251e+00 1.791829793080097044e+00 3.678577778220104566e+00 1.184205275173530048e+01 7.352067007273385135e-01
0.000000000000000000e+00 1.748802810907919281e-01 1.390954254030368986e+00 1.363557016331229388e+00 1.511618108257535065e+00 1.062215769815563426e+00 2.130548234469207824e-01
0.000000000000000000e+00 1.966419675298383962e-01 1.415107869042801225e-01 2.789488124149300807e-01 2.465375568893886093e-01 7.369652664378438522e-02 6.449687809397322558e-04
0.000000000000000000e+00 1.531424879069828993e-01 2.049667805067589388e+00 1.799626841195655302e+00 1.543208912618167838e+00 1.167622475006797833e+00 2.129263247872695552e-01
0.000000000000000000e+00 1.967649562322706380e-01 1.239129782801226126e-01 1.347374698054861208e-01 1.202659415355575856e-01 1.515181318231504648e-01 4.509283977487957762e-04
0.000000000000000000e+00 1.748802810907919281e-01 2.998901193325288483e-01 5.210401246258465902e-01 2.285477393520028710e-01 7.323860287865441299e-02 6.792371886228909528e-02
0.000000000000000000e+00 1.314285879784154176e-01 2.071935600319265713e+00 1.751704140956418243e+00 2.104609305909538097e+00 1.063851938623247895e+00 2.779223384266485408e-01
0.000000000000000000e+00 2.400699986665314756e-01 1.960596550199628307e+00 1.751181976833319220e+00 2.024447484875580461e+00 1.686552850577320406e+00 6.946963213729455584e-03
0.000000000000000000e+00 1.314046947231758966e-01 1.373354537527868180e+00 1.437473046472757421e+00 1.324564632306611811e+00 9.018188618991592742e-01 2.130450673619361801e-01
0.000000000000000000e+00 1.314046947231758966e-01 2.470947855817113292e-01 1.195870377314467298e-01 5.251672895861131569e-03 1.805441089298087665e-02 6.777254339432608890e-04
0.000000000000000000e+00 6.619131517175087798e-02 4.269707118065694473e+00 3.227015998047777501e+00 1.291809448280141437e+00 1.910165825524432748e+01 1.297917922033696714e-01
0.000000000000000000e+00 2.273962205937232403e-02 1.096190050887749373e-01 2.518865552777780903e-01 1.937149598261816291e-02 3.350066939388660677e-03 1.509025934579692231e-02
0.000000000000000000e+00 1.231645461951578514e-03 2.262668557909372838e-02 2.452519527187681514e-01 5.843153200754813183e-03 4.239482134370281541e-03 8.068838572076148874e-04
0.000000000000000000e+00 1.314285879784154176e-01 2.118991683333930343e-01 1.780611963739257009e-01 8.618742401331343228e-02 1.464736107657445621e-02 5.589711665076010135e-04
0.000000000000000000e+00 2.618314538260260171e-01 1.355762382414401834e+00 1.255310550728649721e+00 6.375745002330820421e-01 7.635890544545387293e-01 8.434585391173954338e-02
0.000000000000000000e+00 1.231645461951578514e-03 1.092801686515678522e-03 1.343252327140580238e-01 2.666515609471900930e-02 5.216000613319902827e-03 9.890019156728062279e-04
0.000000000000000000e+00 1.096669015393668678e-01 1.916051339467766512e+00 2.087981241634905505e+00 4.386148740984194383e+00 9.615255567574962470e+00 1.907412829719519476e-01
0.000000000000000000e+00 1.231645461951578514e-03 1.141823646555060285e-03 2.026200178982840439e-01 6.297038051174375962e-03 5.224494789648465205e-03 9.921042852274637724e-04
0.000000000000000000e+00 1.531663811622223925e-01 1.591066993133186114e-01 7.547607379195426791e-01 3.320227969806941459e-01 1.614787261099524807e-01 1.124485455694669437e-03
0.000000000000000000e+00 1.096669015393668678e-01 3.021900384829226294e+00 2.332445076573971932e+00 2.517404997716004900e+00 9.796020949921468102e+00 9.253994129781716385e-03
0.000000000000000000e+00 1.966180742745989307e-01 2.936414286237970739e+00 2.259318260008360557e+00 6.563529212665798696e+00 1.147779769284365692e+01 3.439640632372445439e-01
0.000000000000000000e+00 1.966419675298383962e-01 1.239129782801226126e-01 1.492447072626163773e-01 3.201917677436085241e-01 1.346263063520196923e-01 6.442872240321644624e-04
0.000000000000000000e+00 1.749041743460314491e-01 1.415098417151014476e-01 2.788091635068114527e-01 1.422382000295006610e-01 2.058609959414409718e-01 1.409491178847123091e-02
0.000000000000000000e+00 2.271572880413281342e-02 3.269570150283891974e-01 3.368819945498196522e-01 2.464898393787577635e-01 2.317953488365218362e-01 8.597851185119392576e-04
0.000000000000000000e+00 1.749041743460314491e-01 1.415098417151014476e-01 2.792013751139106326e-01 2.261841325470744235e-01 2.452010497063366878e-01 3.533959089648090746e-02
0.000000000000000000e+00 1.314046947231758966e-01 1.355756728903708908e+00 1.474059413872751634e+00 2.505405506058118181e+00 1.998258101056045399e+00 6.943902705666310168e-03
0.000000000000000000e+00 1.748802810907919281e-01 2.998901193325288483e-01 1.571261009958209998e-01 2.464369469455784112e-01 2.317039901223946763e-01 8.589650050526562641e-04
0.000000000000000000e+00 1.231645461951578514e-03 1.747912378657528187e-01 1.112800061962685855e-01 6.130008423634023852e-03 2.184374408429128403e-02 8.105618565438209040e-04
0.000000000000000000e+00 1.966180742745989307e-01 1.239129782801226126e-01 1.782602911010664204e-01 1.322012517568946499e-01 1.795363888793813645e-01 4.954104117646626788e-04
0.000000000000000000e+00 1.096669015393668678e-01 2.964905533033618035e+00 6.981743544045052374e+00 2.770941362224075721e+00 1.492599829936437672e+01 2.974967812505753706e+00
0.000000000000000000e+00 8.790544637987234011e-02 2.964903964711511630e+00 6.981750249249709661e+00 2.906376631030376689e+00 1.492599829936437672e+01 2.974967812505753706e+00
0.000000000000000000e+00 1.966180742745989307e-01 1.871518155874718925e+00 2.088038925375171218e+00 4.178506979242047947e+00 1.051818292490337825e+01 9.222965102307922186e-03
0.000000000000000000e+00 1.531424879069828993e-01 1.591066993133186114e-01 9.135129147884276657e-01 4.287801260011587789e-01 3.490296554233995874e-01 1.911352848093223747e-03
0.000000000000000000e+00 1.749041743460314491e-01 1.415098417151014476e-01 2.792454045872490020e-01 1.422382000295006610e-01 1.956104500771490284e-01 1.409422472958056158e-02
0.000000000000000000e+00 1.096669015393668678e-01 1.848607366055588175e+00 2.136049428079507262e+00 4.386148740984194383e+00 9.615255567574962470e+00 1.907412829719519476e-01
0.000000000000000000e+00 1.748802810907919281e-01 1.415098417151014476e-01 2.936655594462255769e-01 1.328330216821956566e-01 1.855492011093474447e-01 1.409353292364240277e-02
0.000000000000000000e+00 1.748802810907919281e-01 2.998901193325288483e-01 4.976103026233394955e-01 3.837164646525719758e-01 1.168659387920857329e-01 2.339349154858527333e-02
0.000000000000000000e+00 1.202271164499381763e-03 1.191408516840293356e-03 2.210865838318104570e-01 2.336569848087667600e-02 2.198212558311531117e-02 8.465830012873836472e-04
0.000000000000000000e+00 1.313810327474904116e-01 1.338158920279550523e+00 1.546742242251884170e+00 1.511416153337393320e+00 1.790758169870867000e+00 5.446993169073524946e-03
0.000000000000000000e+00 1.231645461951578514e-03 2.262668557909372838e-02 2.008493629652888801e-01 2.373115100177665068e-02 2.180431139933438484e-02 8.068838572076148874e-04
0.000000000000000000e+00 1.202271164499381763e-03 2.262668557909372838e-02 2.020176274260792049e-01 2.341752866587477888e-02 2.195255182053998388e-02 8.068838572076148874e-04
0.000000000000000000e+00 1.531424879069828993e-01 1.767045079374761629e-01 2.647916257964799680e-01 3.480778749501263203e-01 2.973378855338406623e-01 1.116700583619386310e-03
0.000000000000000000e+00 1.531424879069828993e-01 3.878782114273810477e-01 1.589364664678136752e+00 1.743889894989020917e+00 3.274507435992108917e-01 3.163064943470207061e-03
0.000000000000000000e+00 1.531663811622223925e-01 1.591066993133186114e-01 7.403405830605653826e-01 4.009865749130086532e-01 1.614782963968525442e-01 1.442551990849898474e-03
0.000000000000000000e+00 1.748802810907919281e-01 1.591076503392589714e-01 2.648357587004154801e-01 2.260892413174523663e-01 4.325386587644678565e-02 1.067494629333648470e-02
0.000000000000000000e+00 1.748566191151064431e-01 1.415098417151014476e-01 1.348245524036384424e-01 1.673690384575287904e-01 3.962650135009180424e-02 1.909030954804829400e-02
0.000000000000000000e+00 1.096669015393668678e-01 3.050397810727029757e+00 2.197100745975707703e+00 2.847878834459880437e+00 1.873884879266741166e+01 5.010598656573267418e-01
0.000000000000000000e+00 1.202271164499381763e-03 1.117243355909501492e-03 2.549341163238224087e-02 7.309365321024597489e-03 5.189268467345230576e-03 9.558319148389736496e-04
0.000000000000000000e+00 1.531424879069828993e-01 2.646935510582703044e-01 7.839689220664207703e-01 4.733913870564299131e-01 9.576519259808886630e-01 2.479707902257997313e-03
0.000000000000000000e+00 2.400699986665314756e-01 1.960596550199628307e+00 1.751704140956418243e+00 1.944285663841619272e+00 1.686574061636864297e+00 1.424364033634253068e-01
0.000000000000000000e+00 1.315515766808476317e-01 1.943013597092339007e-01 9.127042846743060878e-02 9.158934050131159466e-02 1.795903583418065677e-02 5.666104504930557801e-04
0.000000000000000000e+00 1.749526608443396081e-01 3.174879279566880097e-01 1.804170335361799105e-01 2.769684595681994876e-01 4.366452581962416285e-02 6.476487478584786123e-04
0.000000000000000000e+00 1.531424879069828993e-01 1.302964259883633735e+00 1.509232454475657237e+00 1.448804409697098228e+00 2.517457713576425338e+00 1.091229925054634509e-01
0.000000000000000000e+00 1.314046947231758966e-01 1.390952346152026564e+00 1.437366842396855526e+00 1.511517215177449858e+00 1.061835825931756849e+00 5.441444062604711487e-03
0.000000000000000000e+00 1.531424879069828993e-01 2.964908641455155092e+00 2.321539903114213210e+00 3.055541144554243971e+00 1.238627593198443755e+01 8.473997301349618372e-01
0.000000000000000000e+00 1.202271164499381763e-03 2.262668557909372838e-02 1.992166899910483568e-01 2.352158230292684948e-02 5.705928894347887803e-02 7.897167544578481777e-04
0.000000000000000000e+00 1.096432395636813828e-01 2.071934382117996964e+00 1.799424844692329994e+00 4.282328006106584262e+00 7.809400852918119362e+00 9.465982811398215499e-03
0.000000000000000000e+00 1.231645461951578514e-03 1.092801686515678522e-03 6.911185316263299128e-02 3.076633586146924025e-03 5.380775598694032685e-03 9.827177627345802784e-04
0.000000000000000000e+00 1.967902688703918046e-01 1.239129782801226126e-01 1.347809620635729011e-01 1.439269270724236327e-01 1.328658570701310715e-01 4.399313969963139287e-04
0.000000000000000000e+00 1.748802810907919281e-01 1.591076503392589714e-01 2.647916257964799680e-01 3.481467067812148986e-01 3.147244634683107889e-01 2.335929466671257670e-02
0.000000000000000000e+00 2.183322054827224468e-01 1.591095348705057755e-01 1.205665698599279467e-01 1.087373915047857853e-01 1.982348811353857876e-01 4.948479650267277727e-04
0.000000000000000000e+00 8.792910835555783899e-02 4.233228716834244842e+00 3.227015998047777501e+00 1.291809448280141437e+00 1.910165825524432748e+01 1.297917922033696714e-01
0.000000000000000000e+00 1.967649562322706380e-01 1.239129782801226126e-01 1.347374698054861208e-01 1.202659415355575856e-01 1.328634801525785669e-01 4.388813473658041589e-04
0.000000000000000000e+00 1.748802810907919281e-01 1.415098417151014476e-01 2.787660968206868706e-01 1.422382000295006610e-01 2.058781562932643083e-01 2.752661520287745175e-02
0.000000000000000000e+00 2.618314538260260171e-01 1.285371147917766743e+00 1.291702127652391674e+00 1.760922334851630744e+00 1.998207826491714023e+00 1.092561671422847824e-01
0.000000000000000000e+00 1.531424879069828993e-01 3.526825941790643903e-01 7.168465711387287387e-01 8.907229296106362604e-01 1.022323837938378777e+00 1.901085226970920528e-01
0.000000000000000000e+00 1.314046947231758966e-01 3.350838287025037499e-01 1.450842417634889969e-01 1.606538479493780508e-02 2.647919796934880554e-02 1.229764265052877593e-02
0.000000000000000000e+00 1.231645461951578514e-03 1.530534446819437899e-01 1.983126372747069655e-01 2.335272645982450559e-02 4.261325625841090592e-03 7.956029257997442299e-04
0.000000000000000000e+00 1.096669015393668678e-01 3.021900384829226294e+00 2.269894423436594977e+00 2.621393194453869757e+00 9.254264535524420410e+00 1.898028012079396032e-01
0.000000000000000000e+00 1.966180742745989307e-01 1.355759581971231809e+00 5.246006879313857008e-01 6.660398039991689556e-01 6.855204615774058707e-01 1.278751320730313612e-01
0.000000000000000000e+00 1.096669015393668678e-01 2.094203388210887251e+00 1.791829793080097044e+00 3.781984236529707388e+00 1.184200888521824524e+01 7.352021311107930224e-01
0.000000000000000000e+00 1.096669015393668678e-01 2.094203388210887251e+00 1.791829793080097044e+00 3.781984236529707388e+00 1.184200888521824524e+01 7.352021311107930224e-01
