8.048120985059814103e+00 1.384310584880932837e-01
-6.158877227232826712e+00 6.642944192762510625e+01
-6.143451793863964561e+00 6.230402499729330401e+01
-6.140864917808386281e+00 5.738946754606175205e+01
-6.132203063483839145e+00 5.039715231592375488e+01
-6.133460791886613528e+00 5.419102699848577487e+01
6.988712382045975779e+00 2.254760373421257347e-01
6.469401445351360636e+00 2.475519282865137893e-01
7.613549924468311580e+00 1.601459588503802434e-01
-6.146940312730618139e+00 6.258576506500373426e+01
-6.149767593062603233e+00 6.444118008768421646e+01
-6.119549459436454342e+00 4.791736840159328636e+01
-5.294772642872763058e+00 3.519355295440016818e+01
-4.984092753589344227e+00 3.504271040100021395e+01
-6.134036452378007986e+00 5.450083018355640263e+01
7.579364464352152275e+00 1.604610880285756158e-01
-6.136280284527705575e+00 5.694767838001797600e+01
7.295605787196116410e+00 1.818645670975082285e-01
7.049544590171159975e+00 2.042196678190154602e-01
-6.150491902139471279e+00 6.570040450194603920e+01
-6.149767593062603233e+00 6.444118008768421646e+01
-6.134909136104343297e+00 5.569913258473324191e+01
-6.134909136104343297e+00 5.569913258473324191e+01
7.280832546910630754e+00 1.820662829797918825e-01
-5.574634297049040121e+00 3.621148357309547094e+01
-4.768407979140846464e+00 3.350437986169767157e+01
-6.120322689271292305e+00 4.897783196478931700e+01
-6.128434416592953404e+00 4.982771982332887006e+01
-5.903842848311376734e+00 3.962865165128045675e+01
-5.882462001776622706e+00 3.883576641701808541e+01
-4.650383554718429124e+00 3.329534614094746559e+01
6.191630414287335960e+00 2.638371290461834495e-01
-3.618499150465481318e+00 2.680356594029489870e+01
-6.102362035206344792e+00 4.576080192076310738e+01
-6.118537463929493825e+00 4.724293567723259457e+01
6.377351466780905476e+00 2.636417432803859207e-01
-5.411129134878365221e+00 3.618209045183618144e+01
-5.619033170691316137e+00 3.633562785041237220e+01
5.470084924637568236e+00 3.441730368829802877e-01
5.860596286049948311e+00 3.106039821344136476e-01
-4.500359257598755214e+00 3.282287980011278705e+01
-1.379424612831448238e+00 7.251171590593277649e+00
-5.932088578158186465e+00 4.007778883704818895e+01
-4.885698551016090185e+00 3.475894175950034537e+01
-6.125260233861200554e+00 4.922334176772164227e+01
-4.434184600233073148e+00 3.247334388817967721e+01
-2.280219188287813115e+00 1.419501705609253683e+01
-1.375366394528766634e+00 6.775167594890852740e+00
-5.750452990706670597e+00 3.746032201788115401e+01
-3.663797612429811057e+00 2.699606039598400287e+01
-4.293959340055271134e+00 3.214933282053592478e+01
-6.055620303016183925e+00 4.382066148895916768e+01
6.055282655576306183e+00 2.959742956799926716e-01
5.998859731470103540e+00 2.964446628167569098e-01
-2.321180957804773737e+00 1.463345200902299936e+01
-2.446495520845863414e+00 1.592026851915599295e+01
-5.746519691194084345e+00 3.686907002045275306e+01
9.078910024573154658e-01 1.345374519929713131e+00
-1.764657884715819192e+00 9.568000640658636868e+00
2.911369739310834426e+00 6.972664062880951086e-01
-5.329625703661169389e+00 3.568718028399545972e+01
-3.581744552463681508e+00 2.642323617916730427e+01
-6.105701327840073134e+00 4.617214559666518170e+01
-6.097895641392247157e+00 4.530513137020820125e+01
-2.391787557308548084e+00 1.514300191195735046e+01
-6.130010223659221325e+00 5.023719026151730560e+01
-5.926091213325358709e+00 3.965533091019517542e+01
-1.893386223393743739e+00 1.103490651899317498e+01
-2.806826038755410480e+00 1.987002399986824130e+01
5.292188792613419679e+00 3.657903968340817658e-01
-4.905072467357788568e+00 3.487264253322792484e+01
3.680269847321552490e+00 5.708293093717368150e-01
6.162716228744543834e+00 2.787391265134088747e-01
-2.528732456773541415e+00 1.665597572934507298e+01
-5.863496972008412911e+00 3.856153598423093598e+01
-6.012904434546426202e+00 4.132795720060506284e+01
-5.316326953747171125e+00 3.519527698004383609e+01
5.835053669058986259e+00 3.109401525690520529e-01
1.154795729953736139e+00 1.181216828884708026e+00
-2.133421099620594674e+00 1.310523591803332444e+01
-4.864161534457738689e+00 3.431341712450213066e+01
4.276486941645369022e+00 4.902805288781816873e-01
4.857300782696660768e+00 4.165360609220363775e-01
-4.982874225956193115e+00 3.487885675810035480e+01
-6.039152437726914791e+00 4.268902133289116563e+01
-4.316875644935590728e+00 3.235095094799233806e+01
-6.039252108329557167e+00 4.311761322788741069e+01
5.382339238692396499e+00 3.490852182712614327e-01
-5.704851311992834795e+00 3.642556130685605353e+01
1.824635930803721662e+00 9.283513043115155794e-01
2.468911910825584144e+00 7.774120906611557968e-01
-1.410098998685063165e+00 7.375896051180782287e+00
-2.418952382225196818e+00 1.569375573912385491e+01
-6.110471207582550690e+00 4.635294713424368496e+01
1.231594472363383375e+00 1.180650032844160702e+00
5.008479653826296563e+00 4.006168955749334626e-01
-6.014699365151852994e+00 4.145955361731529365e+01
-6.002302738153189487e+00 4.096212392038594885e+01
-2.110409547490993631e+00 1.255543163032098697e+01
-4.020440072670195875e+00 3.066494747823598388e+01
-3.750233243276023032e+00 2.832543985187177782e+01
-2.496606739764388294e+00 1.641095803080621351e+01
3.055887917125812425e+00 6.739356176883797289e-01
-2.395625723952822028e+00 1.557603133827547737e+01
-3.182355756025737392e+00 2.305801724304523148e+01
5.106556460295560207e+00 4.003089780300930767e-01
2.815454607353893302e+00 6.998650617709482047e-01
-5.351999433253573635e-01 3.379992106204869895e+00
3.757687133210322106e+00 5.664047482840186554e-01
-2.025803881093836356e+00 1.178954518144158214e+01
8.308766577741482084e-01 1.361457911472392590e+00
-3.689651364257831911e+00 2.763026213229452566e+01
-2.848988541640087746e+00 1.997385516553369555e+01
-2.744065991172726537e+00 1.901800677579575094e+01
-1.211656722992190405e+00 5.973273650262122203e+00
-4.011778990631202468e+00 3.024572670144717534e+01
4.583235885456230285e+00 4.509084531896772607e-01
5.569659684944050504e+00 3.408460677371094594e-01
-3.164878149411737063e+00 2.275732593365144751e+01
5.743351644360814134e+00 3.128132182341255008e-01
-6.114948997781695539e+00 4.681089591629542923e+01
-3.681962036267993899e+00 2.737438256635170930e+01
-2.124124329099196906e+00 1.267507376531196961e+01
-6.037830764366990621e+00 4.258566044918797644e+01
-2.451115602947823824e+00 1.617761374255659490e+01
-3.304196252713722082e+00 2.421105018666929354e+01
2.011298211677992942e+00 8.688117865610915924e-01
4.995014160601105146e+00 4.006714530648377570e-01
-3.670983386735552578e+00 2.724054447069590523e+01
-4.807892472560369335e+00 3.403615995307612252e+01
4.793927534129733381e+00 4.249485807278305383e-01
-3.827000189714587552e+00 2.895736017819093533e+01
-4.155371725707812658e+00 3.107673532234413116e+01
-6.050718060947965604e+00 4.342485788047269324e+01
-1.890734171112200324e+00 1.069575972124120966e+01
-3.044298053471754084e+00 2.155630834969192122e+01
-6.057419165309022802e+00 4.426574147761445488e+01
-2.854846527664114397e+00 2.033143602937827410e+01
-4.513416640622861742e+00 3.288056302813551923e+01
-7.639291995274184455e-01 4.161354519932197960e+00
4.372385318788791331e+00 4.760967667060785891e-01
-3.739386814643211210e+00 2.799221175526091088e+01
-4.561999552824330451e+00 3.298735310789918174e+01
-1.615339528184238427e+00 8.372685086216392847e+00
-2.728323673738181299e+00 1.875928811662094020e+01
-5.769321200190636212e+00 3.779081059871161585e+01
-3.300196896155094262e+00 2.389071638895476468e+01
-4.081533979088988850e+00 3.104910427570905540e+01
1.752351249342723571e+00 9.318775605866517209e-01
-2.651847045617940601e+00 1.833616670396719428e+01
-2.618412310514660390e+00 1.777187889614480198e+01
-3.550856721668997462e+00 2.628969244410499684e+01
-2.707463395218698832e+00 1.843724682794803016e+01
-5.802573257667592799e+00 3.854325364623593941e+01
6.444105128593180964e+00 2.476778959858546569e-01
-2.913719570020774974e+00 2.050798487699621830e+01
-5.771034189150487492e+00 3.806174396923689329e+01
-4.185758473627172904e+00 3.133121766427996491e+01
-2.547367513412577722e+00 1.699119423342131441e+01
4.911638246027372645e+00 4.119190508464868894e-01
-6.152274695091282553e+00 6.570579550647013889e+01
2.688366631303456877e+00 7.105166204870663194e-01
2.774225427292727364e+00 7.092283078657325435e-01
-3.987925982578444550e+00 2.996057397867222249e+01
5.402756062781904234e+00 3.481440495895109510e-01
-4.621012911182214467e+00 3.321061141543982131e+01
-6.023643352844914922e+00 4.204469676980077253e+01
-7.240479877551130317e-01 4.035911851784439008e+00
-3.075283460413515524e+00 2.194199398174881210e+01
-1.436773036746140875e+00 7.509060594330391858e+00
-6.158827420694055199e+00 6.608247184763588677e+01
3.387374096162984127e+00 6.118775740905618710e-01
-5.997494136234181816e+00 4.060786185718809094e+01
-5.348886320201611255e+00 3.592580768556932469e+01
3.451056540157990238e+00 6.114939637227460034e-01
2.382639751541523410e+00 7.783390993269230229e-01
-3.536693463722201614e+00 2.601152538954753624e+01
-4.343716505859589461e-01 3.139216411533173101e+00
-4.007872779377663619e+00 3.024250885670411293e+01
-4.158263512827965691e+00 3.114786759455426690e+01
-2.797291667917042979e+00 1.953669821375862981e+01
-6.031827757703048576e+00 4.225199464298724195e+01
-5.942045092248544158e+00 4.033259678644019175e+01
-1.979173050262110989e+00 1.142310931802098395e+01
-2.621241649546175445e+00 1.804124538563602442e+01
7.288017098188068754e-01 1.476692264861418691e+00
2.252662907107179535e+00 8.074498134093194279e-01
-2.754891674346413577e+00 1.932436746467473654e+01
4.080857055095586716e+00 5.150377437621399546e-01
4.659640120189571633e+00 4.420596708881066594e-01
3.785162698766877831e+00 5.636990168204994989e-01
1.576457012650974709e+00 1.009034418204099781e+00
2.940213963652926310e+00 6.840087922992958980e-01
-6.021951580280394012e+00 4.180567149184080478e+01
-1.648046341447124696e+00 8.697978237074643459e+00
-3.236142478691556246e+00 2.343695808341450970e+01
4.763176676568057211e+00 4.350787827863216717e-01
-4.785234759013588857e+00 3.377173982002106101e+01
-2.553367435863826973e+00 1.720985032434042594e+01
-4.355231605455445631e+00 3.240151473753141431e+01
-4.419529638337396094e+00 3.247269519090952627e+01
-6.069137184054350875e+00 4.455770738044987667e+01
9.574487450969662028e-01 1.332630252210112110e+00
3.183073865558958104e+00 6.515009942969742784e-01
-4.291416615328996542e+00 3.179742020666562041e+01
3.917401568393449995e+00 5.401341578185832049e-01
-1.051303102568071468e+00 5.209706664907701956e+00
2.314269332143270130e+00 8.034333360929478696e-01
-5.876070901518365197e+00 3.875765195240227712e+01
-1.795239480024789058e+00 9.786224749550479274e+00
-6.047075128183675652e+00 4.318673448674467608e+01
-3.052772194703277542e+00 2.174992272050112874e+01
-3.770511800330869967e+00 2.863377073491646740e+01
-3.804149802386489476e+00 2.876707210904509537e+01
-1.835997460851606533e+00 1.025931104818344330e+01
-2.749550618953800374e+00 1.914361178434855759e+01
-3.906665408952568197e-01 3.118273535852365885e+00
-5.734640820980613896e+00 3.659174554446449434e+01
-3.253005638319341308e+00 2.354063267375758528e+01
-4.835883554454312616e+00 3.416991466291738533e+01
-4.239675372352907701e+00 3.174113321150780465e+01
1.515754637383893488e+00 1.010226852783207452e+00
3.985623977009076224e+00 5.327661044643392518e-01
-3.027508185127622209e+00 2.141414369451416633e+01
2.130738592811655785e+00 8.424181256858310762e-01
-2.093204914722756271e+00 1.230207232153817465e+01
-3.430471306989842706e+00 2.506836679064707241e+01
-6.084516282690015210e+00 4.487182021907779017e+01
3.861502082886628440e+00 5.508619345577586701e-01
-1.188858097275540704e+00 5.738060966970082610e+00
-2.576333065466628103e+00 1.722876020422230425e+01
-6.158827420694055199e+00 6.608247184763588677e+01
-6.057419165309022802e+00 4.426574147761445488e+01
1.296927245101266557e+00 1.124186353940520799e+00
-1.906332059638267407e-01 2.610016206095882030e+00
4.452055018969846678e+00 4.653615758671705849e-01
-4.785234759013588857e+00 3.377173982002106101e+01
2.076547912164719456e+00 8.468083769372949376e-01
-5.788257903078274369e-01 3.602336298688386673e+00
-5.768449571921640207e+00 3.763386141416054187e+01
-7.895980849265769042e-01 4.179007181833403806e+00
-3.370535423057171354e+00 2.462969347572926893e+01
-3.941744272920338688e+00 2.959953642760276438e+01
-6.862975458008259144e-01 3.884948723096872225e+00
-1.001605609951817355e+00 5.191624466679233940e+00
-3.707728861556475852e+00 2.787408807585560311e+01
-2.376678149601687107e+00 1.507966947690069759e+01
2.633167669196455840e+00 7.240330067617674059e-01
1.863974831633776086e+00 9.215052661660609878e-01
-2.054550674334753690e+00 1.198781515193818414e+01
-2.044063244977118110e+00 1.192507757450308858e+01
6.872540846837762452e-01 1.505945835145164891e+00
-5.789981703004893454e+00 3.835000280783328463e+01
-1.729826101206046518e+00 9.286955388174806814e+00
-5.338105218644028760e+00 3.568915624288083421e+01
-2.520140195139760397e+00 1.656066126384345338e+01
-3.699916892682125091e+00 2.777771409863254704e+01
4.143612849360057970e-02 2.309018009702193286e+00
6.380757949588478084e+00 2.635764652741952041e-01
3.127467283919025842e+00 6.546880647634948369e-01
-2.251717224099680781e+00 1.410969004109976055e+01
1.654829177274452334e+00 9.740176023486124546e-01
-2.956333544468290331e+00 2.079051133451473987e+01
-7.029715994696594805e-01 4.035067546522839166e+00
-1.358892214460192482e+00 6.649967243201852618e+00
-3.896901096863089276e+00 2.950564387504577724e+01
-2.007744134325634366e+00 1.159854637728253834e+01
2.633332878035257174e-01 1.963281984258663959e+00
-1.265182338885503466e+00 6.265633349224287052e+00
4.716328356284340551e+00 4.389093812319956323e-01
-3.107626166500759846e-01 2.872299777996532910e+00
-2.334220330787962761e-01 2.740168480897693382e+00
-3.217399246219131204e+00 2.333023606235799363e+01
-1.288527586603543496e+00 6.474303188317108493e+00
-3.393863597618224759e+00 2.494580867253968748e+01
3.298154970422149113e+00 6.353047742679291954e-01
2.176023489317119086e+00 8.322466647835148335e-01
-8.178667351457840073e-01 4.247263550466602311e+00
2.991851897749883360e+00 6.754029281833726639e-01
3.005088151277308661e-01 1.943404890894355086e+00
-2.850195094783468663e-01 2.816317815558484927e+00
3.632508998167135683e+00 5.878561161073339036e-01
-6.133460791886613528e+00 5.419102699848577487e+01
2.426025298301499877e-01 1.999745867680916112e+00
-3.207709609432948472e+00 2.324739351986239910e+01
-1.584976010606216734e+00 8.299010819401159367e+00
-5.974628696542531259e+00 4.040601613202989029e+01
-4.221401228548630868e+00 3.160996978357296072e+01
3.524291090397088766e+00 5.936405267587137047e-01
4.258936640141210539e+00 4.905044819380968146e-01
-1.309842921709082120e+00 6.559763153219510201e+00
1.949973424675987888e+00 8.781532631322049864e-01
-3.473507478411719696e+00 2.562727675165101004e+01
-4.884648685115265954e-01 3.319069665060411900e+00
-5.736088826399370788e+00 3.667774870271284016e+01
-2.003264285455061078e+00 1.156796658651442478e+01
-5.984747092580906980e+00 4.053500602237646433e+01
-4.573094022280663751e+00 3.304934787403779239e+01
-3.191315241424656612e+00 2.313964017792270766e+01
-4.193138087707021455e+00 3.158963483691691465e+01
-3.679415429894425382e-01 3.092394545208652534e+00
-3.010686876312360205e+00 2.135993380171196776e+01
-3.266187452903884569e+00 2.365273501287455105e+01
-4.063893660917631045e+00 3.093985331055129961e+01
-5.707226328836232376e+00 3.645587937136357937e+01
-1.242473772337821636e+00 6.134519107392052639e+00
-3.898013558566135295e+00 2.955211469798633317e+01
9.794768667794915284e-01 1.312719364229216534e+00
3.248280125377137395e+00 6.354504772785350974e-01
1.622720616495626489e+00 9.945499809476345821e-01
-3.149245903033526250e+00 2.273297197994718033e+01
-6.140550154806811101e+00 5.727920619253846723e+01
1.246372662902991563e-01 2.189113811396613318e+00
-9.078642657391219339e-01 4.665500854292867317e+00
-1.957912166665211062e+00 1.120999791304417315e+01
-2.827936051143094431e+00 1.997299905218217830e+01
-1.455574869051425635e+00 7.571423470342130813e+00
5.577155963620668899e+00 3.306133303643174481e-01
3.187788495970286240e-01 1.906822279907198547e+00
4.142588155320283683e+00 5.050585398743075993e-01
-6.146912081469343647e+00 6.246379688216515547e+01
-4.291416615328996542e+00 3.179742020666562041e+01
-2.986217484968562985e+00 2.110144238563360020e+01
4.248870436140647078e-01 1.783007845371803901e+00
-6.463028738048426369e-01 3.884799081499563211e+00
1.753563979487929025e-01 2.026343030404198053e+00
4.573072270521095772e-01 1.759739006062719602e+00
-4.192010400823170890e+00 3.141472705881584560e+01
-3.954240404537086029e+00 2.968627100014508002e+01
-3.792814758493269434e+00 2.875714967522716137e+01
-2.230598043866873770e+00 1.381110290828958398e+01
3.100455551186493519e+00 6.708701912395171885e-01
-1.164053247910184385e+00 5.657996717508305018e+00
-3.356249931753447324e+00 2.440802671046670369e+01
-2.184631869422131611e+00 1.333972998080921180e+01
5.732844311889246036e+00 3.129725579044428940e-01
-1.829584312513230504e+00 1.008102518391706148e+01
1.914011574765616785e+00 8.920969398392135652e-01
-2.346251301889309193e+00 1.474695538453463861e+01
-1.560733481206936224e+00 8.067136629509718659e+00
-2.646127640303300055e+00 1.828719164108060724e+01
2.216771857754698427e+00 8.280492031720280144e-01
4.203169465645658853e+00 5.046477384898916396e-01
4.142588155320283683e+00 5.050585398743075993e-01
-1.363034934015377175e-01 2.581223492693552668e+00
2.572182041250493434e+00 7.465387131290851519e-01
-1.112636602097914595e+00 5.485669497854220644e+00
-3.832833091925782476e+00 2.909031245466935900e+01
-3.101514289577655958e+00 2.210005706411129722e+01
3.472765485284349474e+00 6.053148431460254608e-01
3.573379898664804877e+00 5.916338696852172507e-01
-7.707865553434933847e-02 2.497390733433268117e+00
2.494710667070031640e+00 7.710251778095414954e-01
4.028877504173675739e+00 5.294680555727520055e-01
-4.864161534457738689e+00 3.431341712450213066e+01
-3.871245973128006224e+00 2.935007935211073260e+01
-9.530831026295795150e-01 4.911426578737684956e+00
4.213097966953543327e+00 5.046115334855735268e-01
-3.434862545551065516e+00 2.510582529502237037e+01
-2.351983075087990205e+00 1.479553161410781037e+01
-2.072086448962088046e+00 1.214654991620042068e+01
1.405964264204736081e+00 1.068616233402310378e+00
-8.764911996293592855e-01 4.651360159368435276e+00
2.344778207136362980e+00 7.901329980166640343e-01
-3.468430020972575800e+00 2.545381649646884625e+01
4.524049295746475075e+00 4.620765948471372564e-01
3.911131770861223877e+00 5.487295787493358112e-01
2.687250244673867972e+00 7.229891912709747182e-01
-3.761420719040332372e+00 2.854376518878879310e+01
8.172539686508932810e-01 1.415941125553601632e+00
-3.761346815413724176e+00 2.840562879285593922e+01
-6.122484872215966156e+00 4.911462266336977223e+01
-2.171894154635394814e-01 2.658705974217059342e+00
-9.757259830065541095e-01 5.043845028888923387e+00
-3.110484095517247471e+00 2.226125290239028942e+01
1.472006488027128412e+00 1.032042731213731024e+00
-4.513130727777985296e-01 3.235302797403561748e+00
5.634214979009371405e+00 3.305999194065077362e-01
-5.938703630572147452e-01 3.710702934242077866e+00
-3.738306894969591454e+00 2.793380457839231568e+01
-2.192609281463757220e+00 1.357826309939400389e+01
-2.924030092592453833e+00 2.068944077901808143e+01
-2.251269483145328376e+00 1.391501947753210722e+01
-3.446436006823740072e+00 2.526747335569014297e+01
3.858673517063662683e-01 1.837591214759314084e+00
-3.274740201019780361e+00 2.374484364738705722e+01
-1.665052975802546964e+00 8.866534063300198554e+00
-5.575056500687486372e-01 3.495848573184088703e+00
6.025007325194675190e+00 2.962496605474786437e-01
-6.000903207300442688e+00 4.086489182282739563e+01
5.681920646796667640e+00 3.140766922196901456e-01
1.891556316600468524e+00 9.065671143924771691e-01
-1.498906699133941478e+00 7.784008974438911821e+00
1.127371540412479556e+00 1.242711794753204479e+00
-8.378012407801921357e-01 4.361078959208745331e+00
-1.880678500290047017e+00 1.049767142003209486e+01
1.112958699270306218e+00 1.247641444787330967e+00
1.014294324108465206e+00 1.294955647370243934e+00
-2.504148704051558205e+00 1.644221958038471954e+01
4.907828649784889308e+00 4.149640384994824904e-01
-5.750991639841112502e+00 3.753805733273902234e+01
-4.033468403822128678e+00 3.090169818299976612e+01
-2.451115602947823824e+00 1.617761374255659490e+01
6.682275891495932374e-01 1.526305211713816945e+00
-3.277252621550673095e-01 2.939866454668671469e+00
-2.629757563687443511e+00 1.815319310581649148e+01
-8.535556723202480933e-01 4.459044110174064102e+00
-2.219353501040201682e+00 1.362966574379927742e+01
3.836747752659280586e+00 5.519675074845269425e-01
3.509426604835277796e+00 6.033961145255195557e-01
-5.799933276813551863e+00 3.842813819731535574e+01
-2.931426307156194344e+00 2.069104694962973667e+01
-2.151365547939398937e+00 1.330187026450610333e+01
1.686590103346679470e+00 9.653800644035415157e-01
1.351737890444247858e+00 1.095550991716812250e+00
6.564531399525590227e-02 2.293173331844043261e+00
6.100557019300156814e-01 1.592073323784856331e+00
2.988876112331178003e+00 6.778811062917966535e-01
4.694110617252387208e+00 4.389593113615804509e-01
-2.978469357569334175e+00 2.102363984607154990e+01
-1.569485945607796751e+00 8.170433184346826749e+00
-1.656372194228812100e+00 8.790857976244282668e+00
-1.940447748780266490e+00 1.104398908692505366e+01
-1.142803624693401243e+00 5.577149779884480019e+00
-1.637531498071811420e+00 8.499912528436363246e+00
-6.023450703368593118e+00 4.184625232798687477e+01
-2.547367513412577722e+00 1.699119423342131441e+01
-9.373047506056069178e-01 4.811563609940600728e+00
-6.027371909461834321e+00 4.224027972483181514e+01
-3.318620810586965675e+00 2.427353406508892419e+01
-1.886505766368567594e+00 1.061167540220957584e+01
-1.736948554939637290e+00 9.453925637785703273e+00
-1.088750306780964294e+00 5.314072385607519600e+00
-3.561618582859547466e+00 2.632863067567790694e+01
-4.029575386343812404e+00 3.084502416992495455e+01
-2.067972672583466398e+00 1.214652868728270008e+01
1.050753441857459336e+00 1.274179656004576611e+00
-5.741503129150911988e+00 3.686897592364744725e+01
3.639538320733916255e+00 5.877947021420202312e-01
-3.464439184322251286e+00 2.539792655339005378e+01
-3.502781296355033547e+00 2.577972206223668294e+01
5.677530468924026685e+00 3.182200624459374794e-01
-9.975087461537599509e-01 5.124543802326465780e+00
-1.245951565784932491e+00 6.142944586261378070e+00
4.079078492236237752e-01 1.823725633332689888e+00
-1.821783572783524763e+00 1.003810000425707649e+01
-1.674613408177413554e+00 8.969918597342143585e+00
-2.093204914722756271e+00 1.230207232153817465e+01
-6.114948997781695539e+00 4.681089591629542923e+01
-6.116216282006191385e+00 4.704051036187040324e+01
2.534474380251111825e+00 7.474649603254706065e-01
-2.271320872260990456e-02 2.406308047668368033e+00
-2.716432270105844982e+00 1.862232804738910730e+01
-1.088889147044277417e+00 5.405460217800736267e+00
3.479063967999270757e-01 1.866478649534087930e+00
-2.585039360249666629e+00 1.741025834225529323e+01
-2.225110409367260011e+00 1.367911653141459460e+01
1.442208499966119328e+00 1.040509914783728007e+00
-2.857989835586459471e+00 2.038443840693110332e+01
-3.380486276593201445e-01 3.057782476049329734e+00
-3.492673982193202242e+00 2.565021224269153421e+01
-3.974652539572926635e+00 2.982234992608788104e+01
3.573379898664804877e+00 5.916338696852172507e-01
-1.637531498071811420e+00 8.499912528436363246e+00
-3.110533915970449925e+00 2.235903167403783343e+01
-2.325300781731819644e+00 1.463353220490023432e+01
1.596407474015274275e+00 1.004056160438433043e+00
5.132487631591060584e+00 3.842906975563624705e-01
-4.355231605455445631e+00 3.240151473753141431e+01
-1.940447748780266490e+00 1.104398908692505366e+01
-5.783854675430804448e+00 3.817353697500007570e+01
-1.536956095471281092e+00 7.889758452159673752e+00
4.405456094314938120e+00 4.760960748257581088e-01
-8.831775391184923385e-02 2.578150082004866839e+00
-1.363034934015377175e-01 2.581223492693552668e+00
-2.710744710201956842e+00 1.849318837556904782e+01
-2.793695035712523644e+00 1.953589783724249074e+01
-4.604338050022640516e-01 3.284554976989714437e+00
5.215841679085239768e+00 3.841505639706350728e-01
-2.395766008918118306e+00 1.563175480771325176e+01
-1.719633325715947292e+00 9.205997917872650760e+00
1.505455494600307143e+00 1.031800941546996420e+00
2.594166408051264305e+00 7.447498499806212147e-01
-5.958319800472512640e+00 4.034632318530995576e+01
5.262260647533814506e+00 3.660308830844630212e-01
-2.963833093039240918e+00 2.095712806205385093e+01
-1.704980842702381372e+00 9.176786395191280477e+00
4.490740901139938401e+00 4.620772916594462210e-01
-5.402024693557397228e+00 3.615074579862705662e+01
-6.278049696144777370e-01 3.765216360905788928e+00
-4.029019508084222601e+00 3.068116818407784407e+01
-6.086240154822611714e+00 4.504488713592311200e+01
-1.686530288790778265e+00 9.002468875112912272e+00
-2.143161816837409361e+00 1.313249741280509575e+01
2.151272536278614034e+00 8.424111423754732098e-01
-1.809299487018098507e+00 9.921493974008546601e+00
-2.875700171123353410e+00 2.048775533062938692e+01
-2.261816659069624702e+00 1.419312453554267428e+01
-6.050824304032135892e+00 4.362476002132690667e+01
3.235740775191379370e+00 6.467230909107198888e-01
-8.736298249763502222e-01 4.552259887218329304e+00
-4.228677464361401128e+00 3.173481883215664112e+01
8.468887640262702521e-02 2.259391952619267396e+00
5.174886598914344660e+00 3.842694575434399407e-01
5.634214979009371405e+00 3.305999194065077362e-01
-3.450493602701951712e+00 2.529813940410308604e+01
-3.141241030348736363e+00 2.256518729368525200e+01
-6.116216282006191385e+00 4.704051036187040324e+01
1.561869312688752287e-01 2.092124820788378692e+00
-6.048009557944810100e-01 3.747102871733658969e+00
5.457997283179616410e-01 1.702611150369788273e+00
-2.760435916456121852e+00 1.948179342452068852e+01
2.523287294445970996e+00 7.538212915097133315e-01
-3.115551970323072073e+00 2.248884838278098286e+01
-3.536379510163193629e+00 2.595580152460735235e+01
-2.143272157736634931e+00 1.328102484128172556e+01
-8.273963620964004395e-01 4.319783759161176739e+00
3.602145717002614433e-01 1.866089263815702948e+00
-5.591525033386118837e-01 3.532318058183851139e+00
-6.352239503077922178e-01 3.829100491837978293e+00
4.835624865757343072e-01 1.731241047249488352e+00
-6.090074366045532095e+00 4.506796739666241081e+01
3.991520131532872107e+00 5.327045316772249794e-01
1.377612826902219867e+00 1.093626601660142361e+00
-1.284192188535915102e+00 6.357383450663016689e+00
-3.381409330887127584e+00 2.477449748705685550e+01
-6.107017753136009475e+00 4.632621573766335388e+01
-3.108418613111578299e+00 2.210155351255917111e+01
2.615702130019174287e+00 7.240333725474719095e-01
1.073999377195434812e+00 1.253566339031703336e+00
-3.382147199276865468e+00 2.482788220855962180e+01
-2.961572440998342604e+00 2.087750862413114206e+01
2.062059231233491219e-01 2.009063345249980870e+00
-2.367671764165975912e+00 1.492043893354031781e+01
-1.795239480024789058e+00 9.786224749550479274e+00
-1.583294152499239216e+00 8.209976074784464117e+00
-1.557066407935549623e+00 7.941997540849222048e+00
-6.050824304032135892e+00 4.362476002132690667e+01
-2.240274600548628037e+00 1.389780489032759192e+01
-1.736948554939637290e+00 9.453925637785703273e+00
-3.987523637626177564e+00 2.992052079525516106e+01
-3.002703360733800064e+00 2.120610181823257889e+01
-3.069366331231253645e-02 2.406407066293899888e+00
1.332185511527672964e-02 2.376996500094007203e+00
1.266776160374284421e+00 1.173068204679303950e+00
1.024672713263689305e-01 2.249448013317963735e+00
-2.367671764165975912e+00 1.492043893354031781e+01
3.365617425687322140e+00 6.191571999969758267e-01
1.332185511527672964e-02 2.376996500094007203e+00
-6.072640831880492307e+00 4.456532046487954801e+01
-3.139544587174247781e+00 2.256497074638651767e+01
-3.372968819208595370e+00 2.466750985024998855e+01
5.193154396800073735e-01 1.724621829237053650e+00
-3.338508868550126518e+00 2.430435619540607561e+01
-1.333542979923301841e+00 6.574268325597329543e+00
-4.605498818474218048e+00 3.309226677540176098e+01
-1.339421778159073151e+00 6.615937848354127127e+00
-6.078518923899052240e+00 4.471039845526190248e+01
6.365297594640686452e-01 1.566885436639813500e+00
-4.078380813986602682e+00 3.099763994464469619e+01
5.178588193485698987e+00 3.841711913858930627e-01
-3.006546213604326834e+00 2.120626799498352355e+01
-1.109079376192853239e+00 5.453598769668777990e+00
-4.605498818474218048e+00 3.309226677540176098e+01
-6.136535657246571240e+00 5.710742991011409231e+01
-6.082694587949875498e+00 4.471091112959248903e+01
-1.200851628806114402e+00 5.845790524392752374e+00
-3.574210339855383278e+00 2.642299030447700758e+01
6.426733359667179402e-01 1.552455497105372118e+00
2.382639751541523410e+00 7.783390993269230229e-01
2.232064575342669333e+00 8.090254497442070925e-01
3.347463428199602742e+00 6.235987879088537023e-01
-8.604417718657381142e-01 4.508701594767715370e+00
-3.356249931753447324e+00 2.440802671046670369e+01
1.561869312688752287e-01 2.092124820788378692e+00
-2.185645348800873577e+00 1.343000135720572707e+01
2.803874381055949438e+00 6.999009820304468166e-01
-2.871438656298534564e+00 2.048689174885630138e+01
-5.366976058675514416e+00 3.602458885371760289e+01
-2.587409171415831821e+00 1.741111728949856641e+01
-4.823303514954753624e+00 3.405355688033085215e+01
4.476032340770915496e+00 4.621315838766386075e-01
-2.124124329099196906e+00 1.267507376531196961e+01
-2.760435916456121852e+00 1.948179342452068852e+01
-5.353276115632151999e+00 3.602348300142575255e+01
-9.819360003313518659e-01 5.044395682760735689e+00
5.244202367901530160e+00 3.668747883236455620e-01
1.947795049837218073e+00 8.823077314819334216e-01
-3.526796893945518985e+00 2.584920044247790827e+01
5.560349525876514543e-01 1.662329511258995751e+00
-2.185812043133819049e+00 1.352033497826883313e+01
-1.271412789824188261e+00 6.350339472705536004e+00
-2.602484789571462898e+00 1.751368427362686120e+01
-2.613269567450388298e+00 1.764337510303271372e+01
-1.962542116354697219e+00 1.124165972646880363e+01
-2.613917620643079198e-01 2.774942217328398186e+00
-1.861160504285456874e+00 1.044954580078403872e+01
-3.498461057402047381e+00 2.574226419483663264e+01
-3.841190924403242501e+00 2.917192792870138263e+01
-3.862017466750073069e+00 2.925076468499067772e+01
-4.835367110953169956e+00 3.409217720497861848e+01
-1.813093151356731658e+00 9.921711656689378600e+00
-9.268019385534961296e-01 4.718117035627972022e+00
-9.493866232821257523e-01 4.891744867906647976e+00
-2.602484789571462898e+00 1.751368427362686120e+01
-2.037014934526522325e-01 2.610608812292706027e+00
-3.393507931092855756e+00 2.491997911862953785e+01
1.265069024687776711e+00 1.174662279357890027e+00
4.548641992673840839e+00 4.605884691076929105e-01
-5.778846135642558224e+00 3.817344286127659814e+01
2.047601738433063367e+00 8.670388335536181046e-01
4.559498242436037962e+00 4.557703362428318639e-01
-6.131314244029359983e+00 5.039694996490272416e+01
-3.070850951314820776e+00 2.183364976582792139e+01
-4.984092753589344227e+00 3.504271040100021395e+01
-5.389765770944316081e+00 3.605772367579131554e+01
4.372385318788791331e+00 4.760967667060785891e-01
-3.068410919513474333e+00 2.180420533992690224e+01
4.047210579993713253e+00 5.153461532913250487e-01
5.958209225296980938e-01 1.626757665151773891e+00
7.630956273276939816e-01 1.470573033393609119e+00
-3.358837419618007636e-01 3.009585307731837300e+00
-1.064095160093863068e+00 5.278305983878951224e+00
-1.477381888780695984e+00 7.620013974798963474e+00
-4.820189638533838861e-01 3.318713842503226097e+00
-3.300196896155094262e+00 2.389071638895476468e+01
-6.091092114591351248e+00 4.522751766643212790e+01
4.663550877275736362e+00 4.420300592609965329e-01
1.173707503358463328e-01 2.212852676523417106e+00
-1.199403294832629863e+00 5.841886351622231466e+00
-5.756213280278973249e-02 2.442908189188087498e+00
2.029409634294133402e-01 2.016156445523329843e+00
-6.136535657246571240e+00 5.710742991011409231e+01
7.609595484986499514e+00 1.601823601038189215e-01
-3.974652539572926635e+00 2.982234992608788104e+01
4.061620937301516854e+00 5.151434753332732042e-01
1.389691378050011084e+00 1.068662844379543175e+00
-1.852670363606779835e+00 1.033254255557439194e+01
2.328685110839626926e+00 7.992916737076305456e-01
1.324627855542346522e+00 1.097960465233716265e+00
5.759982823666075502e-01 1.662117838132255443e+00
2.062196263443580424e+00 8.635379015315087781e-01
7.630956273276939816e-01 1.470573033393609119e+00
7.921573609574362740e-01 1.451660265824702645e+00
4.405456094314938120e+00 4.760960748257581088e-01
3.327741845928293252e+00 6.294016262825598007e-01
-3.115209516782211363e+00 2.246996549925090036e+01
7.921573609574362740e-01 1.451660265824702645e+00
-2.613269567450388298e+00 1.764337510303271372e+01
-2.625807841679230759e+00 1.812754808106983972e+01
-2.643083379728294879e-01 2.775024468689677448e+00
-3.526796893945518985e+00 2.584920044247790827e+01
-1.852670363606779835e+00 1.033254255557439194e+01
4.775845345906466477e-01 1.735704267758108044e+00
6.170923433380239409e+00 2.778807898220113093e-01
-1.155752625082408835e+00 5.604209451434726930e+00
5.227142451114851873e+00 3.841405403995534762e-01
1.704975239480693849e+00 9.563323474981949568e-01
1.733981024263703041e+00 9.429680939405462592e-01
3.204603049700951889e+00 6.497107505969687002e-01
2.777597377683189706e+00 7.091986238071116277e-01
1.450032525844309639e+00 1.040475565076126596e+00
-6.120322689271292305e+00 4.897783196478931700e+01
-1.550245448437116425e+00 7.915640251979046305e+00
5.226762806243914206e-01 1.719113812975250788e+00
-5.756213280278973249e-02 2.442908189188087498e+00
-1.480597637220810059e+00 7.620422925599681818e+00
-3.950195366576365608e+00 2.964600468424049140e+01
3.315862958179721875e+00 6.300316010642909026e-01
-1.520168567758896083e+00 7.827787247948760907e+00
-9.279578002743099630e-01 4.745662494607048032e+00
-3.862017466750073069e+00 2.925076468499067772e+01
-3.871245973128006224e+00 2.935007935211073260e+01
3.113624610867752995e+00 6.548103402945658624e-01
-1.520168567758896083e+00 7.827787247948760907e+00
-5.385729275965395857e+00 3.605768734391062935e+01
-1.864828592816025088e+00 1.045269394742453883e+01
-1.689330432612293542e+00 9.123099730497731485e+00
-8.831775391184923385e-02 2.578150082004866839e+00
-1.963952808943270512e+00 1.136098298444296262e+01
