6.616328759805642612e+00 4.011772919918756486e+01
1.362358912124953925e+01 6.595754128034878039e-02
1.336067857297244821e+01 6.696301327563652928e-02
1.296021256485178874e+01 8.793625955150750906e-02
1.144284341179360531e+01 1.589290343744282630e-01
1.117996496970061493e+01 1.750827751233420271e-01
1.053520563060043180e+01 2.435221283047801222e-01
1.028052604002537329e+01 2.546229320689029629e-01
1.319234952916553283e+01 8.755902537334066260e-02
1.359429241327253912e+01 6.666601721883147480e-02
1.275830304912852675e+01 8.807809321957152382e-02
1.239628458379654852e+01 1.100502151845751536e-01
1.167953699333983053e+01 1.534983513344208572e-01
6.622892759151659092e+00 3.748054047778777687e+01
1.274287719656839357e+01 8.949186936406750004e-02
1.255609509875977992e+01 1.092210148902917621e-01
6.618091541200465500e+00 3.846116392094065617e+01
1.312361184336216269e+01 8.756031326000922321e-02
1.246889428742364103e+01 1.093983616512833462e-01
9.574280636241192965e+00 3.793583954788380952e-01
1.225477368528203215e+01 1.101074268239501525e-01
6.624070994327776241e+00 3.704530933550465477e+01
6.617755834451642727e+00 3.917696964502261636e+01
1.106133351728612269e+01 1.751847854340353450e-01
1.117996496970061493e+01 1.750827751233420271e-01
6.620323512845524228e+00 3.815221985412068761e+01
1.151866601521188294e+01 1.564071678311599045e-01
1.178427378276587767e+01 1.374786460307713953e-01
1.105462373061425829e+01 1.758386632007169492e-01
1.095796302542669309e+01 1.968804579760463080e-01
1.214847440479328711e+01 1.109998897639301180e-01
7.249532729233367334e+00 7.606292865879357379e+00
1.158527912308585073e+01 1.537186097142333174e-01
1.187455532407544467e+01 1.323913540831783697e-01
1.065292394278946375e+01 2.401611904419549692e-01
1.079907071138129915e+01 2.190246258248226829e-01
6.787153579833676176e+00 3.176778649354232442e+01
9.491267260900297487e+00 3.940066557985484885e-01
1.194983602050411875e+01 1.322831174570473500e-01
1.178798211654411610e+01 1.324672982119174669e-01
1.204069379057038169e+01 1.316308615215498745e-01
1.207359227143642322e+01 1.316173638666230383e-01
6.883289024630332875e+00 2.653156586380734083e+01
6.789556274719752871e+00 3.126553952160710637e+01
6.882104521671234210e+00 2.697446862796790157e+01
6.616610867624828529e+00 3.965741977595683210e+01
6.851169346374507363e+00 2.847978147132504745e+01
1.255609509875977992e+01 1.092210148902917621e-01
6.850576051336762617e+00 2.891535101685091291e+01
7.247512132093135939e+00 7.972958422393370270e+00
6.617755834451642727e+00 3.917696964502261636e+01
6.690918379490946144e+00 3.486816845723117808e+01
9.633077856605391176e+00 3.662092191842384326e-01
6.979796606978005968e+00 2.059366312282107003e+01
9.130864355273972777e+00 4.854789870679275254e-01
6.758683534034392260e+00 3.260364816682943001e+01
6.758153952962453914e+00 3.301760118271846522e+01
6.978409429007349729e+00 2.099196699283863055e+01
7.194410850741829400e+00 1.001803008425637032e+01
7.177170449175557465e+00 1.067614624220914443e+01
7.066473946008638762e+00 1.586934242795231320e+01
9.986674274568178689e+00 2.957722885479076025e-01
8.770587449732241581e+00 6.126951502779881542e-01
1.222510562175985172e+01 1.108813907201609550e-01
1.027147927297582797e+01 2.558152177514521064e-01
1.012000152885464921e+01 2.777949092197117831e-01
6.616435414045793273e+00 4.007167275274436236e+01
1.061435348646770471e+01 2.409375558424255437e-01
1.088781962938167780e+01 1.976942818978847660e-01
6.957070524316002036e+00 2.220576150601339904e+01
6.908547446319691865e+00 2.518660842589044790e+01
1.188213807825690438e+01 1.323807764038928136e-01
1.054098704224173311e+01 2.409873701847299876e-01
6.958336553054936147e+00 2.183665244406857298e+01
7.053257569603786692e+00 1.673705404116208229e+01
7.066010689703032810e+00 1.627726637142468036e+01
7.200833409143513109e+00 9.742603130459434269e+00
1.005448220415377314e+01 2.957598516268297173e-01
6.864580283904075486e+00 2.786103379426880622e+01
6.899116438499312665e+00 2.571517688545205971e+01
9.437910010932444749e+00 4.164525642049973775e-01
1.312361184336216269e+01 8.756031326000922321e-02
6.616526542993122817e+00 3.967932083790370967e+01
1.073037146321123636e+01 2.191367430741599232e-01
1.005677379797887383e+01 2.918007714559596733e-01
1.020603570268833060e+01 2.733963807776663146e-01
1.082047531277494201e+01 1.985155954828262681e-01
7.165604902345270588e+00 1.169007649998336262e+01
9.785975768091130789e+00 3.445501789573256479e-01
9.741874250162734228e+00 3.447734909289458805e-01
1.194888534502410593e+01 1.323257890978482842e-01
9.191878644119682917e+00 4.746634880121231026e-01
6.916893894883861194e+00 2.437321550031778372e+01
8.835073124648353371e+00 6.004211032205882814e-01
6.951437556634277648e+00 2.237895304991254264e+01
6.898873577057072382e+00 2.608486542624886440e+01
9.375845930492607394e+00 4.309043392605429457e-01
9.718928805384932090e+00 3.484941000313587223e-01
7.114776952396334231e+00 1.368159760925606250e+01
6.944790028419964401e+00 2.288502324113949982e+01
1.089712189109964413e+01 1.971921157675953218e-01
1.070847499689499394e+01 2.252623610519415842e-01
7.052159951539333171e+00 1.699342122513960973e+01
7.119659211503541307e+00 1.336942589974885287e+01
1.095654342299594219e+01 1.969373033807272078e-01
9.339364800305533620e+00 4.318831190140996479e-01
7.138906317631326992e+00 1.247861132047811061e+01
7.202926540208439476e+00 9.432601581973278471e+00
7.166056095908445833e+00 1.136242891755128781e+01
1.213125424748070280e+01 1.314705253297029641e-01
9.319149306412835898e+00 4.447688813277186348e-01
7.100235955347584671e+00 1.438698194184975421e+01
6.868187213040185313e+00 2.762010610213121709e+01
7.135474115339563106e+00 1.270167073454686602e+01
6.619351710587630500e+00 3.822787400357473331e+01
6.928735079565131016e+00 2.386833157513444448e+01
6.947724892364035121e+00 2.263336744212094942e+01
7.196398070329199648e+00 9.800908502644613662e+00
7.015893612712192251e+00 1.851879290727927341e+01
1.017150163750210545e+01 2.767334715899403830e-01
6.631000979397480677e+00 3.680300426808483394e+01
7.088037389590006399e+00 1.495283616582300468e+01
7.427043414553918588e+00 3.877402950067677878e+00
9.485465989172414680e+00 3.980721862278659429e-01
7.272590362163394495e+00 6.941414714770262506e+00
7.134628990533930626e+00 1.277695432473770687e+01
6.690949082190389419e+00 3.460593209493676881e+01
7.414738510424295548e+00 4.005732807982234078e+00
8.633284404854231653e+00 6.807782810799216655e-01
7.072375516758322433e+00 1.564315397362203974e+01
9.961529834581577703e+00 3.144559888289818472e-01
6.634104354652373914e+00 3.670200124153893029e+01
6.919225818045383392e+00 2.410094422166326922e+01
7.025501318685534180e+00 1.822897862749315578e+01
7.062678653042341104e+00 1.634860108042079929e+01
7.005337414513933325e+00 1.918150345747254093e+01
7.134175705122751232e+00 1.299413355839602602e+01
6.876279843848526419e+00 2.735103234563802133e+01
6.648335219480676628e+00 3.628377888250576433e+01
6.774469804461226374e+00 3.229779281292104542e+01
6.930194704449951004e+00 2.359838425237461479e+01
6.947845793833513639e+00 2.258829115639510121e+01
7.252236263735109212e+00 7.444956920596955463e+00
9.928311115477866267e+00 3.157395287839229736e-01
7.146618249057790528e+00 1.226657683757821005e+01
9.441281243153527569e+00 4.117964565710322544e-01
7.246360050000240527e+00 8.077483671443236091e+00
7.410730717299181869e+00 4.189174617023108560e+00
7.040561304573848211e+00 1.735042455007701534e+01
6.825234190506761500e+00 2.999213028060724540e+01
7.179189983283595922e+00 1.046490798298182412e+01
6.938071647753962345e+00 2.311473147474837475e+01
7.011112059394437601e+00 1.888596964153294877e+01
6.891930913676053372e+00 2.632232827957436427e+01
6.650786673902148394e+00 3.608256526790251684e+01
7.066824375150875248e+00 1.583290524884328221e+01
6.831556916296535498e+00 2.976845564985522330e+01
6.913294652470134416e+00 2.478239073789590208e+01
6.904596860128091151e+00 2.539486050618665303e+01
6.727328211608508468e+00 3.344540265380517496e+01
7.533883497581143729e+00 2.757333257593706399e+00
6.806291284899460337e+00 3.057435265542909519e+01
6.996616916528330954e+00 1.985577656456891305e+01
7.738000327827133873e+00 1.733109939145329959e+00
7.193429866681381846e+00 1.023807825418371920e+01
7.093139009937825534e+00 1.472416740109274613e+01
7.102061279123592641e+00 1.408868515918215536e+01
6.653922101000224743e+00 3.585381060149734367e+01
7.523516366922308407e+00 2.875823509613196993e+00
7.434498040098739047e+00 3.723171150483271408e+00
7.267653555955194022e+00 7.127168167790128628e+00
6.958586031500852975e+00 2.179607392796819099e+01
7.402564037455886314e+00 4.374052345322500202e+00
7.263270184332453638e+00 7.190446500803408192e+00
7.060981693473690868e+00 1.653181463562954789e+01
9.894660503358263526e+00 3.210895776645422139e-01
6.690760028410074334e+00 3.508785964265108248e+01
9.680764243690090254e+00 3.611275439092154205e-01
7.215900883175375924e+00 9.366618454573927721e+00
7.405012082776012861e+00 4.215356338977002792e+00
7.228149571405058538e+00 8.825941371712916705e+00
6.911274219123808571e+00 2.482059593682625831e+01
7.457215984987364266e+00 3.456663450799761339e+00
9.284351059748438217e+00 4.454676925024183554e-01
7.176919594618666132e+00 1.090284887250489376e+01
1.015219905295862901e+01 2.772983655707368378e-01
6.931590050441796436e+00 2.351723711202842892e+01
6.934699257887016799e+00 2.330850489432337369e+01
7.905818113540795444e+00 1.296117042262289187e+00
7.280842024149026592e+00 6.881453807496913377e+00
7.262729925947525977e+00 7.374542681099489627e+00
7.637346884249926582e+00 2.103611965140420370e+00
7.321080124626934804e+00 5.771583079330500077e+00
6.741930494304932964e+00 3.315889424787892636e+01
6.640075787540271612e+00 3.637102118614511426e+01
7.011965917261490766e+00 1.866859230731812502e+01
8.529526916359831290e+00 7.273928226253258966e-01
1.061774809021802746e+01 2.405758631648051149e-01
6.683799952074706674e+00 3.514418524794645293e+01
7.229478016816617725e+00 8.613690188401928793e+00
6.741610325210282362e+00 3.328985596307552441e+01
7.660692713691730660e+00 2.085927047241102894e+00
7.243045043977143216e+00 8.212954641678654966e+00
6.921996373726701179e+00 2.392065638976728437e+01
6.881463398083922378e+00 2.703350210306382095e+01
6.860041950159629032e+00 2.820116327527844646e+01
7.811353692704006590e+00 1.526597594666138979e+00
6.769668445698085790e+00 3.248456840284547553e+01
6.791222394390137751e+00 3.124850902243389328e+01
6.935689905509547337e+00 2.318941867028481596e+01
7.029796391368412500e+00 1.801965338423592655e+01
9.006897977046316228e+00 5.289152549435861550e-01
8.912295282832907617e+00 5.647949567980712349e-01
6.991170626689616974e+00 2.018799071474849072e+01
6.913935295051858887e+00 2.457612455234540505e+01
1.155532529573733669e+01 1.560165266227593606e-01
7.084695497806238862e+00 1.514328622114537382e+01
9.375845930492607394e+00 4.309043392605429457e-01
7.127938103995193231e+00 1.314465532230879674e+01
8.236998916197194376e+00 8.861844367449109861e-01
7.218461840057184276e+00 9.201385013018562375e+00
9.249158573780540848e+00 4.568369734493612500e-01
9.219318626825010909e+00 4.709840133945245588e-01
6.784349511250366227e+00 3.191228987438569220e+01
7.091813109780332525e+00 1.487600022932241650e+01
8.329083366878357708e+00 8.360221497067991114e-01
7.149391005939742527e+00 1.208319442032796687e+01
7.282325589329968984e+00 6.684381566986379752e+00
6.953429839906247523e+00 2.224366984911818435e+01
7.969435493095325285e+00 1.183909120421794192e+00
8.979527708102532202e+00 5.381967603890013274e-01
7.021427889732131611e+00 1.841055427756424123e+01
9.815691494006205886e+00 3.306301855452824512e-01
7.096016038122259673e+00 1.454371616202661954e+01
6.961527843999526510e+00 2.161005571423135763e+01
7.395260057897791839e+00 4.404351642514111376e+00
7.466068810406608414e+00 3.355703954257241772e+00
6.659314632817977753e+00 3.573117528244848984e+01
6.648453752929734506e+00 3.608319463819140793e+01
7.994095093529068663e+00 1.151396418574379243e+00
6.846257760489860011e+00 2.908303631073104611e+01
1.020603570268833060e+01 2.733963807776663146e-01
6.666747337862679146e+00 3.558549097802272598e+01
7.003479172026838562e+00 1.936170368572274469e+01
6.908836041400761907e+00 2.498789711573806827e+01
6.636955795573181049e+00 3.651905709669264155e+01
7.055541341264619071e+00 1.659626068911122587e+01
7.419410834407899280e+00 3.943381150938372937e+00
7.304343183345594959e+00 6.240267622629596111e+00
9.032402951875626584e+00 5.285925185240337720e-01
7.836865638991923788e+00 1.460977350723194679e+00
7.046645848472298468e+00 1.725069526978831291e+01
6.836043681669904615e+00 2.949491164055341486e+01
6.919348908134874243e+00 2.406922581207649969e+01
8.351085099350918028e+00 8.236319765709896323e-01
9.872523312243615123e+00 3.257617863419033366e-01
6.877713820803609046e+00 2.720732398122585494e+01
7.504528964211990782e+00 3.047938191496301741e+00
6.680564248876835087e+00 3.535643186030773677e+01
6.671593932376531200e+00 3.545923926069124832e+01
6.893176758644480984e+00 2.613606322696130135e+01
6.846886590403957307e+00 2.894853626111896716e+01
9.654479192998490333e+00 3.624012040634934095e-01
7.939989845987619255e+00 1.207342086836625583e+00
8.011384360762638934e+00 1.119963583813551100e+00
6.902816955705624480e+00 2.561087485337847269e+01
7.101623642586281981e+00 1.424285557413150727e+01
6.717966184616622982e+00 3.383600571060954820e+01
7.121825448577519424e+00 1.323818359162261515e+01
7.322287694945265102e+00 5.664641356443135045e+00
6.941481080615754529e+00 2.295848969898179703e+01
1.204069379057038169e+01 1.316308615215498745e-01
7.922300642085289724e+00 1.236028688738168402e+00
7.142865505611832866e+00 1.240932479315270598e+01
7.000546823160033405e+00 1.953754966126217241e+01
6.981548716435366231e+00 2.053502313695910431e+01
8.539858855046498221e+00 7.203867734743184537e-01
7.448324336899992737e+00 3.615165931241024921e+00
6.873019172117190045e+00 2.758611467920850302e+01
6.794890306217283182e+00 3.108235188682270334e+01
6.776279967098622237e+00 3.199141870182190672e+01
6.817902375185895814e+00 3.031596952205063999e+01
7.128118367341976125e+00 1.302052988914329035e+01
1.013197647625024089e+01 2.775243975964764576e-01
8.961761639876913321e+00 5.412384588821133047e-01
9.253254428990636882e+00 4.565189720148713493e-01
9.809635080143323194e+00 3.426537913327928342e-01
6.819092478615553787e+00 3.017439137509485292e+01
8.359468024648457174e+00 8.137624240867250558e-01
8.398270369993808160e+00 7.942643179849446788e-01
7.630847059255866149e+00 2.226862042506421169e+00
6.983753193047490093e+00 2.042888010245272312e+01
7.001872998611940346e+00 1.943421991638109247e+01
8.416994119566370003e+00 7.828881680475877625e-01
8.659885835314256042e+00 6.704892777737827547e-01
6.964942951091496859e+00 2.148107708113698422e+01
7.310643406405563205e+00 6.057026900794906688e+00
6.908836041400761907e+00 2.498789711573806827e+01
7.549329939887130969e+00 2.692127891922078575e+00
7.097175976231268280e+00 1.454355534485778811e+01
6.712457832087993737e+00 3.403636729466920485e+01
6.799702928920830836e+00 3.079629977777024408e+01
6.799280103758246874e+00 3.097427755812365291e+01
7.030891012314178568e+00 1.785833337691645895e+01
6.967465112893126644e+00 2.142394880505712251e+01
7.010031184916018177e+00 1.903135845088179678e+01
8.265684313365946778e+00 8.842864031333136365e-01
7.765148498107876662e+00 1.633541684211691436e+00
7.855513830528626507e+00 1.456294746521348493e+00
6.863142865548735649e+00 2.799157050370191158e+01
6.726493925142569275e+00 3.361419702309246560e+01
8.675386230067022808e+00 6.627452666414478388e-01
7.362115637534258461e+00 4.913910588397128798e+00
8.182794619529470737e+00 9.433480027082428165e-01
9.843303000721595808e+00 3.305738418409251422e-01
8.379865169132578728e+00 8.044446054653231482e-01
7.485829449599059160e+00 3.259523346467146698e+00
6.774669241156493271e+00 3.223484862793284833e+01
7.037784284722199857e+00 1.777526873640525196e+01
7.040230018898793851e+00 1.747896264926837873e+01
7.037845997340884452e+00 1.764053880574551059e+01
6.858206374371015102e+00 2.836570608276799987e+01
8.923945529035657742e+00 5.560301267735665576e-01
6.997775336782133593e+00 1.968797222682153247e+01
7.011965917261490766e+00 1.866859230731812502e+01
7.158193036451119262e+00 1.196318966743609735e+01
9.041317129972659572e+00 5.275433252534192929e-01
8.116018099859234169e+00 9.959853715764258597e-01
7.388983034265494076e+00 4.498866529549161442e+00
1.156000309383967029e+01 1.538925222054602360e-01
6.702141963402809210e+00 3.437916979120051053e+01
8.503986949414118257e+00 7.366748907277721470e-01
7.114292576277568614e+00 1.375711465141100653e+01
7.150527643539775546e+00 1.208304732982437457e+01
6.806849543283549409e+00 3.045050986132094906e+01
1.360001855293096718e+01 6.648643657184558076e-02
7.759776873484818260e+00 1.689722859486628037e+00
6.880922977803653140e+00 2.718296376248792612e+01
6.710049132346979306e+00 3.434557791841540109e+01
9.280943547583294873e+00 4.545538356079311115e-01
7.076050056371324004e+00 1.543697372297511272e+01
8.691680241049592581e+00 6.542514826207342926e-01
7.556611647892245820e+00 2.631379351802178856e+00
7.614638699302409108e+00 2.230848042514855578e+00
6.998379201140667583e+00 1.960176532067831801e+01
7.226304499880618515e+00 8.826658866659416347e+00
6.636955795573181049e+00 3.651905709669264155e+01
7.186762010631421838e+00 1.040702219226574954e+01
8.995642640225332443e+00 5.299916336318509780e-01
7.103369090377046113e+00 1.396007756683183132e+01
7.368040398913101363e+00 4.731077953291523919e+00
7.144778594649034531e+00 1.232439819190559938e+01
7.336931059733516669e+00 5.482862753405715495e+00
8.606121583326501678e+00 6.887507230504132938e-01
6.697031601250539978e+00 3.447959432854021600e+01
8.611299230059357157e+00 6.876826704830055759e-01
7.556902261614374616e+00 2.568286822085665833e+00
9.979021711631252955e+00 3.128817257592876877e-01
7.589370025679165188e+00 2.396002495601460502e+00
6.989224492789966270e+00 2.026023218950339810e+01
6.696333211202159852e+00 3.460180535411545577e+01
8.208838657511668302e+00 9.173526401314399115e-01
7.236779427347694416e+00 8.455930579486846455e+00
7.608752906700350316e+00 2.267507940845458148e+00
6.785137431189872892e+00 3.176910519470210659e+01
7.633644130401408212e+00 2.156042096081156600e+00
7.984002264837004148e+00 1.164440542030560577e+00
7.667329359673964895e+00 2.057349743938814424e+00
6.807548997284999182e+00 3.041140711589104129e+01
7.330786290509283987e+00 5.575480530078192665e+00
7.092125529314754928e+00 1.476940270693119039e+01
7.480097919701317544e+00 3.311859196683847983e+00
6.970574156386729392e+00 2.129200096441569201e+01
1.224069670792686892e+01 1.102994200838116334e-01
7.113782644535991295e+00 1.386184045776414919e+01
7.515969854374818127e+00 2.900911163915907753e+00
6.731855133010897774e+00 3.331926708446752627e+01
7.674831113328010268e+00 2.006722504435810794e+00
7.101764062528465260e+00 1.420655808958234978e+01
6.836007825749470967e+00 2.965136651957972447e+01
6.890788376029777673e+00 2.650749536227411696e+01
8.302568286664996577e+00 8.438892169128502374e-01
8.582345433242373645e+00 7.000195605738237514e-01
6.993185487045668225e+00 1.993509104607445082e+01
7.233497468870450753e+00 8.533424021232830725e+00
7.566327898571451271e+00 2.523807733715250023e+00
7.222917312134512713e+00 8.962149263262526588e+00
6.816399679881267382e+00 3.034524548270774247e+01
7.708543992966719216e+00 1.853913318163075585e+00
7.075797832818888189e+00 1.553597012719543535e+01
6.856637269090114728e+00 2.844754858224947824e+01
6.671790619890118457e+00 3.540844108521468314e+01
6.667289626200948227e+00 3.557616547151222619e+01
7.027580109917688667e+00 1.805148317207742892e+01
7.046722316646905071e+00 1.718868190794490758e+01
7.543477416407450953e+00 2.737225171578172134e+00
6.657041720852887146e+00 3.573158584696022189e+01
7.222917312134512713e+00 8.962149263262526588e+00
7.220752267461673313e+00 9.102878172347228514e+00
7.337880523068553984e+00 5.356207036050476766e+00
9.861758811385890056e+00 3.279448150375546267e-01
6.805442879721248950e+00 3.069407120407748124e+01
7.352640817498932613e+00 5.074389281372612359e+00
6.725645228981038670e+00 3.361440704532246571e+01
6.730867425185858011e+00 3.338595139237008880e+01
7.601474561078701342e+00 2.316235386920848960e+00
7.010258235245420799e+00 1.892170035749532531e+01
8.038458313603745964e+00 1.087330750708452420e+00
8.940901456854110307e+00 5.533376722009575310e-01
7.315195606347807633e+00 6.010086965054622254e+00
7.166292319148548806e+00 1.134803564068640824e+01
6.972856811858294535e+00 2.115504259928750841e+01
6.969236637526798894e+00 2.129276445168001075e+01
7.168943902156360792e+00 1.122787599869367092e+01
8.226014372228581450e+00 9.068041035383342940e-01
7.596386807861478907e+00 2.348399029406897487e+00
7.049236169707080890e+00 1.711191070954786042e+01
6.961527843999526510e+00 2.161005571423135763e+01
7.776393801733493483e+00 1.601908135998143301e+00
9.665893807838271456e+00 3.618571142410584307e-01
7.383197709239655460e+00 4.585049002310723765e+00
6.724591335497913214e+00 3.375562819135301140e+01
8.584298329267138428e+00 6.967602507658570143e-01
9.071083663013938647e+00 5.172714504098997468e-01
6.861007433013615042e+00 2.811478642052730947e+01
6.841739844875879051e+00 2.942930768538001374e+01
7.238444335715881195e+00 8.348173520409670090e+00
8.446709894015782538e+00 7.645126413333470650e-01
8.760955467757961301e+00 6.241972103818966833e-01
8.487888990072800510e+00 7.460736427744397714e-01
7.289639918663687546e+00 6.607319611697885620e+00
7.728393768828944133e+00 1.760597045629629598e+00
8.268697514599345766e+00 8.686358227098387452e-01
7.715312582416833820e+00 1.817400630332633105e+00
8.873438412684112819e+00 5.854734893246728022e-01
7.492661161050164331e+00 3.070748197103804422e+00
7.119659211503541307e+00 1.336942589974885287e+01
7.865412029010429684e+00 1.444860251506022264e+00
7.701201501496733215e+00 1.891215387505068568e+00
8.747109413492761831e+00 6.245852686708062151e-01
6.757288236682316374e+00 3.306144345074968527e+01
9.089437999316269057e+00 5.168563015192254584e-01
1.081972125746379376e+01 1.985522221028450385e-01
9.093661542288758781e+00 5.033691759767544571e-01
6.835645907995314019e+00 2.975794541629114676e+01
7.316116089516536469e+00 5.937102325314532081e+00
1.158489202591924183e+01 1.537551061215116921e-01
8.559131055336166582e+00 7.092325222287837461e-01
6.974550649719374995e+00 2.108320750666362997e+01
7.172673730520322088e+00 1.111496079073697807e+01
6.775971492327712120e+00 3.211027726943745364e+01
6.712321550611155097e+00 3.411410522948585111e+01
7.079432986514499149e+00 1.533600790117960422e+01
6.653922101000224743e+00 3.585381060149734367e+01
8.479245446742293524e+00 7.568929303574055689e-01
7.021427889732131611e+00 1.841055427756424123e+01
6.682264349061358466e+00 3.527465286982654646e+01
9.060586574200627297e+00 5.178920925360473992e-01
7.686933572401219550e+00 1.940617964790228411e+00
9.195260803794935711e+00 4.713410243197410088e-01
9.215460586021448464e+00 4.712518559303637278e-01
6.991994536111221237e+00 2.006243030332954547e+01
7.329980571425645408e+00 5.634290005660112399e+00
7.490393510060242122e+00 3.182122831249533768e+00
7.356927029683560271e+00 4.976294501621400634e+00
7.442683197378661575e+00 3.651095555509610069e+00
6.904596385134832204e+00 2.541852736930724177e+01
7.801182646348731708e+00 1.557552526287369288e+00
8.890567200364154488e+00 5.764227437217931405e-01
7.082643558452542010e+00 1.524712492148185561e+01
6.984785572337280257e+00 2.031321321029064819e+01
6.863102292492681222e+00 2.803161872544137623e+01
7.678504695763657573e+00 1.964138622588270655e+00
7.050042295531063985e+00 1.705895700139631543e+01
7.037845997340884452e+00 1.764053880574551059e+01
7.102120475288423940e+00 1.396075915741688078e+01
6.799702928920830836e+00 3.079629977777024408e+01
6.647375795071153171e+00 3.635541516782416238e+01
7.173658696083558439e+00 1.098672705985417331e+01
6.794890306217283182e+00 3.108235188682270334e+01
6.799280103758246874e+00 3.097427755812365291e+01
7.242930944896332157e+00 8.274501035615106304e+00
7.293608533661076088e+00 6.423564353475948785e+00
6.775773326566787880e+00 3.212968809108620150e+01
7.722386231602251350e+00 1.788999297953865586e+00
6.769668445698085790e+00 3.248456840284547553e+01
6.763994192944216444e+00 3.258354897782328408e+01
8.949400028151309527e+00 5.502046283343149380e-01
7.691149138477212155e+00 1.897796365272027108e+00
7.374579807017711985e+00 4.720332059555458315e+00
8.098621930164270566e+00 1.000409910059731455e+00
7.040230018898793851e+00 1.747896264926837873e+01
7.261726817410727008e+00 7.406454090799792667e+00
7.452338953011273581e+00 3.519015389209460665e+00
6.991382186812767685e+00 2.006263603906227999e+01
7.215545562101318922e+00 9.416917142013833342e+00
7.925427708215992517e+00 1.220387415390363328e+00
7.319969845526863139e+00 5.876043508674950289e+00
6.697924637347696830e+00 3.444751873230681127e+01
6.716767534747145163e+00 3.395873815334523727e+01
7.890401865030677087e+00 1.378931617297527668e+00
7.123538401728953140e+00 1.320335674721718533e+01
6.873129147974418984e+00 2.746122651796228098e+01
8.712987780929672965e+00 6.482654257733129199e-01
7.573017717043800445e+00 2.440402667601261122e+00
8.736998268072099449e+00 6.304481502161513040e-01
8.702123120057306593e+00 6.483800959584751222e-01
7.332040677701810338e+00 5.486286577380123930e+00
7.171365943080061811e+00 1.122759317290698533e+01
8.130178110984990880e+00 9.866486798530735847e-01
7.074019490091759010e+00 1.557970399777729575e+01
6.824464771527400941e+00 2.999233745655915229e+01
8.028911534249020931e+00 1.097659455021969155e+00
7.297291441727091765e+00 6.399134487255387249e+00
8.164742912134862252e+00 9.665347814275265792e-01
7.352390491825635088e+00 5.102794603274901419e+00
6.873129147974418984e+00 2.746122651796228098e+01
6.902618656359654103e+00 2.570960717518699212e+01
7.162380223446336736e+00 1.175865052493017870e+01
9.113629204166258546e+00 4.998447837596329824e-01
6.782804372027676720e+00 3.196271261481730264e+01
7.824003876435442706e+00 1.473712912700371858e+00
6.934699257887016799e+00 2.330850489432337369e+01
6.710308617420998267e+00 3.425828812070835738e+01
8.440683324470660054e+00 7.648097702390590502e-01
7.159535792061578974e+00 1.196248326934465389e+01
8.202165726206970930e+00 9.314805296306882809e-01
7.472246160130990411e+00 3.340603434172034092e+00
6.891167786429755360e+00 2.642012641832286590e+01
6.915278552637189158e+00 2.447133263629732980e+01
7.875531304235783736e+00 1.427205890731384486e+00
7.512022820249448785e+00 2.967827722123744127e+00
7.349541911324569021e+00 5.182577639401316105e+00
8.190685034563047751e+00 9.379051104169175979e-01
8.021110328699375458e+00 1.114725599136804135e+00
7.161582555496652347e+00 1.185811534857215932e+01
8.083187829337836305e+00 1.039467419721107788e+00
6.820961032486536624e+00 3.009441045792185321e+01
7.568184032964730079e+00 2.477115506681167201e+00
8.867052177526808521e+00 5.857959088351877286e-01
6.984212610103996077e+00 2.036708805236169084e+01
1.072434607225463310e+01 2.202346685507543811e-01
8.559131055336166582e+00 7.092325222287837461e-01
9.912756588363301091e+00 3.176707774416639429e-01
7.076459489867571229e+00 1.537241716350100518e+01
7.171441126693027357e+00 1.111528339464341641e+01
6.711270802242600197e+00 3.417037318323821182e+01
7.293175155299133294e+00 6.507774863842052504e+00
7.386913447764244189e+00 4.527955094460730301e+00
1.213125424748070280e+01 1.314705253297029641e-01
7.285958794555635443e+00 6.611767554753787302e+00
6.631038067447431850e+00 3.677553513678948605e+01
6.720201411606779196e+00 3.378946057804679981e+01
7.302561076869370282e+00 6.348309170929357315e+00
7.340349544542046800e+00 5.349434376417933734e+00
9.111964667819753672e+00 5.028180571305355118e-01
8.065537917832823922e+00 1.039868601975993290e+00
7.365460256232801761e+00 4.833074536337887750e+00
7.345570800063192962e+00 5.186503254962458342e+00
7.084695497806238862e+00 1.514328622114537382e+01
8.388599924018295795e+00 8.042067326550739192e-01
6.844893445630688689e+00 2.918514791701067423e+01
8.465033732841764191e+00 7.578403279961321015e-01
8.146805586263200283e+00 9.722292739806990269e-01
6.977057798730660565e+00 2.103741537781557014e+01
8.852307607570246262e+00 5.863041827899317937e-01
8.849773981255406596e+00 6.000626285001893212e-01
6.904161710189359979e+00 2.552851486385295132e+01
6.913935295051858887e+00 2.457612455234540505e+01
7.219717268892424045e+00 9.179977355753271340e+00
8.286357472300963423e+00 8.584074617371272309e-01
7.308133713571603352e+00 6.181667599421562187e+00
8.318322364998580909e+00 8.430017096297642842e-01
7.033901131274754803e+00 1.779341512557851601e+01
6.844915608502105009e+00 2.913825666866993203e+01
8.145931750754236589e+00 9.723512080738273555e-01
6.841899922047710803e+00 2.934175684318029198e+01
7.027016098700654467e+00 1.815748810814077530e+01
6.836007825749470967e+00 2.965136651957972447e+01
8.047688436562843606e+00 1.053490708585237412e+00
7.309154623205469825e+00 6.156934053988512012e+00
8.164742912134862252e+00 9.665347814275265792e-01
7.006993808686126535e+00 1.909938441953311639e+01
9.846214550114336106e+00 3.282966990543094155e-01
7.113782644535991295e+00 1.386184045776414919e+01
6.916494902402888556e+00 2.446708619677226437e+01
7.080202788100787181e+00 1.525342437407156027e+01
8.286357472300963423e+00 8.584074617371272309e-01
7.280599284518907588e+00 6.899383910813277510e+00
6.805442879721248950e+00 3.069407120407748124e+01
8.890567200364154488e+00 5.764227437217931405e-01
8.097875996314707336e+00 1.022764636111549885e+00
7.187258880940437855e+00 1.030403109473416912e+01
7.162317049631512944e+00 1.185607660024050780e+01
7.781697686612804254e+00 1.580084092085868530e+00
7.489082572115329128e+00 3.187387510080849307e+00
7.341641893104504213e+00 5.259964450345837150e+00
7.229478016816617725e+00 8.613690188401928793e+00
7.970757436140760710e+00 1.178089237393671329e+00
7.176919594618666132e+00 1.090284887250489376e+01
7.173658696083558439e+00 1.098672705985417331e+01
6.716767534747145163e+00 3.395873815334523727e+01
6.891553129398233501e+00 2.638803772053602259e+01
7.380915641651603742e+00 4.641087968473828873e+00
8.501206138364565845e+00 7.367374004826079403e-01
7.191240435731166336e+00 1.025000700137552734e+01
7.184977331612365070e+00 1.045671473260271434e+01
8.086321586370939229e+00 1.036455993939274789e+00
7.894587225898186844e+00 1.322480774961608763e+00
7.365460256232801761e+00 4.833074536337887750e+00
7.238661554953449873e+00 8.320499740611271733e+00
8.050907739367779925e+00 1.050067748708868320e+00
6.995187282626330827e+00 1.992450662653499549e+01
6.836066661588580118e+00 2.945486341881395376e+01
8.662989400481478697e+00 6.688704136173476700e-01
7.939989845987619255e+00 1.207342086836625583e+00
7.236610262949188410e+00 8.498515354378865183e+00
6.690220525281451280e+00 3.510008637309998392e+01
7.342700989386989008e+00 5.259548598849006495e+00
1.071014283595890504e+01 2.248530635244334053e-01
7.055634025052468949e+00 1.655154112230193064e+01
6.741983815676542591e+00 3.306831958318645803e+01
8.062701597899904371e+00 1.040023787557633250e+00
6.710625902977798596e+00 3.422425603529450910e+01
7.282325589329968984e+00 6.684381566986379752e+00
6.941851938026968760e+00 2.294824750388414714e+01
7.358572101120326003e+00 4.971721952434878133e+00
6.860069629254541113e+00 2.816111503031585173e+01
6.682264349061358466e+00 3.527465286982654646e+01
8.311136324443936019e+00 8.436473006474685121e-01
6.741983815676542591e+00 3.306831958318645803e+01
8.722902403008639283e+00 6.389946568530968651e-01
6.924586282255138059e+00 2.388379552656775928e+01
9.915089898841872085e+00 3.173364541213818946e-01
6.858206374371015102e+00 2.836570608276799987e+01
6.820795398627137018e+00 3.014881345981245531e+01
7.496034723094754604e+00 3.070649059641775480e+00
6.843402055600470213e+00 2.924437411454846014e+01
7.896855810376700369e+00 1.315660547182542883e+00
7.066010689703032810e+00 1.627726637142468036e+01
8.126273554482061456e+00 9.868290789873678248e-01
7.454251513126481044e+00 3.518745672075206610e+00
6.904161710189359979e+00 2.552851486385295132e+01
8.426562141417138108e+00 7.738409800960622809e-01
1.222644258757487634e+01 1.104700120320262491e-01
6.997775336782133593e+00 1.968797222682153247e+01
1.274562925460524276e+01 8.872451824272496734e-02
7.512022820249448785e+00 2.967827722123744127e+00
6.930194704449951004e+00 2.359838425237461479e+01
6.931590050441796436e+00 2.351723711202842892e+01
8.726793215583256824e+00 6.363162504074334480e-01
7.266416504048796021e+00 7.151188046139021814e+00
7.204645441212375268e+00 9.432197090665704664e+00
7.162387150239300837e+00 1.173107715269471107e+01
7.790720662911870598e+00 1.579858627268727611e+00
7.760346775695399657e+00 1.689665043529133603e+00
7.293175155299133294e+00 6.507774863842052504e+00
7.824003876435442706e+00 1.473712912700371858e+00
9.680120372598658207e+00 3.611782884281490302e-01
7.009703986792255925e+00 1.909829180902726620e+01
7.884537556827516447e+00 1.393829800723167311e+00
6.842861283320450738e+00 2.926412525668103015e+01
7.879360393852492983e+00 1.401007312138357053e+00
8.835073124648353371e+00 6.004211032205882814e-01
6.898873577057072382e+00 2.608486542624886440e+01
6.893176758644480984e+00 2.613606322696130135e+01
8.231582272003596046e+00 8.981560660417673425e-01
6.842218270696239557e+00 2.932262055474238949e+01
7.318722460514675454e+00 5.887830512348745771e+00
7.220752267461673313e+00 9.102878172347228514e+00
7.379396878128207327e+00 4.665210823344684954e+00
8.465453764277105719e+00 7.578006601179705370e-01
7.032068753959507923e+00 1.785277784643080068e+01
7.793011438631909371e+00 1.557805408711367523e+00
7.001882391996547383e+00 1.936221430001153010e+01
6.972856811858294535e+00 2.115504259928750841e+01
6.620323512845524228e+00 3.815221985412068761e+01
7.302561076869370282e+00 6.348309170929357315e+00
1.225410585241615102e+01 1.102990296222259026e-01
7.027016098700654467e+00 1.815748810814077530e+01
