6.730057832398811613e+00 4.048665514760213568e+01
1.523631714987291552e+01 3.792674729521883226e-02
1.340367685859576241e+01 8.067743896825889383e-02
1.405043675869739417e+01 5.991813939603305578e-02
1.456589020877972729e+01 5.954713442725652339e-02
1.492610447227274939e+01 4.779989176643578003e-02
1.301940436095394027e+01 8.304685153436275336e-02
1.421639708039981542e+01 5.975114759000205167e-02
1.220021935506010813e+01 1.119441884187617753e-01
1.369014562595837603e+01 6.196081538828736301e-02
1.185241827729215203e+01 1.241078584204220181e-01
1.444340714676312309e+01 5.968569728465389357e-02
1.272764912630939804e+01 1.050153998306967845e-01
1.243929503494011612e+01 1.051564033996227332e-01
1.157403137032146034e+01 1.461306818531294127e-01
6.839416646523635457e+00 3.459193803328607686e+01
6.958640985231408393e+00 2.953351967098904396e+01
6.837098517336452019e+00 3.563571855176066094e+01
1.176956241531303426e+01 1.356045355892138149e-01
6.737756290389553371e+00 3.922737144442438506e+01
6.982084344338343129e+00 2.888794094395370848e+01
6.734363688031959505e+00 4.013526240255573185e+01
1.354569783510623004e+01 6.799803920594567341e-02
7.292260113829100554e+00 1.090432575576610219e+01
7.226731564006785291e+00 1.471314899901095785e+01
7.107325362771340416e+00 2.100608342615689494e+01
1.507558292175949610e+01 3.999793495747977490e-02
1.285002516122965233e+01 8.336792577654736358e-02
7.098493615412632352e+00 2.171528572961105752e+01
1.300702826309486682e+01 8.318013838256051173e-02
6.798530394472571459e+00 3.622124747109690190e+01
1.241035667264205422e+01 1.053187206092158212e-01
7.258499462261017499e+00 1.291698956548833799e+01
6.797036077488458616e+00 3.684901420485736878e+01
6.861478190919587661e+00 3.407763371669413033e+01
6.842141187062280139e+00 3.452951904844985620e+01
1.130062469331810426e+01 1.679877961763577565e-01
7.292056494368173603e+00 1.148629549436953567e+01
1.228678677505641836e+01 1.053234171921465234e-01
6.890997328918242459e+00 3.334738173263441752e+01
1.010153568771672283e+01 2.863392411961273032e-01
6.747434141312881550e+00 3.880020633906157457e+01
7.193757914675126486e+00 1.655859052000197806e+01
6.891117496804864295e+00 3.283489215572724618e+01
7.489653323876387603e+00 4.501187292127692530e+00
6.952809526976145627e+00 3.030193317863390590e+01
6.751601591911053468e+00 3.829427961573438921e+01
7.230234224662491549e+00 1.424080085883455382e+01
6.906197910251040462e+00 3.223407498877611488e+01
6.925642124306216729e+00 3.147574966067035973e+01
7.068968855397289808e+00 2.310841490277609012e+01
7.489185942442198929e+00 4.923862891391355134e+00
9.815592493709360156e+00 3.304424715258764689e-01
1.138949930635059005e+01 1.679135434571397689e-01
9.633416414326987365e+00 3.603703770568970066e-01
7.068006875596751115e+00 2.354854250991296993e+01
7.210793598781508607e+00 1.556620937950544104e+01
7.253786179255857114e+00 1.335199266008072883e+01
7.039419644550218180e+00 2.491787255869098416e+01
9.901702250418427553e+00 3.247736650781277712e-01
9.725945975345769767e+00 3.575725684035287455e-01
7.008596082914758441e+00 2.724920373023485354e+01
1.122408236344094412e+01 1.728621421100660638e-01
1.276908269610006030e+01 9.001146295843420742e-02
7.308580484076767192e+00 1.017607434409804057e+01
7.002046757535400623e+00 2.802503857080889205e+01
7.133818653920479314e+00 1.980495062977587750e+01
1.499769383701474368e+01 4.119045366183005097e-02
7.189478527558618381e+00 1.686380685796569878e+01
6.877425337357396806e+00 3.369412808091620803e+01
7.003236429386629602e+00 2.761554510485373726e+01
7.336578085233686153e+00 9.217699141817506714e+00
7.299053159271349678e+00 1.053971549380304751e+01
6.890049688625955682e+00 3.341403634067611250e+01
7.226057646057252981e+00 1.505046602598252292e+01
7.194306605324807258e+00 1.634276890102704272e+01
6.788749586270142800e+00 3.755165043371806632e+01
7.029971232245688206e+00 2.569213428679448441e+01
7.034287985104345609e+00 2.524753419441370994e+01
7.296066058146942090e+00 1.060123782983003338e+01
7.003539369050497676e+00 2.728893066757733976e+01
1.015928919808018271e+01 2.848027927973965090e-01
6.914565207617540565e+00 3.188488556017095021e+01
1.023777434745499626e+01 2.739844925691176103e-01
9.070412093173398915e+00 5.257745580615686976e-01
7.272100067003078649e+00 1.229956371922322411e+01
7.171593308692219004e+00 1.770017568812501452e+01
7.010013115817928409e+00 2.688396704462192588e+01
7.436680512299929546e+00 5.951574051065412263e+00
1.501247235480598086e+01 4.100515810059865429e-02
6.739658040246693460e+00 3.899440695770189791e+01
7.053162258301404641e+00 2.432234025853207982e+01
1.044254493418156748e+01 2.553887312948738275e-01
7.048473971730154553e+00 2.461926986697049102e+01
6.795132106319378806e+00 3.718657343332900211e+01
6.928460307912147620e+00 3.114467565410295080e+01
6.730971834248799190e+00 4.018235469408024585e+01
7.269536057873496659e+00 1.258482533988674135e+01
7.171711669884643925e+00 1.747143726206289571e+01
6.758689881120722553e+00 3.815590111137833418e+01
6.795461818423075506e+00 3.690065741497086549e+01
6.954252311081751792e+00 3.003929020242896186e+01
6.945344215791979359e+00 3.053064345288312254e+01
1.003927538594219726e+01 3.000087287405021064e-01
7.057414554408484975e+00 2.423734726257394811e+01
7.042897196701794371e+00 2.463786403763293720e+01
1.088426737600037342e+01 2.142560994190053081e-01
1.224135311131802162e+01 1.081157964909515434e-01
7.209283847247448307e+00 1.589447027084260711e+01
7.367172875641971430e+00 8.096997783848003394e+00
8.922898230093139205e+00 5.459329984640300948e-01
1.116396554703948141e+01 1.761782150507450462e-01
7.432392927678736605e+00 6.260149859504510417e+00
7.031069150739371665e+00 2.555751380889562085e+01
7.003236429386629602e+00 2.761554510485373726e+01
6.930765963470478574e+00 3.113793748296387065e+01
6.957659721021516752e+00 2.985628083643809916e+01
6.760313970944826778e+00 3.798325558642257960e+01
1.062000236082577764e+01 2.401446165598491445e-01
1.152075420422037588e+01 1.463473575550911787e-01
1.039127120528450554e+01 2.569919973101257860e-01
7.096725607301242356e+00 2.202601239356737750e+01
7.098493615412632352e+00 2.171528572961105752e+01
1.081591023999349765e+01 2.162225393547348162e-01
7.421010554250012881e+00 6.656357260070569382e+00
6.936212606176138884e+00 3.085365879901584663e+01
1.365473234016988968e+01 6.200865835618576960e-02
7.114967928658227692e+00 2.071111591733583168e+01
7.333708609083063656e+00 9.509479158944712296e+00
6.835101249186992689e+00 3.563620256341154402e+01
7.342045369607191674e+00 9.004172600016786987e+00
7.426186896767801748e+00 6.429426377239063406e+00
6.793396344568306766e+00 3.725379210934309526e+01
7.288656811422936421e+00 1.182163576092757395e+01
9.013607705805558368e+00 5.276431061391886335e-01
1.507546431812903087e+01 4.003440903993647770e-02
1.056001988044887518e+01 2.417242433781287281e-01
7.346867394310640620e+00 8.850526444725996811e+00
7.113216569456533911e+00 2.086651609631612914e+01
1.281262496619034152e+01 8.381270061974174790e-02
7.465257354223757247e+00 5.548855526292830298e+00
1.110904447118667093e+01 1.922370477389372945e-01
7.057624004420698149e+00 2.395334830243310265e+01
7.361920487550526637e+00 8.394133541480051974e+00
7.284404199799809021e+00 1.186331428182755943e+01
7.532690152977465026e+00 4.124780826762812325e+00
9.760738281325954446e+00 3.454769023622333846e-01
7.127416850723803599e+00 1.993204483457241238e+01
9.412201000240282056e+00 4.212504875008489247e-01
7.143807696517165517e+00 1.876238474597508699e+01
1.362503875778594775e+01 6.213928609228334260e-02
1.029265144403901822e+01 2.728326935141770493e-01
7.062870741629867055e+00 2.386524899634979135e+01
1.075900020575505600e+01 2.166357658048889134e-01
1.015807362690022941e+01 2.848055997519753912e-01
1.144127984593423975e+01 1.578079397909651627e-01
7.029017125707847313e+00 2.595566540514667508e+01
7.158432743823963662e+00 1.818568503206264353e+01
1.145722049103490825e+01 1.554396058296170779e-01
1.097854850878645827e+01 1.949518904956496490e-01
6.995993001092544183e+00 2.823483131822845138e+01
9.148546535115652745e+00 4.796504334983764939e-01
7.088317647015189849e+00 2.242900247352430654e+01
7.136243595101523951e+00 1.955248613158259730e+01
1.093399616120578344e+01 1.990293876573037690e-01
1.028386728014569940e+01 2.738720208427337099e-01
7.143792901525446659e+00 1.902298431383075084e+01
7.127131575424543897e+00 2.005120730631441717e+01
7.376862220241254597e+00 7.806364175168024389e+00
7.416002857229502254e+00 6.693595688374148978e+00
6.922397516908579185e+00 3.163060576876452501e+01
7.196413828768429610e+00 1.616218342956136311e+01
1.140314844546323947e+01 1.676944920108496273e-01
8.221747550910611935e+00 9.467322533077222602e-01
9.617919591979472216e+00 3.818740376516979174e-01
8.975393263377110742e+00 5.401056849619514377e-01
6.892815808881157302e+00 3.281493341787219720e+01
6.869630185163863700e+00 3.394358746968059393e+01
8.191357552619038529e+00 9.772616756083353229e-01
9.323157670129786467e+00 4.323798122779187736e-01
1.359267111258342631e+01 6.589800669146679557e-02
6.944084601810518897e+00 3.060373673223417157e+01
7.497025190817455886e+00 4.421143966415023385e+00
6.820013846360152954e+00 3.586639695092255664e+01
7.139337320018834809e+00 1.915304914845820150e+01
6.802523939875958270e+00 3.602622834532313334e+01
1.149595772509391622e+01 1.511310184062363837e-01
8.153477863151980642e+00 1.036869633032936555e+00
6.738136957176148911e+00 3.916340724497685954e+01
7.289017121777551012e+00 1.158335800027859719e+01
7.184083374301437175e+00 1.692916196080058455e+01
7.337718697957340552e+00 9.113836142899270243e+00
7.602180574737582575e+00 3.178867767560131341e+00
6.760572941307991357e+00 3.784064716081488911e+01
7.244353239816625489e+00 1.382516100249483060e+01
7.575184518389555421e+00 3.548831409409618498e+00
1.112844273325841549e+01 1.915818042410619149e-01
7.239142613881758059e+00 1.399781875601620484e+01
6.820689458939861005e+00 3.586617452036362863e+01
7.848277093257729042e+00 1.786648249972386804e+00
8.838843698672430804e+00 5.813166430456890854e-01
7.015717889963593912e+00 2.669866605725428954e+01
1.126252672545272659e+01 1.703275879681755978e-01
1.034035787739006551e+01 2.679949172688674830e-01
6.743799873614193530e+00 3.882004296901070717e+01
1.106821389950398249e+01 1.922661377019885820e-01
9.361036380792274514e+00 4.278291431742024531e-01
7.514785613317468638e+00 4.372997979245305977e+00
9.311242354856565484e+00 4.397297755657563201e-01
1.100722159566428537e+01 1.947189345957152651e-01
6.896306762868599449e+00 3.260739536762545043e+01
7.136243595101523951e+00 1.955248613158259730e+01
7.136465572019543124e+00 1.932968817693754104e+01
8.710043794781386239e+00 6.481688279406452313e-01
7.281376419539924427e+00 1.206779668271604500e+01
6.993815350777914830e+00 2.841334204356274640e+01
7.394514678933577834e+00 7.298205316646019014e+00
7.988055983664662740e+00 1.294585053981227585e+00
9.576293749685767409e+00 3.826673611178325052e-01
9.935305655401119651e+00 3.174325177217660610e-01
8.694523114761665283e+00 6.599218533058800462e-01
1.023777434745499626e+01 2.739844925691176103e-01
7.160350120751588499e+00 1.810863560193004318e+01
9.183435931099088734e+00 4.794653720744040948e-01
7.023033837885444441e+00 2.624440352212464944e+01
6.984426609306289002e+00 2.868143701840135407e+01
8.077866913973180019e+00 1.144733290097439404e+00
8.736508127003022040e+00 6.366295675020640088e-01
7.360112207627481418e+00 8.669896206385223181e+00
9.571907396684366631e+00 3.829365188719057178e-01
1.093622744964285687e+01 1.977444695320137169e-01
9.252779557328871363e+00 4.592777452108783853e-01
6.798647190916973670e+00 3.614350947556138749e+01
7.468089887483301936e+00 5.389325484651338982e+00
7.244874948235116463e+00 1.361426334747497435e+01
7.010732567170258278e+00 2.688375561904662803e+01
1.066576600064471414e+01 2.329194497282109366e-01
7.601827562081563627e+00 3.331161052569535652e+00
6.871714148586006488e+00 3.378999124458668746e+01
9.474762641575420474e+00 4.074994496747854078e-01
1.226992609941848755e+01 1.073899746785144799e-01
7.078609938485291408e+00 2.272350279562053288e+01
8.629609455841206866e+00 6.888588852132360163e-01
9.381615260073925100e+00 4.249242636891576996e-01
8.235977143377555265e+00 9.337518560639548326e-01
7.157204643461218652e+00 1.836096748703155157e+01
6.916938748695552697e+00 3.176302870701914927e+01
7.872210247188454524e+00 1.645912112728147303e+00
7.786006266814924359e+00 2.026202099240958621e+00
7.655016095863236281e+00 2.789276322682811227e+00
7.147085261930986810e+00 1.862683299209278687e+01
9.789769662638763137e+00 3.452534719369196869e-01
7.082338529110877801e+00 2.269533409995269579e+01
8.638767275381571409e+00 6.793124199141166164e-01
1.072141028667280693e+01 2.202804547744647012e-01
7.020923846207781871e+00 2.642576862955236550e+01
7.265670898550989243e+00 1.275083677881308475e+01
6.956726767434152414e+00 2.997701939486380951e+01
7.820828228017146166e+00 1.906523273822099629e+00
7.623177119861802353e+00 3.101724756444159681e+00
1.000499794694956002e+01 3.044104318596966285e-01
7.094680909265518309e+00 2.220840766390168497e+01
8.895051775673806560e+00 5.602004034968393054e-01
7.415104058522012487e+00 6.887002548791711476e+00
6.769838150625959727e+00 3.761360727761501010e+01
7.122202774629967870e+00 2.032124690541855117e+01
7.240593971766201342e+00 1.382998235545420584e+01
1.085175175460426722e+01 2.149512318918676834e-01
7.807485692658106657e+00 1.953323488074399261e+00
9.437749950555016198e+00 4.143922270449897360e-01
8.597534476626886857e+00 6.904640474783114712e-01
7.550237546305281100e+00 3.813454526650220000e+00
6.902000586754125422e+00 3.234394603965974113e+01
9.534387372591481835e+00 4.003184014971591931e-01
7.370504669175788948e+00 7.929431040658441177e+00
7.036282886228529598e+00 2.518012252138048979e+01
7.117330041051633138e+00 2.039946164298770981e+01
7.365941044217662714e+00 8.285104479812968492e+00
7.321850499389789491e+00 9.946138748740738222e+00
8.751559674707930725e+00 6.283180862322179649e-01
7.027015108620243033e+00 2.617623710622138233e+01
8.127953904532711604e+00 1.056276908840444895e+00
8.493033637715674544e+00 7.390934005658751360e-01
1.053576649057372627e+01 2.439477656101464442e-01
7.096725607301242356e+00 2.202601239356737750e+01
7.021428204511807714e+00 2.636798051025302669e+01
7.137869490202394473e+00 1.932926819832413656e+01
7.200343146138047601e+00 1.611490980197526213e+01
1.065498953598309662e+01 2.360958737020621978e-01
7.951610028018318843e+00 1.387603303419827405e+00
7.533616984220175006e+00 3.962441598957884725e+00
7.232651815888533342e+00 1.406021538736886534e+01
7.151968841036892677e+00 1.859770748823383002e+01
7.888788617116803792e+00 1.599839738374309928e+00
8.449961282514053096e+00 7.650839640950242160e-01
1.125244737099953163e+01 1.707686903817999535e-01
7.269320261342302913e+00 1.264696222670226611e+01
1.115593917120552092e+01 1.792680445330860350e-01
7.457584691133712695e+00 5.627085589336912719e+00
7.368415799006476696e+00 7.961989707776255365e+00
7.177548567275928271e+00 1.734808052668169864e+01
7.318020422500662647e+00 1.002618115284467848e+01
1.075900020575505600e+01 2.166357658048889134e-01
8.434408427050678725e+00 7.767055490590488720e-01
7.253786179255857114e+00 1.335199266008072883e+01
7.252878885215357840e+00 1.352918417914517057e+01
7.747204151899031110e+00 2.274531300239411191e+00
8.023201997243750938e+00 1.211705662462678523e+00
1.051744221073096774e+01 2.448836160172693233e-01
7.126988038597018793e+00 2.018958891812696876e+01
1.179519668885904160e+01 1.290789582482660680e-01
6.764860085820802560e+00 3.772135747090871405e+01
1.183258093634875863e+01 1.282062126814290937e-01
9.278663374078085724e+00 4.469682606845412076e-01
7.087693952127195551e+00 2.256461296416516760e+01
1.035861445377546275e+01 2.652790741922902984e-01
9.731510622257093956e+00 3.471811845081336223e-01
9.129752882751496657e+00 4.894560528626970553e-01
7.404559280243785402e+00 7.094412656391696714e+00
7.856405655117855602e+00 1.714121454313701776e+00
7.386739146175421489e+00 7.533595456136751523e+00
7.796903081489654497e+00 1.989623427914523512e+00
7.072329787495641895e+00 2.305491006091949302e+01
7.717363474271889068e+00 2.478789147296382556e+00
6.868086870590553339e+00 3.402465108977979469e+01
1.282902922259631673e+01 8.356867999929497304e-02
8.258582783167810248e+00 9.168006138123910853e-01
7.401055679413203414e+00 7.224289053963193652e+00
6.751601591911053468e+00 3.829427961573438921e+01
6.939598409164856818e+00 3.075144572651268504e+01
1.082514263557254530e+01 2.152594607772386759e-01
7.905022163322486861e+00 1.528742586401666603e+00
6.992259103156370337e+00 2.843923194990198411e+01
7.163613570822816357e+00 1.797993153109900888e+01
1.062714312050554710e+01 2.379711479498252125e-01
8.534952018048812761e+00 7.176708638775273208e-01
7.325530230786904795e+00 9.868485154061431786e+00
1.369014562595837603e+01 6.196081538828736301e-02
7.580506201442561043e+00 3.407640978621210959e+00
7.110709224344506474e+00 2.098725244762744779e+01
8.576188531378511115e+00 7.091234050423129709e-01
7.579611758991183557e+00 3.488772167546472680e+00
7.699834897399203015e+00 2.495788994502555092e+00
7.114976420951055758e+00 2.056523330408098005e+01
8.370537858857435509e+00 8.338115667210159732e-01
9.117288546953970396e+00 5.080323112253739559e-01
8.793741095657589213e+00 6.157967793760457109e-01
8.989299855091118729e+00 5.393790458500284934e-01
7.634604582127955119e+00 2.930093652042780938e+00
9.193933070306247402e+00 4.767467210502684960e-01
7.038505269286465804e+00 2.507201315107818473e+01
7.063355282960957382e+00 2.370845325735189491e+01
7.529139561067831110e+00 4.220143028762936233e+00
8.174775271377164643e+00 1.036646334304607286e+00
1.037632619797085098e+01 2.614591383441124961e-01
8.313453547072802152e+00 8.614556165739128968e-01
7.076171419525424611e+00 2.287439248859802277e+01
7.383719156175986065e+00 7.581523430589383494e+00
7.177878034380447581e+00 1.718983921441199314e+01
7.837787888088969090e+00 1.857993779299709658e+00
9.503608363898505829e+00 4.004007183295478778e-01
1.046763879973940448e+01 2.553185933678104869e-01
7.766342577995672514e+00 2.194375772313438056e+00
7.090373303718934928e+00 2.229093800989363672e+01
8.871135853314283892e+00 5.749665483807236965e-01
7.273979159286187546e+00 1.222323074840180368e+01
8.298213003656996989e+00 8.785107229223833025e-01
7.390592629498038413e+00 7.421727940184942085e+00
8.416696454078074652e+00 7.885499181130435353e-01
8.521245383034338872e+00 7.272460973933154715e-01
7.166802673523212874e+00 1.783606852668711440e+01
7.168218406921154973e+00 1.783573025761824127e+01
6.919403455192035146e+00 3.170356485326549034e+01
1.359679013993351582e+01 6.256872453351483565e-02
7.377871679830944274e+00 7.705364120330738587e+00
8.383535170589674124e+00 8.151055636743798072e-01
7.114976420951055758e+00 2.056523330408098005e+01
7.015945783616549747e+00 2.667639750578263147e+01
8.326726136533586953e+00 8.513623306436597371e-01
7.360557184151554466e+00 8.543353854242518253e+00
7.232262340129603118e+00 1.421404561984135739e+01
7.782228474457454581e+00 2.123657109561810863e+00
6.899522313763251091e+00 3.239826474958453417e+01
1.047615360265027817e+01 2.544766032161024927e-01
6.997226285888957342e+00 2.814602341907716010e+01
1.086649397489830449e+01 2.149445274463901157e-01
7.562670559301480466e+00 3.644201997088545752e+00
7.350763366724858194e+00 8.746115428760877109e+00
1.103881988101059619e+01 1.938165803900352979e-01
7.124449110016251474e+00 2.021757526564030982e+01
7.469209133662326749e+00 5.354158343833065103e+00
9.091542196685310273e+00 5.149674399794205160e-01
7.204343106169609712e+00 1.601091086474945513e+01
9.967261179762804346e+00 3.172202905435385079e-01
6.782979876716295209e+00 3.760987826791203759e+01
7.379523104935237221e+00 7.661734698392489662e+00
7.223861443886220535e+00 1.513048853556906792e+01
9.217300065990631452e+00 4.757570461731597256e-01
7.143512423732835792e+00 1.911104697651897055e+01
7.671158418022193892e+00 2.668885267222600000e+00
7.473729617067446540e+00 5.149740592617554569e+00
7.626500438296520024e+00 2.990518679356687581e+00
1.069690307617894298e+01 2.232885433474992021e-01
8.804769683334354724e+00 5.990268617408919249e-01
7.931704833244750397e+00 1.441979418226144949e+00
7.653361712010829265e+00 2.915547243790473697e+00
8.668411807527260038e+00 6.715754027924616398e-01
7.178719305083407498e+00 1.705224958209559460e+01
7.895800802734433077e+00 1.572467924085041435e+00
8.908395512675511441e+00 5.541215310446423459e-01
7.218032254594046293e+00 1.538101650960730460e+01
9.534387372591481835e+00 4.003184014971591931e-01
7.781632885226124507e+00 2.160842579012207221e+00
8.505930781161588072e+00 7.389986781536044269e-01
9.233413982564405487e+00 4.617303257743895495e-01
9.500513184035977332e+00 4.004790046806933068e-01
7.161336688565505426e+00 1.798056300560727294e+01
7.430705226326022483e+00 6.355212129154371503e+00
7.000750605532112480e+00 2.802554239086097709e+01
7.860939094728420784e+00 1.671504877236861475e+00
7.479981612622551346e+00 5.041729786997968255e+00
8.354214726629251686e+00 8.413543934727271134e-01
7.562601082514687434e+00 3.644223961985775695e+00
6.990759310651323055e+00 2.856995086986701438e+01
6.989990773178922367e+00 2.857011585596706738e+01
7.178719305083407498e+00 1.705224958209559460e+01
7.553625276048426151e+00 3.743014989963097783e+00
7.020524619513778042e+00 2.656452016953386419e+01
7.205890219981351486e+00 1.598851896943988038e+01
7.030377009436457492e+00 2.555764213425700859e+01
6.764624188609320576e+00 3.776742102430943504e+01
8.053301571302593942e+00 1.167297668604383443e+00
8.063451967459453584e+00 1.155565805731786133e+00
7.177878034380447581e+00 1.718983921441199314e+01
8.007602613102788425e+00 1.248513156391284351e+00
7.735605990994757875e+00 2.320206343242048774e+00
7.088091076824579950e+00 2.254494731765916526e+01
7.722800863840817875e+00 2.431198016908249659e+00
7.681365129178969298e+00 2.635889351706539596e+00
8.182141873806106247e+00 1.009425053044408216e+00
8.097593193942172363e+00 1.100311973981429992e+00
6.984426609306289002e+00 2.868143701840135407e+01
1.242729303317275757e+01 1.052140691197785416e-01
7.477170654655139970e+00 5.129117380836339279e+00
1.106094815293428368e+01 1.934200148193438995e-01
9.800939312045514384e+00 3.342804870954876328e-01
8.110895945550344877e+00 1.089823312583951598e+00
1.099169455406216755e+01 1.948659589573067674e-01
7.445070641930379374e+00 5.877155490576951635e+00
7.410624327439571779e+00 7.093516617215325226e+00
8.668603996235310305e+00 6.707105918618769813e-01
6.802523939875958270e+00 3.602622834532313334e+01
7.143807696517165517e+00 1.876238474597508699e+01
9.276857394088192876e+00 4.540028823334928409e-01
7.978761297384121320e+00 1.332667004238575093e+00
6.896306762868599449e+00 3.260739536762545043e+01
6.897074943270776970e+00 3.247593208228320805e+01
1.002966665662927070e+01 3.009698009285163289e-01
7.222474751391700032e+00 1.525459719637710521e+01
7.730839218529047763e+00 2.404407928808006467e+00
7.155283511475275304e+00 1.847952555544460296e+01
7.020524619513778042e+00 2.656452016953386419e+01
6.914565207617540565e+00 3.188488556017095021e+01
8.285657934660379809e+00 8.888856607187258785e-01
7.696432946111873008e+00 2.545202696961534006e+00
8.469554880727210744e+00 7.584269481858181283e-01
7.387214072153197364e+00 7.422968390626536461e+00
9.099575422137265335e+00 5.115316148810614694e-01
7.832880581252990027e+00 1.875282335908758036e+00
7.360557184151554466e+00 8.543353854242518253e+00
8.871135853314283892e+00 5.749665483807236965e-01
1.178036974311261886e+01 1.337706272391286921e-01
7.365941044217662714e+00 8.285104479812968492e+00
9.921237936177670136e+00 3.179774151377648961e-01
7.157186500668728080e+00 1.838463290579517562e+01
7.174923609236904198e+00 1.735904285463197283e+01
9.008148317155091789e+00 5.308828492398819376e-01
7.064997643753547329e+00 2.362559410496028534e+01
6.957659721021516752e+00 2.985628083643809916e+01
7.214504103664169499e+00 1.545884858680697249e+01
7.027445043856081597e+00 2.607275822146216981e+01
7.029017125707847313e+00 2.595566540514667508e+01
7.244874948235116463e+00 1.361426334747497435e+01
7.252878885215357840e+00 1.352918417914517057e+01
6.875438509285181965e+00 3.375993786233924965e+01
7.518145540907679170e+00 4.294297842058577785e+00
1.150694420230301951e+01 1.492478351459104458e-01
7.450919386437026226e+00 5.783790278620814185e+00
7.415104058522012487e+00 6.887002548791711476e+00
7.411307555246936296e+00 6.990683256086021480e+00
7.265670898550989243e+00 1.275083677881308475e+01
7.449601079288443728e+00 5.831087336930647069e+00
8.398600002080048199e+00 8.100717479010355326e-01
7.922361274735446379e+00 1.527152437444373234e+00
7.350872105665809286e+00 8.714489136753806875e+00
7.588803166083592622e+00 3.364490122795269933e+00
8.590737952458189497e+00 7.000636829616480039e-01
7.456427422088375501e+00 5.690321322713552732e+00
7.454574450031945965e+00 5.732432006203707964e+00
1.071768468934508256e+01 2.217032371090582599e-01
7.489010051231362652e+00 4.987420004851606414e+00
8.038564921380958239e+00 1.176834399692601840e+00
7.534403853378142557e+00 3.944404345452058092e+00
6.939048126117334014e+00 3.075172085648819831e+01
7.327073803629376769e+00 9.777736038182471390e+00
1.055726691603686263e+01 2.420646563377773786e-01
8.772925495619908531e+00 6.164475893820674512e-01
7.758010345931124263e+00 2.245591955362678860e+00
7.280638490092702142e+00 1.206792522185347494e+01
8.553614403051742698e+00 7.115506789407037846e-01
7.333078745861546288e+00 9.509607778313423410e+00
6.936212606176138884e+00 3.085365879901584663e+01
9.458609725216918562e+00 4.119745266960959107e-01
8.119575068277818275e+00 1.068109808653923798e+00
1.049918200245185318e+01 2.499356988396859158e-01
9.967261179762804346e+00 3.172202905435385079e-01
9.990360198940010150e+00 3.127371753152793366e-01
7.440540912151308639e+00 5.924222337962292251e+00
7.469865417506412086e+00 5.244835276311837546e+00
7.057624004420698149e+00 2.395334830243310265e+01
7.330886725560452177e+00 9.611748008182896541e+00
7.038505269286465804e+00 2.507201315107818473e+01
7.275235057229981983e+00 1.215468418197437117e+01
7.469865417506412086e+00 5.244835276311837546e+00
7.291900963535128177e+00 1.150458080996340371e+01
8.007602613102788425e+00 1.248513156391284351e+00
7.209283847247448307e+00 1.589447027084260711e+01
7.665485455358322042e+00 2.711270364499791086e+00
8.558033882087421773e+00 7.115300488747489105e-01
7.535943956460131155e+00 3.854870984702615910e+00
1.069690307617894298e+01 2.232885433474992021e-01
8.274811203064514231e+00 8.990678723899530045e-01
8.037308332227722119e+00 1.209925739652702115e+00
8.405524557888458759e+00 7.986950572634596845e-01
8.819790465874387309e+00 5.904131701734292026e-01
7.731323387747390363e+00 2.337777828682352954e+00
7.411307555246936296e+00 6.990683256086021480e+00
1.103950143016525409e+01 1.934396830353199703e-01
7.027445043856081597e+00 2.607275822146216981e+01
7.687804801768460372e+00 2.569883313782000300e+00
7.055409150343643354e+00 2.428498645615088236e+01
7.311459053144345965e+00 1.017554157349935906e+01
7.615966264359651738e+00 3.159808768893884512e+00
7.073097843732318424e+00 2.295340097183237660e+01
7.155283511475275304e+00 1.847952555544460296e+01
7.650244930531052923e+00 2.915588137650311218e+00
7.432392927678736605e+00 6.260149859504510417e+00
7.091285862742195967e+00 2.228318517741488591e+01
9.451627578040527666e+00 4.123282560906440519e-01
7.118257801802301721e+00 2.038575333158509295e+01
9.370132264344084305e+00 4.272220746882554598e-01
7.926114597276653129e+00 1.508263579463039683e+00
1.284887836038005560e+01 8.351077102381970763e-02
8.469554880727210744e+00 7.584269481858181283e-01
8.825057439489411237e+00 5.881008398890701372e-01
9.909658748914118576e+00 3.232918072941606824e-01
8.773631129009714869e+00 6.161635113838973554e-01
7.629027328255529206e+00 2.979476936474579674e+00
1.184663022297345947e+01 1.279341083002765722e-01
7.529051835086346678e+00 4.271772036692346397e+00
7.327041193398562413e+00 9.802157122309591131e+00
7.481507284836577121e+00 5.006813121103071751e+00
7.535943956460131155e+00 3.854870984702615910e+00
7.687249214551266085e+00 2.607024665603393299e+00
7.314273477367433607e+00 1.009794499500565834e+01
7.427836297762463680e+00 6.382406577306098505e+00
7.221756896792227209e+00 1.525480699230119797e+01
7.596559319975625613e+00 3.363601830181499608e+00
9.629664262970992539e+00 3.808272872413798193e-01
8.268302819327509212e+00 9.147907519212298277e-01
6.996697740469937088e+00 2.816161619870290522e+01
7.214504103664169499e+00 1.545884858680697249e+01
7.073097843732318424e+00 2.295340097183237660e+01
7.076171419525424611e+00 2.287439248859802277e+01
7.330397802568946020e+00 9.700086260136691507e+00
7.236368596970686795e+00 1.404563321372121720e+01
7.968054984388014184e+00 1.334647701013748966e+00
7.928489514431277030e+00 1.455891101711623170e+00
7.289017121777551012e+00 1.158335800027859719e+01
7.620036055748902193e+00 3.158577476345115986e+00
7.221229742504014837e+00 1.534437224941931888e+01
1.049929285133651646e+01 2.498991811546410202e-01
7.961307755897183647e+00 1.342619409460612978e+00
7.958620632278095464e+00 1.381341413780861505e+00
7.759626211360847847e+00 2.216656173904215876e+00
7.330397802568946020e+00 9.700086260136691507e+00
7.330886725560452177e+00 9.611748008182896541e+00
9.222889174886981678e+00 4.629111878216175535e-01
7.225842624470198317e+00 1.511904303875471989e+01
7.314738480706369117e+00 1.009539444047685564e+01
1.034035787739006551e+01 2.679949172688674830e-01
7.143792901525446659e+00 1.902298431383075084e+01
6.793396344568306766e+00 3.725379210934309526e+01
6.897074943270776970e+00 3.247593208228320805e+01
7.660853154268897569e+00 2.747515937803892694e+00
7.553625276048426151e+00 3.743014989963097783e+00
7.063355282960957382e+00 2.370845325735189491e+01
7.094680909265518309e+00 2.220840766390168497e+01
8.343899423905899226e+00 8.495457585589284433e-01
1.228502790847818993e+01 1.073586750277983615e-01
