1.313663883478355743e+01 8.184448028017995980e-02
6.487528537556506159e+00 3.795742698372725243e+01
1.237634382823868862e+01 1.034684782389050095e-01
1.211357071926880025e+01 1.037792502894296226e-01
1.254328001067600340e+01 8.698081165401999604e-02
1.278664787673277381e+01 8.255556604169922430e-02
6.489962980162990114e+00 3.595523769132056202e+01
6.487528537556506159e+00 3.795742698372725243e+01
1.294246807948699285e+01 8.234562340011537807e-02
1.196196772912325379e+01 1.248070987534607157e-01
6.643597515201116188e+00 3.279585898752296202e+01
1.177994879040658027e+01 1.248128711151458986e-01
1.313663883478355743e+01 8.184448028017995980e-02
1.112971915469421624e+01 1.686364243208321179e-01
1.064327540405353822e+01 2.122080578377828763e-01
1.130067706753805012e+01 1.684572427591633226e-01
6.653475796536080900e+00 3.218308453846832862e+01
6.560948739532180163e+00 3.383506761781746519e+01
6.559377634071940300e+00 3.469339547671800261e+01
1.103827812971345068e+01 1.757524823843333861e-01
9.720397737833863516e+00 3.165874962801691894e-01
9.580164516688206788e+00 3.254106975583700434e-01
1.090143361188123805e+01 1.908132051419672570e-01
1.051086207632280889e+01 2.124874594444237097e-01
6.560948739532180163e+00 3.383506761781746519e+01
7.037760144754921399e+00 1.203076357902869908e+01
1.150477858687220056e+01 1.467825230866982855e-01
7.038609672071947543e+00 1.128565757899113819e+01
6.613844394973861895e+00 3.334609806929694287e+01
6.945043941453145742e+00 1.661601275228631280e+01
7.118379810347669867e+00 8.347675080201939934e+00
1.026140227309264574e+01 2.494846706281845516e-01
6.720889401014566999e+00 2.894126970691594281e+01
6.675828977792605201e+00 3.108054255393345855e+01
6.756493848307422390e+00 2.787655152752474308e+01
1.085387258719358883e+01 1.947461578700814544e-01
6.720440084150721916e+00 2.946803978489251818e+01
6.945911843538225661e+00 1.610768093004856638e+01
6.686284783097289797e+00 3.058681586463145052e+01
1.158165444165121905e+01 1.467198122042413788e-01
1.167596860616825616e+01 1.310747070466379560e-01
7.124677446511204160e+00 7.857918737875374759e+00
9.416897520644049280e+00 3.603193900907096792e-01
9.577494426795405857e+00 3.257341212345927772e-01
9.969001484278857461e+00 2.773827415338541713e-01
1.141645707705032287e+01 1.474570221897590072e-01
1.132834034816402458e+01 1.476320789802758604e-01
1.076908191324702635e+01 1.967951593713786751e-01
9.494063770829649584e+00 3.426377853123352968e-01
6.613844394973861895e+00 3.334609806929694287e+01
1.077792970093161351e+01 1.949942160834163829e-01
6.672857383458306479e+00 3.138231946318608223e+01
1.034260856314530308e+01 2.407634844881755554e-01
6.665133587490753797e+00 3.155657880139948901e+01
9.493981840261001892e+00 3.473380213686699802e-01
6.658536434871225040e+00 3.197326149319810185e+01
1.069361170566328312e+01 2.121366675348602682e-01
7.105810336505094860e+00 8.612035938965192372e+00
1.158165444165121905e+01 1.467198122042413788e-01
6.806478118403235911e+00 2.426225852044391473e+01
7.103721809962705969e+00 8.981847722359228570e+00
1.020055569775975002e+01 2.509431490218543837e-01
6.919110861559270020e+00 1.789130038149818347e+01
6.785797852778604700e+00 2.553425239270980285e+01
6.708402873783429143e+00 3.000127045803732173e+01
6.714260788474772035e+00 2.961768946942665437e+01
1.044584321195791787e+01 2.337462584807484811e-01
7.203999104084275018e+00 5.843830301007686856e+00
6.786188382500154326e+00 2.515036579786476878e+01
6.706297354853830939e+00 3.033349695980794181e+01
7.042313802299472236e+00 1.068751606555676403e+01
7.161933721683597653e+00 6.665851839277624258e+00
7.205060220115222513e+00 5.564298378500954101e+00
1.050553988946693629e+01 2.190144808522273556e-01
6.918752045687667440e+00 1.820916448370565632e+01
1.107347437019580561e+01 1.695683397601316922e-01
6.763984849142429034e+00 2.715143011387410610e+01
7.042063328010566892e+00 1.105769397615211957e+01
1.008918818851040733e+01 2.712023387125582774e-01
6.764182916932372613e+00 2.712093297818525883e+01
6.756561464903038328e+00 2.751698928239324360e+01
6.501247178908414526e+00 3.537339682930474538e+01
6.779411489775973187e+00 2.575860675234495645e+01
6.759180838982109307e+00 2.747385467492465949e+01
7.252419768017759338e+00 4.791921096085867582e+00
7.049041567351314264e+00 1.051363172015602032e+01
6.708402873783429143e+00 3.000127045803732173e+01
9.926662576105705682e+00 2.861040998836301696e-01
7.140842242163664366e+00 7.216780683911430572e+00
6.527082671773932532e+00 3.496398079104320544e+01
6.938955669812118643e+00 1.697471241091655614e+01
6.764348030068380702e+00 2.679227438667252414e+01
7.242028020952467671e+00 4.972371431960298516e+00
6.777741928931884097e+00 2.606892753584353528e+01
6.674399844914754354e+00 3.111780304825770216e+01
1.003634112167417491e+01 2.715478796143965812e-01
6.807305501704214556e+00 2.400282204695274402e+01
6.812374922934391286e+00 2.367220482221812006e+01
1.144952004407220869e+01 1.467874070558167210e-01
8.388738745513563799e+00 6.727055124526031271e-01
6.770098170859315978e+00 2.656823682378686513e+01
6.809611113080404010e+00 2.393023131091856825e+01
6.854583285927242642e+00 2.112447690025240021e+01
6.826882067883858873e+00 2.261387641978343055e+01
6.857148756482424723e+00 2.100068880989172726e+01
6.744845255964537323e+00 2.876035396093068641e+01
6.829406664524238835e+00 2.257595756487040362e+01
6.613844394973861895e+00 3.334609806929694287e+01
6.904590059281280112e+00 1.878026292590585911e+01
6.904968802917296422e+00 1.848263211185864563e+01
7.014678895656302871e+00 1.277887594864430554e+01
1.001306775893931267e+01 2.738934647498981745e-01
1.169818614114243260e+01 1.304920746567189982e-01
6.936524931796127724e+00 1.725385700663150956e+01
6.863443926089662916e+00 2.051131414387075580e+01
6.552718208209108219e+00 3.483024519821637455e+01
6.499662513771911065e+00 3.550445123755007870e+01
6.854200635945386644e+00 2.137449592895206507e+01
1.069361170566328312e+01 2.121366675348602682e-01
7.173735733610376641e+00 6.487778282148986442e+00
7.585405698894783555e+00 1.777676495485335462e+00
7.113944308117502224e+00 8.451637048323284773e+00
6.497795290258186363e+00 3.576952228241554366e+01
6.826435266450586958e+00 2.286500558923322757e+01
9.224162883907141008e+00 4.047406565885106611e-01
7.054957684040807031e+00 1.020120044983789320e+01
8.434848727494062004e+00 6.653936960649614596e-01
6.507817044143662244e+00 3.518426655098092937e+01
7.135556668830818516e+00 7.435033919965263749e+00
9.725175519890939313e+00 3.160456831429536706e-01
9.143979013554853097e+00 4.286786154542564509e-01
1.015539261662582682e+01 2.539062647611853851e-01
6.747441448171433542e+00 2.851801176476920929e+01
8.615574272225716257e+00 5.820041327970348899e-01
9.256933450806094754e+00 3.963147349197466696e-01
6.972417982632546085e+00 1.464465802720767051e+01
6.971049912092514234e+00 1.488523486998666456e+01
6.830290541001084570e+00 2.233121230448938732e+01
6.837200119877971716e+00 2.200026135311379960e+01
9.106440277737432254e+00 4.349900102758612608e-01
6.771064183225476540e+00 2.636479079143345317e+01
7.071588508292506070e+00 9.759041304098319713e+00
8.649457976643860846e+00 5.815251414128318475e-01
6.658536434871225040e+00 3.197326149319810185e+01
7.257406292032944073e+00 4.711774102390067220e+00
6.755327760478011534e+00 2.810560509771324078e+01
9.766069420857741434e+00 3.127686736407468970e-01
7.016111636216848524e+00 1.255851723258855479e+01
6.863004503347078789e+00 2.074313216638415369e+01
7.066319071347926695e+00 1.007460103930083051e+01
6.817209963822488561e+00 2.328034281773487280e+01
7.355434663461087652e+00 3.369955537658758882e+00
6.973481047859194426e+00 1.433660118471882861e+01
1.174502019352055804e+01 1.251227252425397563e-01
6.806092066669254592e+00 2.443254711598360274e+01
9.273619147215001135e+00 3.953160546647167539e-01
6.859102048147397213e+00 2.078908522828044880e+01
6.973188602182179174e+00 1.455661152064088704e+01
1.111228563502164413e+01 1.691934009786745241e-01
9.071022774143276735e+00 4.419774329231397902e-01
1.037462354657926156e+01 2.392986497639162380e-01
7.083171477865676913e+00 9.508442299403080611e+00
6.816177530419296637e+00 2.349308407832833723e+01
7.156949426580246687e+00 6.790478743590467658e+00
6.665194014252074695e+00 3.154283187177949799e+01
7.131392825599077057e+00 7.600721613842703839e+00
7.149449034113841250e+00 6.963712133875056942e+00
1.012510168653662213e+01 2.685952810829066451e-01
9.045099686425537300e+00 4.503584956745721457e-01
6.982268384967517783e+00 1.373216010104469476e+01
6.796248643254457988e+00 2.488550753079275424e+01
7.036713152679515915e+00 1.219944934974298256e+01
8.684681155750796577e+00 5.634809614043402304e-01
7.046629529545762161e+00 1.068730121419626933e+01
7.226526591894224083e+00 5.301296303646108043e+00
7.149449034113841250e+00 6.963712133875056942e+00
7.146195443604959507e+00 7.156674846653135802e+00
7.214078254144765445e+00 5.506018112330055558e+00
6.752541933025717924e+00 2.826135242283428894e+01
9.102217293570946666e+00 4.388924071732672738e-01
7.598693661524642096e+00 1.726173193673100847e+00
1.104614052888906350e+01 1.741013151184858387e-01
6.510778788839867381e+00 3.514406148845702660e+01
7.322808035401441096e+00 3.819908844832698769e+00
7.027219898250394614e+00 1.234571193107122689e+01
6.958507982588934659e+00 1.553046209700961811e+01
6.942792443221748044e+00 1.695283118280596213e+01
6.822091379729453564e+00 2.312608381838815319e+01
7.100465997679470398e+00 9.015614807332092084e+00
7.317994901993006174e+00 3.949990481178369262e+00
7.088349416223677757e+00 9.412207009347181241e+00
6.900425533295412528e+00 1.914908074799514992e+01
6.902832230502142785e+00 1.896176106393883742e+01
8.497968368188354660e+00 6.314816643242389116e-01
7.030746473649848838e+00 1.220913393075956499e+01
7.069217290424552935e+00 9.890195327410383541e+00
1.088071379893885471e+01 1.917384615353679711e-01
6.966817783235303096e+00 1.514360940952391488e+01
6.883135218637461250e+00 2.009295189527373893e+01
9.871688608929842346e+00 2.947170490846072188e-01
9.775360295132410116e+00 3.124242114764264611e-01
6.980387670461632332e+00 1.405205235837576616e+01
9.799533579718261223e+00 3.090906384476934665e-01
6.843260510818783615e+00 2.184250275130280627e+01
6.923687656474986518e+00 1.764843709519091419e+01
6.904590059281280112e+00 1.878026292590585911e+01
6.902832230502142785e+00 1.896176106393883742e+01
7.083070639252278866e+00 9.652665111955204935e+00
6.924216611900812168e+00 1.751247984881553776e+01
7.199516771274875104e+00 6.088667421925179291e+00
7.135327540362361276e+00 7.449794084771596658e+00
1.144307824843488675e+01 1.469306589666842799e-01
7.051106088084778456e+00 1.036812527524482519e+01
9.368662752495367840e+00 3.780684934827342469e-01
9.306194316976874603e+00 3.949442458821470492e-01
6.943413420119840751e+00 1.679751089031928757e+01
6.714260788474772035e+00 2.961768946942665437e+01
1.034260856314530308e+01 2.407634844881755554e-01
7.567859808596354654e+00 1.834733041615651539e+00
6.850641566489968248e+00 2.158786994952655647e+01
7.189424279016508379e+00 6.224935176903786171e+00
1.023088516703748319e+01 2.501851878988106126e-01
7.089767741217065655e+00 9.270647618074185914e+00
8.272457353090619137e+00 7.350657211140416702e-01
1.130067706753805012e+01 1.684572427591633226e-01
1.132834034816402458e+01 1.476320789802758604e-01
6.883505404381481618e+00 1.991923640236623427e+01
9.178184836947112402e+00 4.213927862620722720e-01
1.172748974917766773e+01 1.303693456310476562e-01
6.552822193036486276e+00 3.482158689313873623e+01
7.036804545760648288e+00 1.203100510218953723e+01
6.962038745364847792e+00 1.541418831867879291e+01
7.226121167025764791e+00 5.445586873895678970e+00
8.526304679895110539e+00 6.198200009096845875e-01
7.496869572957963079e+00 2.236014145347819060e+00
6.798378485712184727e+00 2.461404154144770118e+01
6.755095818345475678e+00 2.810665997573429209e+01
7.458231602459985510e+00 2.444808025572855481e+00
6.823053319863992883e+00 2.296018140626456017e+01
7.278478044690214865e+00 4.445131016313786709e+00
7.276902058325376288e+00 4.607188192906007451e+00
6.980627039484041063e+00 1.389342882002652146e+01
6.775284024580686015e+00 2.635331035933761257e+01
6.883885462800381383e+00 1.991900945381439314e+01
6.836599525341527261e+00 2.207808024948057124e+01
8.377667426730390332e+00 6.824479509820523537e-01
6.820304384282749766e+00 2.314703088532220576e+01
1.022995296735788351e+01 2.504526713154346940e-01
6.887515126083421535e+00 1.977196786697406949e+01
7.092289569569450336e+00 9.255754456253651341e+00
6.559377634071940300e+00 3.469339547671800261e+01
6.943413420119840751e+00 1.679751089031928757e+01
8.555219971371924359e+00 6.078657164399252633e-01
7.125116175298145116e+00 7.722682084756068654e+00
6.747441448171433542e+00 2.851801176476920929e+01
6.750996611246324441e+00 2.837533675524027643e+01
6.803153285054388100e+00 2.451274210783905261e+01
6.922395948566901325e+00 1.769399086455472769e+01
7.858562309518213773e+00 1.066156940407182674e+00
6.798033438829794051e+00 2.477378755236108887e+01
7.040611938026841266e+00 1.123031671324101666e+01
6.980627039484041063e+00 1.389342882002652146e+01
6.699194286736947390e+00 3.049531360825936943e+01
6.967210528324303986e+00 1.506581785604886292e+01
8.195630329020875848e+00 7.754036683961694765e-01
8.041295793476738396e+00 8.854393100365285374e-01
7.355430860663612513e+00 3.518355801142628803e+00
7.051106088084778456e+00 1.036812527524482519e+01
6.844825816665878193e+00 2.174464493046487590e+01
6.956820119982097594e+00 1.558759597424106857e+01
6.893555154076483227e+00 1.940911032809309589e+01
8.710721798934734750e+00 5.557786045930334096e-01
8.856421477457693925e+00 5.108830117515381630e-01
6.768118897171135018e+00 2.670623071724764941e+01
8.725761415770827867e+00 5.557629881744297062e-01
8.585124564676988257e+00 5.960321330348716806e-01
7.842221765902784192e+00 1.112414452498818207e+00
6.867335154873042136e+00 2.035471002309642685e+01
6.740689050850644293e+00 2.883466635472829864e+01
7.157388020104222370e+00 6.790418074269776838e+00
9.324885204539958394e+00 3.787787926818710349e-01
6.720440084150721916e+00 2.946803978489251818e+01
8.090105716215131082e+00 8.472850118431537458e-01
1.141645707705032287e+01 1.474570221897590072e-01
6.835226945013177513e+00 2.221416019478499848e+01
6.819488966749406522e+00 2.327944698807347024e+01
9.020663177321344151e+00 4.538515847554541183e-01
7.011821370571651002e+00 1.283307626380745958e+01
7.092531725611037174e+00 9.120367378428689165e+00
7.380657872563210375e+00 3.133764451959660580e+00
6.769511056368013868e+00 2.666571365561901175e+01
8.108441574476435321e+00 8.452502579950229578e-01
7.331148528733655745e+00 3.748713332248593044e+00
7.113667057701369423e+00 8.598558649839681323e+00
6.955237856745968728e+00 1.573557603885913103e+01
7.069217290424552935e+00 9.890195327410383541e+00
7.363622211061856326e+00 3.260356793928876229e+00
7.003726493053961555e+00 1.325006227126164227e+01
1.010207729387225051e+01 2.698502421345273516e-01
8.058830636471411069e+00 8.761532515913289521e-01
9.349802010583291079e+00 3.781808224381751349e-01
6.929729213281188294e+00 1.743341611413528724e+01
6.813870711233938060e+00 2.363879119097255455e+01
6.948874409786638395e+00 1.608050442735955698e+01
6.833822015072858136e+00 2.221430580539327693e+01
6.851842962630640521e+00 2.139623269834896391e+01
7.747366138409447878e+00 1.268891949664801233e+00
6.775639997237496104e+00 2.622049577124876762e+01
6.891486489835210172e+00 1.963299827643044537e+01
6.784921366837587620e+00 2.556515929471914816e+01
9.343088793219804344e+00 3.787468178348228354e-01
8.578220835277111433e+00 5.964431595941631636e-01
7.367026932408058393e+00 3.211832820320171145e+00
7.737031558258521180e+00 1.282880252624608808e+00
9.200177422954450179e+00 4.138551717345546610e-01
7.019426259993719164e+00 1.247464989450161177e+01
7.199874917962594267e+00 5.952392897549692030e+00
6.893110485883822136e+00 1.954721932546068430e+01
7.445563455321729585e+00 2.566376741508391568e+00
6.499790315359224913e+00 3.549270638406447631e+01
8.354198235649755944e+00 6.888149902132055802e-01
9.855692031176982226e+00 2.978783210396258041e-01
6.848184804152564809e+00 2.166659115549907000e+01
7.656688825690868505e+00 1.537306522445110790e+00
8.775969308475367825e+00 5.371559495466233791e-01
7.642764971003844110e+00 1.548743833498749778e+00
6.856278794450762604e+00 2.107890520146287727e+01
7.124677446511204160e+00 7.857918737875374759e+00
7.521012019725568543e+00 2.077247395379303807e+00
7.236102626977647390e+00 5.116221021717298534e+00
6.781789147252308858e+00 2.565448925798790825e+01
6.830290541001084570e+00 2.233121230448938732e+01
7.092531725611037174e+00 9.120367378428689165e+00
7.007132011712566388e+00 1.301796816983604899e+01
7.456214159015940091e+00 2.540822538186784829e+00
6.700353824592725438e+00 3.036660683218541124e+01
8.288263394261873529e+00 7.337943702764444520e-01
7.872553557220268949e+00 1.061943791366068979e+00
8.995373699692855496e+00 4.683155884657490553e-01
6.497795290258186363e+00 3.576952228241554366e+01
6.496422495820308285e+00 3.589488711797027776e+01
7.186134279259777102e+00 6.338892171861274072e+00
7.130823818991006924e+00 7.642034413345943022e+00
8.493188144078677837e+00 6.318840332541147964e-01
7.200311921052097830e+00 5.952332029401754987e+00
1.042954291292572755e+01 2.382631591617615507e-01
7.007925637649731421e+00 1.293587460719398763e+01
7.540426046468104992e+00 1.969950962951299234e+00
8.009023303444697817e+00 9.174193180783299928e-01
6.983477444030424586e+00 1.369520403076924353e+01
8.978069055621871186e+00 4.683388280841899731e-01
6.998287756680190874e+00 1.337062796147790600e+01
9.907705995893058670e+00 2.871206734875071942e-01
7.270353741915998036e+00 4.655555808126633721e+00
6.911177916239651609e+00 1.839709413191805965e+01
7.224128129763931483e+00 5.461633613528094955e+00
7.440456749037163142e+00 2.619574400133350522e+00
7.990668182892944671e+00 9.400421325836992859e-01
6.800245373945492666e+00 2.461377769165470042e+01
7.310099462361644207e+00 4.009790627354998804e+00
6.900023928061063572e+00 1.936009880687155515e+01
1.167596860616825616e+01 1.310747070466379560e-01
8.603374517952692813e+00 5.846774409751179791e-01
6.978895399880133077e+00 1.407699895009802482e+01
8.933509066365614260e+00 4.828240483672467942e-01
6.936524931796127724e+00 1.725385700663150956e+01
6.932736675060459319e+00 1.735828239634054171e+01
8.961132991118281765e+00 4.807355895545397662e-01
7.083184483067644699e+00 9.434223362721137818e+00
1.038101201338680113e+01 2.392380518571357029e-01
8.182956946200174997e+00 7.897066582257989964e-01
8.244745818765760959e+00 7.481586523697012492e-01
7.009747606893317773e+00 1.290087897755530477e+01
6.877170156750811003e+00 2.013471564807938563e+01
8.215716509668508749e+00 7.652812712375391957e-01
7.176783440044959050e+00 6.464721084571483090e+00
7.889935701471622487e+00 1.059692603115535148e+00
8.075675905191848969e+00 8.659870990350890807e-01
7.405458215914104692e+00 2.914668337565500700e+00
8.875081166906793939e+00 4.974707331467805860e-01
6.752317756058022091e+00 2.830140049862650287e+01
9.317072742287678011e+00 3.833077234498278862e-01
7.708525859184535811e+00 1.398348565292475865e+00
6.967699042796488662e+00 1.498911308902349049e+01
7.559822656218009307e+00 1.878839232850465724e+00
6.798033438829794051e+00 2.477378755236108887e+01
6.865439079040884351e+00 2.046549190790748440e+01
6.787707420829566907e+00 2.513122117515937148e+01
6.904968802917296422e+00 1.848263211185864563e+01
9.170392661315389660e+00 4.214333726769390331e-01
7.530149324535955202e+00 2.057271660029697191e+00
6.900390863780175188e+00 1.924244473452813153e+01
7.626522153836586604e+00 1.633570741035762497e+00
6.976671195762252253e+00 1.415756772157978993e+01
9.821825198397554857e+00 3.042548360319733414e-01
6.874976172229068538e+00 2.021404512158352063e+01
7.716666438579363074e+00 1.326863857697660354e+00
8.239235594222581227e+00 7.583852311371127586e-01
7.331060270668639411e+00 3.819821159370489827e+00
9.808529770564351935e+00 3.083178889789670585e-01
7.713871045446410335e+00 1.376944656489329732e+00
7.697927179626431027e+00 1.408376328646056885e+00
7.925190858285751538e+00 1.011650892842964389e+00
7.005197097289109998e+00 1.308444089705830571e+01
1.041269416290913696e+01 2.385850712746142854e-01
6.965267103854648312e+00 1.525158960278245246e+01
8.444392272607455396e+00 6.550646278450044102e-01
9.057761759865558204e+00 4.499508156216161514e-01
7.240331840397114860e+00 5.049719076493139447e+00
6.724198472755855249e+00 2.884390992439101709e+01
6.795086776420357744e+00 2.497057598728700256e+01
7.189894948502823624e+00 6.178922633740113746e+00
7.609916210380441193e+00 1.710078560154683514e+00
6.993632106346603372e+00 1.366605170885168796e+01
8.170293236150410365e+00 7.911798705803707588e-01
8.452967171619281572e+00 6.519713926261683223e-01
9.010084538621837780e+00 4.643316604663311753e-01
9.382345696267075041e+00 3.775881036086740639e-01
6.995107267153997554e+00 1.356310078731584134e+01
6.890126383987413838e+00 1.967375880874855554e+01
9.158016840207407583e+00 4.271743274592509354e-01
8.667496889170770658e+00 5.739045267942380901e-01
7.765893190394714374e+00 1.231216774274394909e+00
6.920137012119233155e+00 1.779094567928225246e+01
7.128901450627451730e+00 7.718746329200931733e+00
6.890108441928753713e+00 1.973951153966135763e+01
7.487327396323071760e+00 2.294598265319930608e+00
6.787858681244181902e+00 2.503838268613343132e+01
7.626625995520967649e+00 1.586385077065590066e+00
7.549653268700203590e+00 1.959956554467599643e+00
7.501012094141417563e+00 2.199620737414073268e+00
7.484931767945898429e+00 2.365961398111805725e+00
1.088799048614580300e+01 1.914418880244646570e-01
7.180047004560913493e+00 6.399201991624032360e+00
7.515983706370874984e+00 2.114306040903917161e+00
9.888824096731225310e+00 2.909104534883740212e-01
7.918059723123289650e+00 1.034177315822271792e+00
8.916703374848212960e+00 4.935234686822882466e-01
8.477356633008119147e+00 6.462460480159971654e-01
7.954446039062757379e+00 9.670325438255659156e-01
6.525062278225714607e+00 3.503589735650327697e+01
8.656766721577493939e+00 5.749507713157030464e-01
9.397679097735812448e+00 3.607093989698486602e-01
9.405085233274213863e+00 3.605378843197228900e-01
7.429572526164077928e+00 2.711648684815420651e+00
7.781463426079223922e+00 1.194423722378373354e+00
7.475902927035999568e+00 2.425669244249613943e+00
1.013746118052043954e+01 2.559826455923782662e-01
8.755596239633494093e+00 5.461390605343406923e-01
6.850880010343573190e+00 2.149976789406494504e+01
9.911002322736820247e+00 2.867142850873941051e-01
8.034834225811977149e+00 8.982791027832414121e-01
8.675550060003381247e+00 5.680146322746162380e-01
6.953621955530355336e+00 1.582632689738426635e+01
7.061418299906404350e+00 1.007909627681772058e+01
6.764348030068380702e+00 2.679227438667252414e+01
7.395614806667220265e+00 3.024177365987367416e+00
7.336400731087533877e+00 3.701362355579943753e+00
7.729379853680393708e+00 1.308355178113861594e+00
6.843260510818783615e+00 2.184250275130280627e+01
8.829037945325094228e+00 5.256887436112078760e-01
8.922929062527158450e+00 4.860659309078989021e-01
8.065222966417207928e+00 8.753165063443546501e-01
9.839578055188576755e+00 2.994341676076462955e-01
7.408015631342202312e+00 2.825933167002606883e+00
8.887348544021769214e+00 4.971774151508777662e-01
6.525062278225714607e+00 3.503589735650327697e+01
7.316321332024796398e+00 3.984130173303896960e+00
7.787577795617338872e+00 1.177314987454891826e+00
9.385895543745652603e+00 3.614276122791681978e-01
1.014198498438346441e+01 2.555827950101171031e-01
6.813896622892883670e+00 2.353476956022544542e+01
7.407373769873959901e+00 2.880092285694480836e+00
6.724198472755855249e+00 2.884390992439101709e+01
6.920137012119233155e+00 1.779094567928225246e+01
7.017192956465948761e+00 1.255821121784985905e+01
8.905375381568457982e+00 4.971297636374247264e-01
7.693145848159255173e+00 1.459222939336743519e+00
6.974074666469380901e+00 1.433652131115041151e+01
7.354353903973341211e+00 3.522480532082865157e+00
6.975417794004667549e+00 1.424500519225424178e+01
6.949155851010242024e+00 1.598013512102563638e+01
9.888824096731225310e+00 2.909104534883740212e-01
7.881029675904560605e+00 1.059778484018566891e+00
8.841126907142143665e+00 5.148064387741423387e-01
8.084266481700742801e+00 8.597484986521171102e-01
8.332071067290259592e+00 7.008272709381645482e-01
7.022973909343367183e+00 1.245022721179519642e+01
7.338307509003096918e+00 3.682223983615268370e+00
6.688912800311056728e+00 3.053038385488644479e+01
1.111228563502164413e+01 1.691934009786745241e-01
6.955237856745968728e+00 1.573557603885913103e+01
8.737573063788776295e+00 5.533152798209919343e-01
8.151820857855648583e+00 8.075879781099116750e-01
7.232453851015554491e+00 5.192320026364243724e+00
8.804602899713909636e+00 5.305665696542033460e-01
6.742189368983084741e+00 2.879277341238859833e+01
7.537375896953516730e+00 2.021989983449988593e+00
7.041541081056060136e+00 1.113919708828599653e+01
8.142848397542550742e+00 8.148973536443334664e-01
1.043517314938090479e+01 2.346290489087352604e-01
7.756663299734535499e+00 1.250846505440686984e+00
7.289066893543926007e+00 4.279547729856015614e+00
7.290877924648847319e+00 4.192641349525875860e+00
7.078304345960123811e+00 9.700173226594102971e+00
6.803808610104931098e+00 2.447116865334341895e+01
6.873248236007523104e+00 2.030111066277079956e+01
7.236052017915842960e+00 5.192103123123536612e+00
8.115065196404712466e+00 8.405527053344431510e-01
7.826233582784714038e+00 1.114836619654793637e+00
9.267064676419733971e+00 3.953167921259537754e-01
8.947336920385493997e+00 4.807604504930260148e-01
6.962874523543604255e+00 1.538116296393247850e+01
7.424971214913854922e+00 2.750572085883685070e+00
8.122792726057360468e+00 8.303522805261531747e-01
6.893110485883822136e+00 1.954721932546068430e+01
7.180706555801961599e+00 6.375653427616580160e+00
7.431334548017801467e+00 2.677001554012893081e+00
7.396795789862332882e+00 2.943818805865231703e+00
6.912600499439463420e+00 1.839637525516991445e+01
7.419520199590482257e+00 2.797899307577153216e+00
6.995861426414275996e+00 1.347355456200277324e+01
7.191399931475931595e+00 6.120299145592126067e+00
6.696616932299744640e+00 3.050517851945129522e+01
7.415309834997318106e+00 2.819770675152689865e+00
6.900390863780175188e+00 1.924244473452813153e+01
6.900425533295412528e+00 1.914908074799514992e+01
7.004966163230340825e+00 1.317246537326725786e+01
9.847756048484558988e+00 2.983450193448369814e-01
6.824391116347437780e+00 2.293307256863842269e+01
6.972927838346310025e+00 1.464457837434427212e+01
1.040911785923581689e+01 2.390399653655090884e-01
6.932736675060459319e+00 1.735828239634054171e+01
7.349388272080236817e+00 3.586094855282589755e+00
7.818896154346407279e+00 1.136087977484966371e+00
6.949155851010242024e+00 1.598013512102563638e+01
6.951762768007477611e+00 1.590313211492431300e+01
6.876733449040047574e+00 2.020191477290292781e+01
8.340837147700565168e+00 6.916470452848545447e-01
6.976512632622426935e+00 1.418286902249510639e+01
6.913015707477095262e+00 1.831347328331309043e+01
8.850153226873230139e+00 5.114910623537293199e-01
7.722829871513442690e+00 1.308966011113063210e+00
6.994027439481564024e+00 1.363997742156096216e+01
8.789107487183796863e+00 5.330287134622839762e-01
8.128741608378632577e+00 8.233798307516800863e-01
7.146195443604959507e+00 7.156674846653135802e+00
7.238366750536137317e+00 5.067790030915138466e+00
7.390056087226663628e+00 3.056261687326366605e+00
8.539861424068231344e+00 6.110614814633575920e-01
7.563363996468839723e+00 1.835026214981472670e+00
6.792444151797285556e+00 2.497987494998032432e+01
6.850880010343573190e+00 2.149976789406494504e+01
6.973188602182179174e+00 1.455661152064088704e+01
7.502466206802541393e+00 2.155359514234489460e+00
7.556293479792666190e+00 1.916851948366143477e+00
7.344470041605164035e+00 3.630283226202589919e+00
1.002031747567679432e+01 2.731032991881408578e-01
1.039660145584529438e+01 2.391999839948117934e-01
8.135990548890829288e+00 8.149303126025848609e-01
7.963220478694220894e+00 9.538256425494109347e-01
7.287622733228897864e+00 4.345392388294584407e+00
6.777130952976166967e+00 2.622016974417253010e+01
9.000982907408682010e+00 4.646794690003514527e-01
6.779509931020413660e+00 2.572688869875286954e+01
8.257156068756055234e+00 7.353812379145734379e-01
6.952177883056402941e+00 1.582642887745309856e+01
6.870138417148469401e+00 2.033851299296705761e+01
7.396424300480437530e+00 2.957707997045357029e+00
7.342258680105759439e+00 3.634375408973641530e+00
8.190246280609001062e+00 7.795518960041423195e-01
7.454940545918425698e+00 2.561782167288873424e+00
7.666992659766084017e+00 1.462584158169630610e+00
7.977175019735321726e+00 9.446329154467461020e-01
8.526304679895110539e+00 6.198200009096845875e-01
6.808301906344039978e+00 2.395693910971357710e+01
8.710721798934734750e+00 5.557786045930334096e-01
7.270353741915998036e+00 4.655555808126633721e+00
7.276902058325376288e+00 4.607188192906007451e+00
6.999778068142295417e+00 1.329355044048697643e+01
6.779710996413699675e+00 2.567272624652338564e+01
6.965267103854648312e+00 1.525158960278245246e+01
6.962943922417913711e+00 1.532367709677986056e+01
7.487327396323071760e+00 2.294598265319930608e+00
8.318090629644894207e+00 7.037121598442654946e-01
7.004281493052069152e+00 1.317268848393545611e+01
6.790851661590574295e+00 2.503620560964153441e+01
7.041724094182767679e+00 1.113905378980499172e+01
8.313432460444415639e+00 7.207728778329662855e-01
7.934677818002852767e+00 1.011565926737932219e+00
7.977175019735321726e+00 9.446329154467461020e-01
7.476876836821378269e+00 2.377674449229322029e+00
7.061039904769238262e+00 1.015221939525030947e+01
7.615249808886322747e+00 1.704850265367503725e+00
9.065455086326851486e+00 4.499102739499252213e-01
8.257156068756055234e+00 7.353812379145734379e-01
6.525492975522009687e+00 3.501243901304926709e+01
7.042063328010566892e+00 1.105769397615211957e+01
8.025671743752200271e+00 9.048001579184843379e-01
6.994809959984589653e+00 1.358198264979909098e+01
8.022034246764889076e+00 9.085700872650456228e-01
7.813488685721679872e+00 1.136800631527440375e+00
8.325282781592566295e+00 7.034948528800779588e-01
7.293787523432728293e+00 4.126709909404790544e+00
7.290877924648847319e+00 4.192641349525875860e+00
8.307346684802933368e+00 7.269859167315932957e-01
8.816184229041196474e+00 5.257477229367751859e-01
8.476225291702499831e+00 6.462732693148562912e-01
7.287383985806951792e+00 4.425554209328542044e+00
7.635702519021471346e+00 1.573178406793418027e+00
9.151402140485370040e+00 4.274110576111933013e-01
6.750996611246324441e+00 2.837533675524027643e+01
7.373080201606347472e+00 3.171995702383022309e+00
7.510656048138251606e+00 2.129659186030083085e+00
6.837057925595273034e+00 2.205564418559696804e+01
7.553184880623669883e+00 1.930031283536060460e+00
7.681010712316140854e+00 1.461572723069342716e+00
7.025142241739339433e+00 1.240677151810264256e+01
8.163964339251119640e+00 7.964327826450136039e-01
8.158191860524807382e+00 8.029650694451514470e-01
6.970829664811518001e+00 1.488576458006635228e+01
1.172907615601753584e+01 1.303292127918580234e-01
8.748625373980747355e+00 5.506101499000155552e-01
9.819519306272704640e+00 3.042560659372532395e-01
8.002053488341319465e+00 9.263752934266782368e-01
8.834262801468138804e+00 5.221236150771207951e-01
6.824861770075594691e+00 2.287773032894718739e+01
7.664519094171381219e+00 1.517359438326384646e+00
6.777263461233320463e+00 2.614155115897629500e+01
6.951762768007477611e+00 1.590313211492431300e+01
8.789107487183796863e+00 5.330287134622839762e-01
8.346124683228101304e+00 6.890588809321421815e-01
7.358129686882413978e+00 3.307749733989270968e+00
7.997373870848377919e+00 9.308211168906949107e-01
6.970625445644357043e+00 1.496302642346171474e+01
7.422328641208228106e+00 2.765670132511098167e+00
7.852300717461347723e+00 1.108845332625858271e+00
7.697141659371057543e+00 1.450781137359102635e+00
1.015539261662582682e+01 2.539062647611853851e-01
7.193598424463995222e+00 6.106253134425970508e+00
6.896206134172404134e+00 1.940867156815452077e+01
1.002848463432457926e+01 2.728446746921801558e-01
9.210982232027681960e+00 4.073198800840192035e-01
7.231168047439195945e+00 5.262653251131203191e+00
7.358129686882413978e+00 3.307749733989270968e+00
7.005485069629621364e+00 1.305828859307007939e+01
1.090027610221980936e+01 1.910691104342268076e-01
8.225820331884978742e+00 7.590789949267104930e-01
8.968478606775727613e+00 4.753304952275536621e-01
7.532512105753180975e+00 2.022511048262750855e+00
6.493359437455430871e+00 3.592004644175138850e+01
6.880633727938828770e+00 2.009928881709591053e+01
6.777263461233320463e+00 2.614155115897629500e+01
6.777741928931884097e+00 2.606892753584353528e+01
8.463857912517100957e+00 6.511101508205422439e-01
7.061039904769238262e+00 1.015221939525030947e+01
7.306998800520779547e+00 4.064756405466027900e+00
1.009966859881742884e+01 2.701439414573955644e-01
7.943828795719318769e+00 9.930974105097781779e-01
7.079088683068423649e+00 9.675992731634208255e+00
7.373080201606347472e+00 3.171995702383022309e+00
7.289066893543926007e+00 4.279547729856015614e+00
8.295469929277695442e+00 7.315005908985379168e-01
9.306194316976874603e+00 3.949442458821470492e-01
7.899467338150439666e+00 1.040498078459817011e+00
7.026103560112547441e+00 1.238720799859704336e+01
8.382543916019915997e+00 6.820486635578378865e-01
7.307837158403939881e+00 4.064229249206959160e+00
7.508264475707373542e+00 2.151703063584399889e+00
7.761249333654768989e+00 1.250613538884436826e+00
7.349388272080236817e+00 3.586094855282589755e+00
8.300551290841577057e+00 7.298908386831174377e-01
8.604956855050231113e+00 5.820048493995124694e-01
7.806797839781865811e+00 1.149911055300071983e+00
7.618031864255649488e+00 1.656914028563418295e+00
6.997648095168008453e+00 1.341202998569527161e+01
6.995861426414275996e+00 1.347355456200277324e+01
7.681010712316140854e+00 1.461572723069342716e+00
1.039660145584529438e+01 2.391999839948117934e-01
6.686284783097289797e+00 3.058681586463145052e+01
9.020453369715957237e+00 4.607751010595813046e-01
7.939579740924218143e+00 1.009181158021770441e+00
6.898742828499415225e+00 1.936084186948342634e+01
7.278478044690214865e+00 4.445131016313786709e+00
7.287383985806951792e+00 4.425554209328542044e+00
7.803858299329808901e+00 1.153963836254530584e+00
7.298909191818473197e+00 4.088536941970929206e+00
8.540646580848594738e+00 6.110414894922944207e-01
6.915995346789344467e+00 1.826235441243321844e+01
7.666090366149236779e+00 1.462672412387908016e+00
6.975896357309514073e+00 1.424487686689285404e+01
6.863004503347078789e+00 2.074313216638415369e+01
6.859102048147397213e+00 2.078908522828044880e+01
8.905375381568457982e+00 4.971297636374247264e-01
6.914093361276202110e+00 1.831329153466810311e+01
9.201640486600622282e+00 4.133690772463856633e-01
7.380667723693711935e+00 3.065884440293657143e+00
7.774648023217168635e+00 1.213194047258439490e+00
7.186134279259777102e+00 6.338892171861274072e+00
8.875741854963200339e+00 4.974192594574763371e-01
7.298909191818473197e+00 4.088536941970929206e+00
7.293787523432728293e+00 4.126709909404790544e+00
7.287622733228897864e+00 4.345392388294584407e+00
1.174075582913460636e+01 1.257374718832850180e-01
6.700353824592725438e+00 3.036660683218541124e+01
7.795768375362867708e+00 1.171596575661071560e+00
6.956820119982097594e+00 1.558759597424106857e+01
7.038868764322214311e+00 1.128512792289341604e+01
8.886912485417434837e+00 4.972261500148423830e-01
6.999778068142295417e+00 1.329355044048697643e+01
8.742591985396076737e+00 5.520226739785547565e-01
8.551591731819724984e+00 6.081954465036064628e-01
7.231168047439195945e+00 5.262653251131203191e+00
8.766981869635985802e+00 5.461138873766570034e-01
8.434848727494062004e+00 6.653936960649614596e-01
7.638321293838067128e+00 1.571492806841116252e+00
7.662482071068827949e+00 1.521508003106853746e+00
7.909064848065198383e+00 1.039429684043946089e+00
7.467329745466203761e+00 2.432564655037796175e+00
7.617525419163296618e+00 1.669853832085372858e+00
8.215716509668508749e+00 7.652812712375391957e-01
8.225820331884978742e+00 7.590789949267104930e-01
7.394656279485370298e+00 3.054994965009812713e+00
7.798229728976379782e+00 1.171160187283150966e+00
8.944425046813920588e+00 4.824082787094192137e-01
8.815105479514459219e+00 5.285604673286656841e-01
7.963220478694220894e+00 9.538256425494109347e-01
7.380667723693711935e+00 3.065884440293657143e+00
7.825772408327218876e+00 1.114880483836008018e+00
8.463857912517100957e+00 6.511101508205422439e-01
7.435861910621789583e+00 2.652872590551060394e+00
8.805875079578369125e+00 5.304690002536533999e-01
6.915995346789344467e+00 1.826235441243321844e+01
8.973032118129989243e+00 4.717176530163296189e-01
7.852300717461347723e+00 1.108845332625858271e+00
8.766981869635985802e+00 5.461138873766570034e-01
6.925308280017462792e+00 1.746229050876061351e+01
7.437791090246709480e+00 2.650976588369420739e+00
9.210982232027681960e+00 4.073198800840192035e-01
7.113667057701369423e+00 8.598558649839681323e+00
6.757736263958005196e+00 2.751353353163323945e+01
6.962943922417913711e+00 1.532367709677986056e+01
7.481901155265263448e+00 2.376103108293681210e+00
7.774648023217168635e+00 1.213194047258439490e+00
6.865439079040884351e+00 2.046549190790748440e+01
6.508100647292070384e+00 3.514507467529718809e+01
7.909636881249641149e+00 1.034357674255023563e+00
6.924363876084699498e+00 1.746254737325942941e+01
7.899467338150439666e+00 1.040498078459817011e+00
7.467329745466203761e+00 2.432564655037796175e+00
6.873248236007523104e+00 2.030111066277079956e+01
6.816177530419296637e+00 2.349308407832833723e+01
6.813896622892883670e+00 2.353476956022544542e+01
6.493300885148485690e+00 3.595325142636458793e+01
9.766069420857741434e+00 3.127686736407468970e-01
7.949253145285880784e+00 9.848862421149058299e-01
6.847942060462135494e+00 2.171204817511447516e+01
6.759180838982109307e+00 2.747385467492465949e+01
9.839578055188576755e+00 2.994341676076462955e-01
6.887515126083421535e+00 1.977196786697406949e+01
