1.316376815109103937e+01 9.092501977158840010e-02
6.488684112082424349e+00 3.615689575211855811e+01
6.488684112082424349e+00 3.615689575211855811e+01
1.090742689350022765e+01 1.999317992668886990e-01
1.289570811426215613e+01 9.781146045405543499e-02
1.267502734118992436e+01 1.130377298605051289e-01
1.302859999169855243e+01 9.673459186694124967e-02
1.109219382289640876e+01 1.830061872676560231e-01
1.242459617275201111e+01 1.130937480726249139e-01
1.208381938918015841e+01 1.193137761678041975e-01
1.226754381252278314e+01 1.136206169615393974e-01
1.194463617481111761e+01 1.344612680985081965e-01
6.814567680803420124e+00 2.467736650873620974e+01
1.168191677918595417e+01 1.358162511968930009e-01
1.152098631948014962e+01 1.567756180905298113e-01
1.187621253785186859e+01 1.353955013413659092e-01
1.047510405870133532e+01 2.265943224858582850e-01
6.815685777635054343e+00 2.369539721709430680e+01
6.751072343002404885e+00 2.726873017815546874e+01
1.077549266049862631e+01 2.004697005286373013e-01
1.272312444127966380e+01 1.127809913798790142e-01
6.747822395891407865e+00 2.816580592880540124e+01
1.034841554667112717e+01 2.449912209639275307e-01
1.073373362417229693e+01 2.217057409369915522e-01
6.771818199640365243e+00 2.674175285774758848e+01
1.017923428389350882e+01 2.582236386056091515e-01
1.242459617275201111e+01 1.130937480726249139e-01
6.552177297266027267e+00 3.387780340027703829e+01
6.566227622552313292e+00 3.316127288837455467e+01
1.315047549681900385e+01 9.126871726236158999e-02
1.116622884533702020e+01 1.826506230483274096e-01
6.831627969986644011e+00 2.276763610476178457e+01
1.142109369845500666e+01 1.607504621394177102e-01
1.031157741696661390e+01 2.563186114021993034e-01
1.053550267566893162e+01 2.228257984637684874e-01
6.660496788602140228e+00 3.151925991123799520e+01
6.671478114080887423e+00 3.087061991939567562e+01
9.727820127556853436e+00 3.303116886482495573e-01
9.624893274985476310e+00 3.345136329355856697e-01
1.061380690776633351e+01 2.218204264284883154e-01
6.493608622962057098e+00 3.540389304982325314e+01
1.128772784109024130e+01 1.626223556826526251e-01
6.718341228459814296e+00 2.935634886526558063e+01
6.785904129454580769e+00 2.620854645712150699e+01
6.492708828624440542e+00 3.596744058016695078e+01
6.910346261259123324e+00 1.853422084774359035e+01
7.067126010003405234e+00 1.031634291690800431e+01
6.830946552120751747e+00 2.314813912626733128e+01
1.138022721858886932e+01 1.625786064338623216e-01
1.162035149071704154e+01 1.564988813505523157e-01
6.523891463403513669e+00 3.450425455056929991e+01
6.709730676037768404e+00 2.983426639835212768e+01
1.217855079595325307e+01 1.190923434622889049e-01
1.128772784109024130e+01 1.626223556826526251e-01
6.768541822312660550e+00 2.700580631696152167e+01
1.005805377857443084e+01 2.838256618753658977e-01
9.364689652912097984e+00 4.005814223263874374e-01
6.902209435361775114e+00 1.894026253195691822e+01
7.066122835225393750e+00 1.074095991910729531e+01
1.060643201427618898e+01 2.227046464725414288e-01
1.219158837155373121e+01 1.177177257416717332e-01
6.538284425774110176e+00 3.417884079693289578e+01
1.115791078520708091e+01 1.829777165416564266e-01
9.957659162173882805e+00 3.026802810930288024e-01
6.835443652356381072e+00 2.245090360802699436e+01
1.187890967921702767e+01 1.348304857242786925e-01
6.989545879109677173e+00 1.407826096956936723e+01
7.146985228956803660e+00 7.228542722407481413e+00
6.989394126709822963e+00 1.444034630098864191e+01
9.824134744735475877e+00 3.239034489398961991e-01
9.455786326746107306e+00 3.682092175479983465e-01
6.709730676037768404e+00 2.983426639835212768e+01
6.703870959558003051e+00 3.015603419846034328e+01
9.048278839297374532e+00 4.664341698007828385e-01
9.307968749375111983e+00 4.007111080743601117e-01
1.011623059352277920e+01 2.798812932216764859e-01
1.015339542994420796e+01 2.635372434535259156e-01
6.580847622215800108e+00 3.315518417629607484e+01
6.690447589273084361e+00 3.070457179928388314e+01
6.797034741955250148e+00 2.578892496934639667e+01
6.742844258462074691e+00 2.858212705621624750e+01
1.167223653826214758e+01 1.562874548757116622e-01
6.799665140511798711e+00 2.558008339557369837e+01
8.991737308006911178e+00 4.787700758270724832e-01
6.507330123021394463e+00 3.513302994593555439e+01
6.976233716125348039e+00 1.520775822998055560e+01
6.929179207169433141e+00 1.760879662040150961e+01
9.126803553465560270e+00 4.512378228181899709e-01
6.929252428594043778e+00 1.730202405127084830e+01
6.898657363032529410e+00 1.902046708502523842e+01
8.371756376636433572e+00 7.196911911804740880e-01
6.839895557410721416e+00 2.243085837847793229e+01
6.897427149335684682e+00 1.931666754651764251e+01
9.182230702944192302e+00 4.500002084544227343e-01
9.774900099884900939e+00 3.245741712475449514e-01
7.051586998088355429e+00 1.135556992643370045e+01
6.744363654692598686e+00 2.845790576534586691e+01
7.145336863888398504e+00 7.476070092781530896e+00
6.657483405871499116e+00 3.167729729838530162e+01
9.054044639335208089e+00 4.660671813198044022e-01
6.653770321305239932e+00 3.193984129218940993e+01
8.568212535501213978e+00 6.387080998048216829e-01
9.911380056885716883e+00 3.065894302935865956e-01
7.141295280346738217e+00 7.730771554658086409e+00
1.162035149071704154e+01 1.564988813505523157e-01
6.842647118697789743e+00 2.189982682064029262e+01
6.926470673828692526e+00 1.784071302543177495e+01
9.507073158717584960e+00 3.676879381446551132e-01
7.051644368699727217e+00 1.114653154467501395e+01
9.213874115744097537e+00 4.304822659665227813e-01
9.099614444537536428e+00 4.527541220242833897e-01
8.523937946724714720e+00 6.458745508576936301e-01
6.876160746730397122e+00 2.044220670681743002e+01
6.618299346667616767e+00 3.255441179648330774e+01
6.819892835832853883e+00 2.367617566190067535e+01
6.514150773430649188e+00 3.489810466963783853e+01
6.966446502457700696e+00 1.557672304899823601e+01
9.865190955677524798e+00 3.075987436342976222e-01
6.800850819613000198e+00 2.549056753419364796e+01
8.038795765751473255e+00 9.057959460207405389e-01
1.272312444127966380e+01 1.127809913798790142e-01
6.745111714630744437e+00 2.829734096165751112e+01
6.727096280192705002e+00 2.899105267636763017e+01
6.840439958502509299e+00 2.217454956306303515e+01
9.917765810620645439e+00 3.027466113388014302e-01
7.117764339250906680e+00 8.522482214619046204e+00
8.330321352121465850e+00 7.241849624395179097e-01
6.598121774228103753e+00 3.299831251143088195e+01
6.806493014737295510e+00 2.526009420965662144e+01
6.928896619687741953e+00 1.760912393935098663e+01
7.057315879489731714e+00 1.110944625881793257e+01
6.963448690124857343e+00 1.580501924396576641e+01
6.876713568221727968e+00 2.020335938432109657e+01
6.697320600179748951e+00 3.030922787995893586e+01
6.997248594639888353e+00 1.363695275382605310e+01
6.692585350288533519e+00 3.049485219796532220e+01
6.762374502523697650e+00 2.717917320449736707e+01
6.940610916112206041e+00 1.685988201447302259e+01
9.252613458818126801e+00 4.298885684513353289e-01
8.743298443468429326e+00 5.570825698214884047e-01
7.141597322569854356e+00 7.495053191559832406e+00
6.842116019316654807e+00 2.213108230638763985e+01
9.517488048636449705e+00 3.641004432406255709e-01
6.719124245713466337e+00 2.926145451161592703e+01
1.002768475439081364e+01 2.848485313688753351e-01
6.610596162057906788e+00 3.263306622832603665e+01
6.621440396632928049e+00 3.234187725124309765e+01
6.977683798033796236e+00 1.498415838790714005e+01
8.206266881553153425e+00 7.807157467116920824e-01
6.853248129705016289e+00 2.172796468855637997e+01
9.754609670149651635e+00 3.286227537153864620e-01
6.873124455226822249e+00 2.064848610888038039e+01
8.977447508428033629e+00 4.917973348153386048e-01
6.873682511201066880e+00 2.045720923681502512e+01
1.138882692855266221e+01 1.620171176709633287e-01
6.789044829906619505e+00 2.604352692323493912e+01
6.820846940401927405e+00 2.346005384754948508e+01
6.986429596999132130e+00 1.456801197112359070e+01
1.012023756255680595e+01 2.787502328647998850e-01
7.129643611961857808e+00 8.115845467987043094e+00
6.890300006693709456e+00 1.952480866229444700e+01
7.002651018481444112e+00 1.326798180852553166e+01
6.919211345680558622e+00 1.794901469306011066e+01
7.202848178339420926e+00 5.905687710057698325e+00
8.780852713138360244e+00 5.490731170335881872e-01
6.695880448044452038e+00 3.049482917840484575e+01
6.491421121491791624e+00 3.600105871135212254e+01
1.031157741696661390e+01 2.563186114021993034e-01
7.026566109384740244e+00 1.243140487817603379e+01
9.602058589106055919e+00 3.512244126659151422e-01
6.727428212041304256e+00 2.880818999617027387e+01
6.890539454584684975e+00 1.947886750209220708e+01
7.029600356715782539e+00 1.227494280436948237e+01
8.303733309608928082e+00 7.491725261615881371e-01
6.523866078724662287e+00 3.462707661170350093e+01
6.996332474455500439e+00 1.381349989590967375e+01
7.134085665888171945e+00 8.036613610512517880e+00
7.648682178805544574e+00 1.552607121191465822e+00
6.959846401033050967e+00 1.607531259083242503e+01
6.854185721261880637e+00 2.153127516134496133e+01
6.861146937625489883e+00 2.125045720769534441e+01
6.895098896200670069e+00 1.934241859218067106e+01
7.117118794964905959e+00 8.696508423229809992e+00
6.600766562032241325e+00 3.277613883296734087e+01
6.871101752084749492e+00 2.066889948442379321e+01
7.194189522323268804e+00 6.032252953344222846e+00
6.913863087042293465e+00 1.823610696466007752e+01
6.991757684886702684e+00 1.390146456657495477e+01
7.043192313119405412e+00 1.177587631165442694e+01
6.911849916254022119e+00 1.839830775809950225e+01
6.552177297266027267e+00 3.387780340027703829e+01
6.538669766522341220e+00 3.399610666836292694e+01
6.970311996884271721e+00 1.547646418514429101e+01
6.737124803999147815e+00 2.874142010327484087e+01
9.204863312937527908e+00 4.476188241682935720e-01
7.000800515729239670e+00 1.344836499605906965e+01
7.069937685814248418e+00 1.018082533499292985e+01
6.697549534488404177e+00 3.026316541259417647e+01
9.443294474824538653e+00 3.815426151984489533e-01
7.136850892641223965e+00 7.883862207588499871e+00
6.881210203102316569e+00 1.998725231711935635e+01
6.830368667272320060e+00 2.332857579534466197e+01
7.191767904908640929e+00 6.199097128802915080e+00
6.989908294629423757e+00 1.407822098138967704e+01
6.538284425774110176e+00 3.417884079693289578e+01
6.538669766522341220e+00 3.399610666836292694e+01
6.642202562200742122e+00 3.204245572621253757e+01
6.514150773430649188e+00 3.489810466963783853e+01
7.178775236335131815e+00 6.582980019924955073e+00
6.941594299976827642e+00 1.672475740443359982e+01
9.989731414147337674e+00 3.023246930319384851e-01
7.083796562490016768e+00 9.658498722699940586e+00
7.086846997986642194e+00 9.494304597751355601e+00
6.954574363153684047e+00 1.638064203306960209e+01
7.194024296069605029e+00 6.051456313943196719e+00
8.233285138969241856e+00 7.796375625639737628e-01
8.271178117731762924e+00 7.513072367602315893e-01
9.415156542146709384e+00 3.858066323926637176e-01
6.985140834908433405e+00 1.473495616901851513e+01
9.548612402367353980e+00 3.553359563697762735e-01
7.058259008357551600e+00 1.093756502256277052e+01
6.726220040758754237e+00 2.906145059354029669e+01
7.127235928484496164e+00 8.337505066522160391e+00
6.813590531288224561e+00 2.479858282786567614e+01
6.963448690124857343e+00 1.580501924396576641e+01
6.961514335126174124e+00 1.597020567222851106e+01
6.915839844859027252e+00 1.808510699479732864e+01
7.530354923172990489e+00 2.111422669946681374e+00
7.165805498017648212e+00 6.899658307558877546e+00
7.749481655225853416e+00 1.309435766297287307e+00
6.658723483938482346e+00 3.167527038983802612e+01
6.519253310504422139e+00 3.475168825428320929e+01
8.063066714587481698e+00 8.960772939901149314e-01
9.839154642168056242e+00 3.107386907699019596e-01
7.847523426912867528e+00 1.156551183644140890e+00
6.887985952856181093e+00 1.967948120470207840e+01
7.242648059806653826e+00 5.191000074051045132e+00
6.957307848497881864e+00 1.615066428478595029e+01
6.503843935191980563e+00 3.534165787013967019e+01
8.952801816487063746e+00 4.925798065441522877e-01
6.981312219224945714e+00 1.480352122092204858e+01
6.660496788602140228e+00 3.151925991123799520e+01
6.801623635603610829e+00 2.532923527388288321e+01
6.652349015128885767e+00 3.194040253656485717e+01
6.600574657634360243e+00 3.291816050588549558e+01
7.178653542189232795e+00 6.665372398970327517e+00
6.956551611520762179e+00 1.623011690107621163e+01
6.868751240832263960e+00 2.082079383212908752e+01
8.424730697820082881e+00 6.925301528520658723e-01
6.812606215154040967e+00 2.492526286753973963e+01
6.810222373703010312e+00 2.507588248201693304e+01
7.009773447376930200e+00 1.307777641929010137e+01
6.884784774312356248e+00 1.987842538832720507e+01
8.829215647988865712e+00 5.418013827388814541e-01
7.100294510475377407e+00 9.068910340282084093e+00
7.837217495650620869e+00 1.186322856317472585e+00
7.242783524944785611e+00 5.068555516952266693e+00
7.491981310530629656e+00 2.320706086809668722e+00
6.850440093017308385e+00 2.185314770212437097e+01
9.391436998867611408e+00 3.871179557210761568e-01
7.128505054487740189e+00 8.258054506177771259e+00
6.671478114080887423e+00 3.087061991939567562e+01
6.680937064342979070e+00 3.076424304154772216e+01
9.574929758112203260e+00 3.527652762852976354e-01
6.633650915806136972e+00 3.214602320300532057e+01
6.623423143553638148e+00 3.224743940662024499e+01
9.424021897166774409e+00 3.851647196201729018e-01
7.158977546799722980e+00 7.042250949583226394e+00
7.670348987533466278e+00 1.524271345950593881e+00
7.079588142683057583e+00 9.938383343265375203e+00
7.083056244010617952e+00 9.802776627475321192e+00
6.918142566742263355e+00 1.808393687757592616e+01
6.807840925545822763e+00 2.511440539394445537e+01
7.298531278513764597e+00 4.180125319155254537e+00
9.255202644506574927e+00 4.161259369215760118e-01
6.637259610910977159e+00 3.204263489817940780e+01
6.999637822914426266e+00 1.354709959195300506e+01
8.719323284380164907e+00 5.690687020862064127e-01
7.083419242319857645e+00 9.802366843525867068e+00
7.624952092971199136e+00 1.645437504851656518e+00
7.608683475381144312e+00 1.699417584453427388e+00
7.083796562490016768e+00 9.658498722699940586e+00
9.548632417941698591e+00 3.552821974959452511e-01
7.898145572914650359e+00 1.074760276494072020e+00
6.989068871348408152e+00 1.453615885954307885e+01
7.269557995623949331e+00 4.541527434919707673e+00
7.154002390993645655e+00 7.123215328692269921e+00
6.863399038117353079e+00 2.107140165807406973e+01
7.151862612318887535e+00 7.147231845725683819e+00
8.127369656220423622e+00 8.356428469132588521e-01
6.600766562032241325e+00 3.277613883296734087e+01
7.771915188555682974e+00 1.282312957587586233e+00
7.788816626375171914e+00 1.230855018580344407e+00
7.491961102969664665e+00 2.409713402632601476e+00
7.951264096130474357e+00 9.901494361755596163e-01
7.248746302866609703e+00 4.967345686037678121e+00
6.912277545062954331e+00 1.835236550260484734e+01
6.878319011692865637e+00 2.003107560941624854e+01
8.738376683000501188e+00 5.571501443897287631e-01
6.703870959558003051e+00 3.015603419846034328e+01
7.109085632436614510e+00 8.917784519758024331e+00
8.781002995135027689e+00 5.490359802586955995e-01
6.852126742481102539e+00 2.174638820685042617e+01
8.489073180427556764e+00 6.726276494329984645e-01
6.866016563082194324e+00 2.101724198257895182e+01
8.806759923125746070e+00 5.486355882313290744e-01
6.937430763022630842e+00 1.694009994499381477e+01
8.931235889616061741e+00 5.066903082017255588e-01
7.043745370985394771e+00 1.168164274181184759e+01
7.416424962991120751e+00 2.894104290453919592e+00
6.866533513979657499e+00 2.091354408015791222e+01
8.455744056384569163e+00 6.818803837743756535e-01
6.722592844987376637e+00 2.914312874321262825e+01
7.250585912583982662e+00 4.841870870480053490e+00
8.644886879778541200e+00 6.008452928652883163e-01
7.179025279276530114e+00 6.484960775426852564e+00
1.001673215099265946e+01 2.966849872049531212e-01
6.953247664095791869e+00 1.639230128680389953e+01
7.740372871823108625e+00 1.351308253754998523e+00
7.183079380788643498e+00 6.381200806735454201e+00
7.071755311041829195e+00 1.015144399738865211e+01
7.020656501985374831e+00 1.260245402337896081e+01
7.483776099867516685e+00 2.418591479126927624e+00
9.277602846547493343e+00 4.140722982643020855e-01
7.017760843737321785e+00 1.281496240157950517e+01
7.020618256212900476e+00 1.269813372386069794e+01
9.853109874537272717e+00 3.082293362394050162e-01
6.791639080018701868e+00 2.596248859228480299e+01
6.973963208625942656e+00 1.529527271305591896e+01
6.812850541923904046e+00 2.484375013976703883e+01
7.307908630496418922e+00 4.044873659537914001e+00
7.464390583167221926e+00 2.545471499503585644e+00
6.795686049302227971e+00 2.588621380339245803e+01
7.162133644047810499e+00 7.006049994841033524e+00
7.579800401189658032e+00 1.842132160121346951e+00
6.950670062601189692e+00 1.649394461789601607e+01
8.947777404606924279e+00 4.988768311813231993e-01
9.122354168351050063e+00 4.524207606863558939e-01
7.036052685915540117e+00 1.205931614614201663e+01
7.293700035802647363e+00 4.279289279590821948e+00
9.391436998867611408e+00 3.871179557210761568e-01
9.298495826789608287e+00 4.124134020019548097e-01
8.617736850800053361e+00 6.116790434942677157e-01
7.013990226835090880e+00 1.295322926566129595e+01
7.973955328028165646e+00 9.883545975403680295e-01
7.221343213716993503e+00 5.418355590781333220e+00
8.806759923125746070e+00 5.486355882313290744e-01
7.137390819687914778e+00 7.866261951261190433e+00
7.096844728780273392e+00 9.194572815451419245e+00
7.007159503548367141e+00 1.319114811722674041e+01
7.245920058516494677e+00 5.047965032634705196e+00
7.235995269410571140e+00 5.259614408658849882e+00
7.874221439472471218e+00 1.098622397093866221e+00
8.874269312557400369e+00 5.248235292826722853e-01
7.040979534296877951e+00 1.185934075833388057e+01
6.788535586564261592e+00 2.616700351507496336e+01
7.585690244325999920e+00 1.751079136660949054e+00
7.799510069804676426e+00 1.213377783864245218e+00
7.187617749604178208e+00 6.360788545928810045e+00
7.180455104657267995e+00 6.455927371246833246e+00
7.297373697138426429e+00 4.254224570994401766e+00
7.705406144053473128e+00 1.444830638318159943e+00
7.514610297214325385e+00 2.190710887396554618e+00
6.913711374857006042e+00 1.826660513283030340e+01
9.182230702944192302e+00 4.500002084544227343e-01
8.585862444523231218e+00 6.277024030225577533e-01
7.220913263612530386e+00 5.512900324976593325e+00
7.912515217552879676e+00 1.072688423424505988e+00
9.101661613504301584e+00 4.525023968383106165e-01
8.855225142081154743e+00 5.279414947615276299e-01
6.633650915806136972e+00 3.214602320300532057e+01
6.933367166624092803e+00 1.712515915871282601e+01
7.991156883819771295e+00 9.438483868103101360e-01
7.426514584005501796e+00 2.848125603140735151e+00
6.820846940401927405e+00 2.346005384754948508e+01
6.827973555937014716e+00 2.337632042925945086e+01
7.094735903071722305e+00 9.305389815228393147e+00
6.945773361684771885e+00 1.669036426958972541e+01
8.109759529132420042e+00 8.450041034062514278e-01
8.496433820546586801e+00 6.666228265430951261e-01
6.967033512777746296e+00 1.556198585473702423e+01
7.108670056553010319e+00 9.029761026455201289e+00
6.930873159794454175e+00 1.722461112140045358e+01
8.842733323941450507e+00 5.340093819036061396e-01
7.212311277726697334e+00 5.669284701717026920e+00
7.215411809760863271e+00 5.565712720552323134e+00
8.018446148121412875e+00 9.161241433482587571e-01
7.495375334924291089e+00 2.267601792269223981e+00
7.203280845907387153e+00 5.869116130465042325e+00
7.263721778921960137e+00 4.641138648110175957e+00
6.752430201321544700e+00 2.720712463056837649e+01
6.731295347355669811e+00 2.880482712964971626e+01
7.544797482449640214e+00 2.016277302151205486e+00
7.927301987502607616e+00 1.060184747329059540e+00
6.980609784977078291e+00 1.490835226543821612e+01
7.126054305341839701e+00 8.429952595786808445e+00
7.861370115789043211e+00 1.144737806971715788e+00
6.857561202233380726e+00 2.134962489089380000e+01
8.255976991907470364e+00 7.650780516548145727e-01
8.160437382284591479e+00 8.133078585259478910e-01
7.051447633909294410e+00 1.144377740101109353e+01
7.118800284363694608e+00 8.452340726765939394e+00
7.089501112510919079e+00 9.395651375874884081e+00
7.521205870980926633e+00 2.148098475454167655e+00
7.048696075252011362e+00 1.157397389967376355e+01
8.410016554765782359e+00 6.977406813888799020e-01
7.032429222440852001e+00 1.208537895128634254e+01
7.032400717199871920e+00 1.220179086023093973e+01
8.509385311844468447e+00 6.608857029726670218e-01
8.904853318550904007e+00 5.102203338481705597e-01
7.049749424491213112e+00 1.150528437232292944e+01
8.321573409964305057e+00 7.395601121079873330e-01
7.304889704932763017e+00 4.132711500032245411e+00
8.685730289025331174e+00 5.886767359024219770e-01
7.311780371824934122e+00 3.972343305211605724e+00
9.279316083079457655e+00 4.139658150731528874e-01
6.961514335126174124e+00 1.597020567222851106e+01
7.094431736811079858e+00 9.327348804764879375e+00
6.887416617612370118e+00 1.967980285191185885e+01
8.006738383768778888e+00 9.297805808016940121e-01
7.338145148423481423e+00 3.583347119025724670e+00
9.768917199356975445e+00 3.262233298126266390e-01
7.948037799159261674e+00 9.902910836851761545e-01
6.972181418305861023e+00 1.539899402674481621e+01
7.549220549431439053e+00 2.005086711985953674e+00
7.693374537662073465e+00 1.457524728983209172e+00
7.086846997986642194e+00 9.494304597751355601e+00
6.886127011378211371e+00 1.978354019460424595e+01
7.680992971233789213e+00 1.501287183356377009e+00
7.010827415603616330e+00 1.297208658646495216e+01
8.706009411528683017e+00 5.744157891472844168e-01
7.290925859560712929e+00 4.349121167664950605e+00
6.919350818208721776e+00 1.787754307128109943e+01
7.932846650037484793e+00 1.004068084879116363e+00
7.038287786826194825e+00 1.193123855217823603e+01
7.077059413436909807e+00 9.991491172082273664e+00
7.010075969831103038e+00 1.304446208111600214e+01
6.680937064342979070e+00 3.076424304154772216e+01
7.712375281128593940e+00 1.396502518700068141e+00
7.268418830815427611e+00 4.575449721016268789e+00
8.084680037226949167e+00 8.653199120168663105e-01
6.862831047740719725e+00 2.117696468984091140e+01
7.063888786574407774e+00 1.080685759492369513e+01
7.139914784173357454e+00 7.772617805916777201e+00
6.949891795191727617e+00 1.660574938158677938e+01
6.993470399260372616e+00 1.382097538568822159e+01
7.323174259627944771e+00 3.865187803919978737e+00
8.099215147693701766e+00 8.643183477546170224e-01
7.319932206299514021e+00 3.891428683805447708e+00
7.555774321152276762e+00 1.962282919444223506e+00
7.430560602241073731e+00 2.768198835901239274e+00
8.193201927269999629e+00 7.911518586766577155e-01
8.248451646809773052e+00 7.706545492238577877e-01
6.622259762283209561e+00 3.234160945323880298e+01
7.446843851425693828e+00 2.707847160301967815e+00
7.000800515729239670e+00 1.344836499605906965e+01
7.453069482927577205e+00 2.643732372079041770e+00
6.866747674074786367e+00 2.088304609725563310e+01
7.812976025792319312e+00 1.205124646382903730e+00
7.222640860073777702e+00 5.358178671951725036e+00
8.920114572862274827e+00 5.100563084120154356e-01
8.399163398698462402e+00 7.051571456518276326e-01
7.273110456724005246e+00 4.457183719173662517e+00
7.323742945734280418e+00 3.805540041305401466e+00
7.191262120739147612e+00 6.223316050888004547e+00
8.601870954989813356e+00 6.184729068256644702e-01
7.131580772028129900e+00 8.059431943294049105e+00
7.168125913583570430e+00 6.814437871003899971e+00
6.998693988285859646e+00 1.358658461231432568e+01
7.337674027772988161e+00 3.639644464078760855e+00
6.937221537783017311e+00 1.698100905119242654e+01
7.334693899812098294e+00 3.667137681277256256e+00
7.110280377014045250e+00 8.897385446105710471e+00
8.633071670765158245e+00 6.072149840960667788e-01
6.722592844987376637e+00 2.914312874321262825e+01
7.003525040328332452e+00 1.324889792386310461e+01
6.949912334411460613e+00 1.656172769819589163e+01
7.331950867322583498e+00 3.710898543902018343e+00
7.387080376797963588e+00 3.194062699466381883e+00
7.423472380344418475e+00 2.852313601579850477e+00
6.623423143553638148e+00 3.224743940662024499e+01
6.885220279643760044e+00 1.984673156177666797e+01
6.974791007928572206e+00 1.528088399867929503e+01
7.602001249472358779e+00 1.721592856969357266e+00
7.568068281505094141e+00 1.937770732366121074e+00
6.878004139311585163e+00 2.011339538828816487e+01
7.735443802639291988e+00 1.367901593262554227e+00
7.063481432901597579e+00 1.085381715263188163e+01
8.448966048456249212e+00 6.881086222616140669e-01
7.328178859500929399e+00 3.732662631739284809e+00
7.261943949802337706e+00 4.729470548327573631e+00
7.725301762835790953e+00 1.394362782681302093e+00
7.166375054338350203e+00 6.853875566925892393e+00
7.449811815906107526e+00 2.700026273092869467e+00
6.900264093160003220e+00 1.894090590929073414e+01
6.989394126709822963e+00 1.444034630098864191e+01
7.636742661288370648e+00 1.637672424051014541e+00
7.023266425096766241e+00 1.249080573635399816e+01
7.231395052981443250e+00 5.332070911525733869e+00
6.507165949958487516e+00 3.517442304056812930e+01
7.504869969700878052e+00 2.215704143768602030e+00
6.876713568221727968e+00 2.020335938432109657e+01
7.171287441644310867e+00 6.707221534462566304e+00
7.324515218209628031e+00 3.768988581371083946e+00
7.247608908413510242e+00 4.967736844880088043e+00
7.020618256212900476e+00 1.269813372386069794e+01
6.801623635603610829e+00 2.532923527388288321e+01
6.745667918103396055e+00 2.820495458231882679e+01
6.934363105630804824e+00 1.704398288155642760e+01
7.090213823857519415e+00 9.395074827427420061e+00
8.472076459037994667e+00 6.753314382074224742e-01
7.074459059276370532e+00 1.007159361035959577e+01
8.472076459037994667e+00 6.753314382074224742e-01
6.737124803999147815e+00 2.874142010327484087e+01
7.074459059276370532e+00 1.007159361035959577e+01
7.376205282875988978e+00 3.250262943440233254e+00
7.344897562708599281e+00 3.540424228278303165e+00
8.180757805472294919e+00 8.014673887685903608e-01
7.308936205646826778e+00 4.022839523417775176e+00
6.598165791616602327e+00 3.292687632367962891e+01
7.252221976752592170e+00 4.841046005622729353e+00
7.374944227669593566e+00 3.314525841335087097e+00
8.149326405684595542e+00 8.232234283960607746e-01
8.384758762398966780e+00 7.148214953626177426e-01
7.047335516288920410e+00 1.160900011096948425e+01
7.014235744943539963e+00 1.286199959360841660e+01
7.920206890800250754e+00 1.070482062576691984e+00
7.381780256442564081e+00 3.199585245774270170e+00
7.047300747219998662e+00 1.165902370316158176e+01
7.644326170356658956e+00 1.586996789877768821e+00
6.977683798033796236e+00 1.498415838790714005e+01
7.570464270843706878e+00 1.914624475570268602e+00
7.264204932141221427e+00 4.622132191116650191e+00
7.558178797379730085e+00 1.947478464113927110e+00
7.112907150070191697e+00 8.749736295272564135e+00
7.395216028178190903e+00 3.092768293850482575e+00
6.856860779405155704e+00 2.148157824745122113e+01
8.991737308006911178e+00 4.787700758270724832e-01
6.992130799516186990e+00 1.389751476183796797e+01
6.984482854165988464e+00 1.473515845295065851e+01
7.208562042352236965e+00 5.814407639631823166e+00
7.888288275696648810e+00 1.098140054513782715e+00
7.538002739719525280e+00 2.063622091402368852e+00
8.693668998774993995e+00 5.770484758039114981e-01
6.846292429299774440e+00 2.187316553666861907e+01
7.409720324228223909e+00 2.942157177972005044e+00
7.022642928000168538e+00 1.254493313365342999e+01
7.029731741341012530e+00 1.224273883725176226e+01
6.898943142387519600e+00 1.902030634875951876e+01
6.972181418305861023e+00 1.539899402674481621e+01
8.387941909088953096e+00 7.145274831227024226e-01
7.256460152663955832e+00 4.779498285301030158e+00
7.210088339270344093e+00 5.736015637907557085e+00
7.112144612554955891e+00 8.780374129840158304e+00
6.934351899087939586e+00 1.712074845985606686e+01
7.039756874174773138e+00 1.188362781607493268e+01
7.127804985931216031e+00 8.263442511305989058e+00
6.930220778266245496e+00 1.722900945867004552e+01
7.932632041982213167e+00 1.018602570601072621e+00
7.362485626232314395e+00 3.400886459637761483e+00
7.707502824239476524e+00 1.408818467764833882e+00
8.073294487960803067e+00 8.706028990171913451e-01
6.566227622552313292e+00 3.316127288837455467e+01
8.610695497166801715e+00 6.150287979021299423e-01
7.408333302995717240e+00 2.998033946695334517e+00
7.107612367741341863e+00 9.030677653656189463e+00
7.414272589925444024e+00 2.941380044471869404e+00
7.036136147015906950e+00 1.197558811749456176e+01
7.538002739719525280e+00 2.063622091402368852e+00
7.400358227663671684e+00 3.038299754806611741e+00
7.764396241856134750e+00 1.306085609064074671e+00
7.500007503722153857e+00 2.244335771921696754e+00
7.870340971635567229e+00 1.127863018316282773e+00
6.957150566752695831e+00 1.622991494615606811e+01
7.099063209424086196e+00 9.145698321366621641e+00
7.208152503502373243e+00 5.814727179211121921e+00
6.812606215154040967e+00 2.492526286753973963e+01
6.862831047740719725e+00 2.117696468984091140e+01
7.215411809760863271e+00 5.565712720552323134e+00
7.457734207243085223e+00 2.637845086736284372e+00
6.878313647287233046e+00 2.011323465202244520e+01
6.521403604074555105e+00 3.469590551730325245e+01
7.598723229731104034e+00 1.750016159144778927e+00
7.439961660000696142e+00 2.751829760900049937e+00
7.304889238238200910e+00 4.143610348972655011e+00
6.757063999778326391e+00 2.718182620687001361e+01
7.404400749058324571e+00 2.998174198075077790e+00
6.980768083860998452e+00 1.488218540704368387e+01
6.615700207852265535e+00 3.258083891263468246e+01
7.728291490110787088e+00 1.384711214618533193e+00
8.169327805300278911e+00 8.131822640079974240e-01
7.366044590300598216e+00 3.366911787861103456e+00
1.000543231669875155e+01 3.006755793626669226e-01
7.808482249363652983e+00 1.211305474711770414e+00
7.472329834883463917e+00 2.516649183148675029e+00
8.835162098453974266e+00 5.403243258475888267e-01
7.378920476087985847e+00 3.242156247501238209e+00
8.068883245791875325e+00 8.945149091375377282e-01
7.189401830798748172e+00 6.289696280701137177e+00
8.659347196943427249e+00 5.984274980791068899e-01
7.672206906594660758e+00 1.524254308559440663e+00
7.477302323880820722e+00 2.480037584651999083e+00
8.439064033478922866e+00 6.901142640870777667e-01
8.671001263977069939e+00 5.888999995214497796e-01
6.614287529114107222e+00 3.261405943096642090e+01
7.256936452451600239e+00 4.779492753539966721e+00
7.343638096164286644e+00 3.558114869016790749e+00
6.504164383810151939e+00 3.526559305312308368e+01
6.857442803188634528e+00 2.140549526638389466e+01
7.393770681297608505e+00 3.093369190585542494e+00
7.210088339270344093e+00 5.736015637907557085e+00
7.212311277726697334e+00 5.669284701717026920e+00
7.366513757085876968e+00 3.341541061188425310e+00
6.937101229370685296e+00 1.704051161641283940e+01
8.307584075941978341e+00 7.401856509767350545e-01
7.520709538069856315e+00 2.176323033760994008e+00
6.929252428594043778e+00 1.730202405127084830e+01
1.000251282414882503e+01 3.009167537817411531e-01
7.286082266023618637e+00 4.350034713191162083e+00
6.503975856265940436e+00 3.529155887843877792e+01
8.575825731200600544e+00 6.355221065414983217e-01
8.188986119214538562e+00 7.929270487919891641e-01
7.007159503548367141e+00 1.319114811722674041e+01
8.713868177058067488e+00 5.741973531563093758e-01
7.025843666983413449e+00 1.246486817375492961e+01
7.261943949802337706e+00 4.729470548327573631e+00
7.461549483067574151e+00 2.607120910911275402e+00
7.890585415001881486e+00 1.097900494307714192e+00
7.189401830798748172e+00 6.289696280701137177e+00
8.896003874186042992e+00 5.243575297970881621e-01
7.315083101572592561e+00 3.927606452777237411e+00
7.116941515230227111e+00 8.715492079358812205e+00
8.145319095780539698e+00 8.243085497194672095e-01
7.826411940059730732e+00 1.203585358561646723e+00
6.920695756954727607e+00 1.784518359738343918e+01
7.111769787793833508e+00 8.830157586507663581e+00
7.788816626375171914e+00 1.230855018580344407e+00
7.685948864813130221e+00 1.486091487117513932e+00
7.239003686444441144e+00 5.217806848125427166e+00
7.277900846723301065e+00 4.414000344540042420e+00
7.826411940059730732e+00 1.203585358561646723e+00
8.174428993771305940e+00 8.077671809556911109e-01
7.352445747748555860e+00 3.466778214649851808e+00
7.230556657278050636e+00 5.332461870250743807e+00
6.868751240832263960e+00 2.082079383212908752e+01
1.167661024649737556e+01 1.412821456225905326e-01
7.371149019557288185e+00 3.315773527580279989e+00
8.659347196943427249e+00 5.984274980791068899e-01
8.671001263977069939e+00 5.888999995214497796e-01
8.268245235476980426e+00 7.591481358253778788e-01
6.950215531648279210e+00 1.650666360882913608e+01
1.217997151514958887e+01 1.177417899306916482e-01
7.471167920786244032e+00 2.527827193754946578e+00
6.598121774228103753e+00 3.299831251143088195e+01
6.792718548573416726e+00 2.593113758300118477e+01
7.592136880100341045e+00 1.750390470890712979e+00
7.050543602482466810e+00 1.146803496932824373e+01
7.977566887599809142e+00 9.540300463788700114e-01
7.393469945584058678e+00 3.162216348444736536e+00
9.991201827640059818e+00 3.018305442867269539e-01
8.634679808781100974e+00 6.014017518889488434e-01
7.168880264020381254e+00 6.764309961958763218e+00
8.887231713829175206e+00 5.248212437417928422e-01
8.137278751882984551e+00 8.338958197990293808e-01
8.514614458342416370e+00 6.487716317355786133e-01
7.348788460751224605e+00 3.492100326262277843e+00
9.589361686716655342e+00 3.518635397680803800e-01
7.277461980841314571e+00 4.428740791792010967e+00
7.686926540830725685e+00 1.458217159742041691e+00
6.864181637360362132e+00 2.104097074319172478e+01
7.022554970189579748e+00 1.257543130182365587e+01
6.885841964722418496e+00 1.978374604657168945e+01
6.519253310504422139e+00 3.475168825428320929e+01
6.521403604074555105e+00 3.469590551730325245e+01
7.221751729174946455e+00 5.389178937768898336e+00
8.080124918893975661e+00 8.701573896045369239e-01
7.431250881257950525e+00 2.767982302417584251e+00
9.586696374444409585e+00 3.519396585670370170e-01
7.635715241699312372e+00 1.637872224999673998e+00
7.393469945584058678e+00 3.162216348444736536e+00
7.017760843737321785e+00 1.281496240157950517e+01
7.014235744943539963e+00 1.286199959360841660e+01
8.405459523561436441e+00 7.051388353976996148e-01
9.863150296805546446e+00 3.081343060267573430e-01
7.625850775648281399e+00 1.645295830531849024e+00
7.354242429374496126e+00 3.447993791259632346e+00
7.866070560885642493e+00 1.138218284685550641e+00
9.577086563596479252e+00 3.520194428406143161e-01
7.771915188555682974e+00 1.282312957587586233e+00
7.764396241856134750e+00 1.306085609064074671e+00
6.854185721261880637e+00 2.153127516134496133e+01
8.923533628721363797e+00 5.070095539989470934e-01
7.439857954370956428e+00 2.751891131870274787e+00
7.570495098987728433e+00 1.859544353314638077e+00
7.986740491693826272e+00 9.441681359887995617e-01
9.302863056586911483e+00 4.118477116722935594e-01
1.219158837155373121e+01 1.177177257416717332e-01
8.328368307815523508e+00 7.370549439962899019e-01
7.312647404664112116e+00 3.928159749253359756e+00
7.062708953854412108e+00 1.091117372167798116e+01
8.581408774692153685e+00 6.323726635244873995e-01
7.400637102088428065e+00 3.038119782377082689e+00
8.901219975988526656e+00 5.240286627059577151e-01
7.125923988470250769e+00 8.449020599535300491e+00
7.062992762895269117e+00 1.090056663792901048e+01
8.016089414239843336e+00 9.293169983067366413e-01
6.793753612365214245e+00 2.590242354506065681e+01
7.097733287939926861e+00 9.194088161648554802e+00
6.829813202504418257e+00 2.332898568683911478e+01
9.507073158717584960e+00 3.676879381446551132e-01
7.578939803705770473e+00 1.845665099489503191e+00
7.570911445999109368e+00 1.853919922905548079e+00
7.980637499624122277e+00 9.499093076897214827e-01
8.238714123390028732e+00 7.772997747305169236e-01
8.103803748149543296e+00 8.624819266363495940e-01
7.355060182763196508e+00 3.415457372645883893e+00
7.064689072046941298e+00 1.075265057439643357e+01
7.607793816332867998e+00 1.699559162714511906e+00
7.237965140363098016e+00 5.240708117210046701e+00
7.644326170356658956e+00 1.586996789877768821e+00
7.285061617844131199e+00 4.395285018792955967e+00
6.827973555937014716e+00 2.337632042925945086e+01
6.943179373916312791e+00 1.669144402096032920e+01
8.863806828287410511e+00 5.249209122981155495e-01
6.857442803188634528e+00 2.140549526638389466e+01
6.857561202233380726e+00 2.134962489089380000e+01
7.036136147015906950e+00 1.197558811749456176e+01
6.785904129454580769e+00 2.620854645712150699e+01
6.788535586564261592e+00 2.616700351507496336e+01
7.099063209424086196e+00 9.145698321366621641e+00
8.439064033478922866e+00 6.901142640870777667e-01
7.032400717199871920e+00 1.220179086023093973e+01
8.134234981579743007e+00 8.340336162396685404e-01
7.220913263612530386e+00 5.512900324976593325e+00
6.504679295010359574e+00 3.521597109197298892e+01
7.501341314456776210e+00 2.215967681424015012e+00
7.171287441644310867e+00 6.707221534462566304e+00
7.356949739950560563e+00 3.403819801481132501e+00
8.691717160911997198e+00 5.859859694316065237e-01
7.168880264020381254e+00 6.764309961958763218e+00
7.974663333012377286e+00 9.882273609231355671e-01
8.519517888970339570e+00 6.461117352982794770e-01
7.161348198410840915e+00 7.006697528043891232e+00
6.856860779405155704e+00 2.148157824745122113e+01
6.841623720482955306e+00 2.213124352431038488e+01
6.504679295010359574e+00 3.521597109197298892e+01
7.273110456724005246e+00 4.457183719173662517e+00
7.111769787793833508e+00 8.830157586507663581e+00
6.807840925545822763e+00 2.511440539394445537e+01
6.810222373703010312e+00 2.507588248201693304e+01
7.461549483067574151e+00 2.607120910911275402e+00
8.602688689022542690e+00 6.152927163747313744e-01
7.477864653292579433e+00 2.466641178739045870e+00
8.009632908109388438e+00 9.297674396965330823e-01
6.747822395891407865e+00 2.816580592880540124e+01
6.745667918103396055e+00 2.820495458231882679e+01
7.285061617844131199e+00 4.395285018792955967e+00
7.058259008357551600e+00 1.093756502256277052e+01
6.840439958502509299e+00 2.217454956306303515e+01
8.109662951732582670e+00 8.618882487946177839e-01
