-5.031555187155064779e+00 6.739185682939604760e+01
6.187970262438877711e+00 1.684912710343656334e-02
5.400430441134782988e+00 1.886025857257965163e-02
4.442340506744245410e+00 2.625068170323695271e-02
4.026690922182674548e+00 2.831467771274332954e-02
3.584460032868597601e+00 3.582775393048036328e-02
5.827802033500326218e+00 1.696903175094259877e-02
-5.031382685421532663e+00 6.724200797519470996e+01
-5.030232313277118728e+00 6.507406334793681424e+01
6.176582311193816288e+00 1.685336611691774789e-02
-4.950361433253267940e+00 5.472566849929425103e+01
-4.948816839667345313e+00 5.325199473476781264e+01
5.446672713609113536e+00 1.802542288979104915e-02
5.656360390484210576e+00 1.752258564002602201e-02
-4.914952258767970150e+00 4.824569908279129038e+01
-4.925477689647780544e+00 5.035923213484561956e+01
3.163761338422137914e+00 4.506271122670107987e-02
-5.017675594706418885e+00 6.393383211504588104e+01
-4.922714228863775077e+00 4.932367872268698505e+01
-4.411284324877303042e+00 3.795014378891028883e+01
-4.999545295997246619e+00 6.052755483604136089e+01
-5.000994061873837104e+00 6.139966935121064040e+01
-5.017219574131882354e+00 6.306171408344895468e+01
-4.910553940022909458e+00 4.727694101982235253e+01
1.077379328994424679e+00 1.025638542048789570e-01
3.412197419044473712e+00 3.642923187243533173e-02
-4.987929778427410810e+00 5.938731629545365109e+01
3.011221306528207187e+00 4.519022090112680134e-02
-3.863963007557399187e+00 2.434529822247376174e+01
-4.753822597731476307e+00 4.314984705343348281e+01
-4.964010339370576119e+00 5.541531280719776476e+01
4.393986501700124059e+00 2.639546034891925019e-02
-3.704615351017017222e+00 1.936903887514088041e+01
-3.732313993566640953e+00 2.041142047339452859e+01
-4.978752507897717727e+00 5.810925803498557229e+01
-4.407866052286285807e+00 3.715512650229061364e+01
-4.988270138587615143e+00 5.984485065060466269e+01
-4.977675153886708337e+00 5.749216804296885641e+01
4.170104206975615568e+00 2.718653440751615455e-02
-3.885304984959450092e+00 2.467375411149111031e+01
-4.747713281436668709e+00 4.258353569638806846e+01
3.522002860146447478e+00 3.605862158367267173e-02
-4.964929579201643683e+00 5.597079862766076275e+01
-4.899668902489384692e+00 4.640091040145787815e+01
-4.000946661399250814e+00 2.758511420127289426e+01
-3.810305045240605093e+00 2.257580481447255849e+01
1.007163508932759965e+00 1.029932214577439636e-01
-4.267308706305954935e+00 3.437199266558185684e+01
-3.889463032927239716e+00 2.496320606226618111e+01
2.542294234520584784e+00 5.463281649505764836e-02
1.585335020559470287e+00 7.494494446888801120e-02
-3.748001834112045572e+00 2.074712875114998667e+01
-3.194726064311130820e+00 8.256778531750908812e+00
-7.354407347027638320e-01 3.170175544697868553e-01
2.818414383040679372e+00 4.599363565007241056e-02
4.287782605794530966e+00 2.674168051235886051e-02
-3.789609839524577417e+00 2.242943876353355748e+01
-4.867371492491458618e+00 4.429397455317601384e+01
-3.988148404288577087e+00 2.725307859137904742e+01
-5.015841274373135761e+00 6.290195826134618784e+01
2.193846795548652029e+00 6.446368292274891332e-02
2.097077830078099669e+00 6.448332118920158118e-02
-2.594105630525072037e+00 2.930629541092418133e+00
1.922689086266363034e+00 6.540226429737894254e-02
-8.757027847707631318e-01 3.519125960472230807e-01
-3.013178320956736211e+00 6.190063811163808438e+00
-4.870854776965438226e+00 4.519032247755404086e+01
3.479834159570862062e-01 1.434609100345750898e-01
-3.714992581040214237e+00 2.011217529101253021e+01
-1.536476986963311031e+00 6.593315697947644827e-01
-3.467551528637062397e+00 1.325499866057361587e+01
-4.500063349452790185e+00 3.878960714262018428e+01
-4.652851529869407976e+00 4.076143825820139455e+01
5.769197164053649907e+00 1.707003288777508496e-02
-4.136076356870288073e+00 3.122056787747190398e+01
-4.882341190229023020e+00 4.575009092434265057e+01
-3.529549515776535529e+00 1.482000553835828427e+01
-4.790798023999792044e+00 4.387631885376410423e+01
-3.147002062367752817e+00 7.861644571765528333e+00
2.877697965863082796e+00 4.586010098067348772e-02
-3.706938835241368579e+00 1.994430191683507303e+01
-5.014858279987452150e+00 6.244463094506776457e+01
-3.360676006428231055e+00 1.113124795503530784e+01
-4.038644673497705284e+00 2.857246411004872755e+01
-8.053932016168605657e-01 3.346289106055594376e-01
-3.086025932914106207e+00 6.852177379009426694e+00
-3.343143216902508819e+00 1.093181024118102407e+01
-4.662936528425640326e+00 4.120410341396661380e+01
-4.072610982225157272e+00 2.958640931415342834e+01
-4.188080539192302609e+00 3.219478384027337370e+01
-8.824444338610952510e-02 1.921354823004479684e-01
-4.494276126484210820e+00 3.825204648847196154e+01
-4.231354350525535324e+00 3.346998998303539707e+01
-3.926086269705620246e+00 2.560352957689197240e+01
-3.683730925139265366e+00 1.907407687887210912e+01
1.739232593659097326e+00 7.396536609753105729e-02
-4.250437461389008575e+00 3.390569708171641850e+01
-4.182065454876107147e+00 3.201325859484450831e+01
-2.026654474162089270e-01 2.107415483396383737e-01
-4.841622989298240753e+00 4.423968357136311624e+01
-4.699326154275563106e+00 4.138571420872303719e+01
-1.466874192588614179e+00 6.242170274480515202e-01
-4.489268606624020386e+00 3.807053181774751494e+01
-4.129817544806211771e+00 3.103903365828580974e+01
-4.905814258711114206e+00 4.686582235186495637e+01
-3.432672026792483511e+00 1.260828778230442460e+01
-1.704524050676806013e+00 7.982673411994536394e-01
-4.936994277409096021e+00 5.117511269912778715e+01
-2.794439113223661675e+00 4.170393352457851144e+00
1.819965600175155185e+00 7.368703100356900626e-02
-4.329780325308882460e+00 3.591110406457374893e+01
-9.704417775088076681e-01 3.804978931725788716e-01
-4.524251335869645452e+00 3.907082520642491374e+01
1.624925504668218501e+00 7.465072392637127352e-02
3.242417779508421027e+00 3.763692004873368108e-02
-4.105953790092315536e+00 3.035893615052921390e+01
-1.382907079801506178e+00 5.710168840086340403e-01
2.532120972112172352e-01 1.539929095783748314e-01
-3.614073089800858174e+00 1.670572199214024067e+01
-4.943281615435468623e+00 5.267056012228972151e+01
-4.942413965482595373e+00 5.213367486132820261e+01
1.165771801650174133e+00 9.360942955826165313e-02
-2.180025690533706761e+00 1.543035413041857540e+00
-4.891363595912419093e+00 4.614195668698479835e+01
-4.224437920404078284e+00 3.302416851238935180e+01
-3.648820599524187802e+00 1.756832780731937405e+01
3.362158052968840849e+00 3.664024352760598957e-02
2.630633338427062817e+00 5.426058146521565290e-02
1.514482056941287347e+00 8.324485456117211579e-02
-3.771622898302402049e+00 2.164981624544360983e+01
-3.752040705821327649e+00 2.095589556598719838e+01
-4.320201872055124070e+00 3.562577470468490048e+01
-2.531514932336066170e+00 2.697666460366295205e+00
-1.102742866876902816e+00 4.383491125359252338e-01
-2.430542369339526942e+00 2.235292853632181664e+00
-3.765804387539131159e+00 2.116776921693145397e+01
-4.628970711949447647e+00 4.054468613790277942e+01
5.162371821913269709e-01 1.324378843237644099e-01
-3.657027033923671677e+00 1.798971659121230360e+01
2.044598605810692415e+00 6.459407799486090174e-02
-4.315103119434711587e+00 3.525767141268368476e+01
-5.274652632784484346e-02 1.909137048138644377e-01
-4.945121233724401044e+00 5.299008002789074112e+01
-5.028852545607213287e+00 6.491430768929170370e+01
-1.289068708355303405e+00 5.255657252298516768e-01
-4.789024241562744422e+00 4.353496427070615482e+01
2.234137652294460263e+00 5.629365294939088493e-02
2.916660817187353150e+00 4.558139457545903189e-02
-3.572221263060854302e+00 1.557159833240473823e+01
-2.155718670052954256e+00 1.451692886651598569e+00
-4.974180688264882022e+00 5.717244978761333840e+01
-3.337555945825317671e+00 1.068947935385187265e+01
-4.712590870011150734e+00 4.181105023532786191e+01
-3.913194662524273948e+00 2.525595240330369862e+01
-4.870597407188627770e+00 4.469753259347066177e+01
-3.042406354681617131e+00 6.491123279425341508e+00
-4.744432197345926028e+00 4.244260914466472201e+01
-2.964136385618238556e+00 5.530530714131133507e+00
-4.972312918445104479e+00 5.669337869440141731e+01
-2.500545439354982413e+00 2.558524259881711505e+00
-3.096406610889396838e+00 7.060538327248927715e+00
-4.112305961428462275e+00 3.054047184328099718e+01
2.770462718847389816e+00 4.619709436890554605e-02
2.284383166049066549e+00 5.599568246201187816e-02
-3.204138099662703354e+00 8.683344099489824330e+00
-2.001179528917460537e+00 1.180121584106051502e+00
-2.776063170425373539e+00 3.955046458727232928e+00
-4.556964366913735631e+00 3.935432415586258514e+01
-3.543315190663115288e+00 1.511810221152530787e+01
-3.311924708656964755e-01 2.366414442154600173e-01
-4.055217991327293880e+00 2.899872477716645847e+01
-4.576917825904446069e+00 4.002629106584409158e+01
-3.021906173765966930e+00 6.292030284466646251e+00
6.259633350511772942e-01 1.218631047058597733e-01
-2.995557532583636107e+00 5.826334653287062793e+00
-3.787926711927419809e+00 2.207218254193028173e+01
-1.971797008140194984e+00 1.113236582062238966e+00
-3.469376245516770929e+00 1.346415670682791976e+01
-4.085694778855040177e+00 2.971693692097844419e+01
-4.574887276757755750e+00 3.967091802711455273e+01
-3.275151843278054642e+00 9.583016106636787157e+00
-3.449589596481509091e+00 1.277536090173803096e+01
-2.864945080204893024e+00 4.896346596056434741e+00
-4.987714662600864379e+00 5.892998534291080404e+01
-2.349006275822681289e+00 2.043147556713611923e+00
-4.990700411921897839e+00 6.016436432738146323e+01
-4.882108060221025669e-03 1.858165683992687445e-01
-2.692064508352258745e+00 3.583514057020448007e+00
-3.835110558944490933e+00 2.355087741704967641e+01
-4.954163257796528441e+00 5.515813278859929625e+01
-3.063559582240598989e+00 6.673636057012865663e+00
4.095110403368606988e+00 2.780937691288644029e-02
-4.340000797760351858e+00 3.646672507666897900e+01
-4.287425782457945367e+00 3.475415076749798260e+01
-3.237096944061716108e+00 9.081047104076221288e+00
-4.983187267869326753e+00 5.829095599020335783e+01
-4.779566551484201398e+00 4.326374298609718494e+01
1.224464284263487635e+00 9.322685883119885553e-02
-3.852863138972418611e+00 2.399573498330552468e+01
-3.322334528396371667e+00 1.055903671733732097e+01
-4.940601377115268811e+00 5.181415437415247993e+01
-4.909628917507557588e+00 4.689452246217801701e+01
-3.637321433883057065e+00 1.721903678336821741e+01
-7.809947776713193068e-01 3.346253964484133814e-01
-3.942949271248864740e+00 2.599773098669768245e+01
-3.901783213150442187e+00 2.525426044153129723e+01
-4.967327298570962668e+00 5.613075957609568434e+01
-4.402711737826252580e+00 3.709194235778412008e+01
-4.800822915856671202e-01 2.504143674339502357e-01
-2.716851289232351085e+00 3.752006079028058938e+00
-4.238672636632428770e+00 3.359672264708409983e+01
-5.022114521539845278e+00 6.411552857857344634e+01
-4.385645693864583805e+00 3.653833522457124161e+01
-2.123846266815506034e+00 1.381245742848255409e+00
1.819647145499408702e-01 1.644150344946594955e-01
-4.830881469052847876e+00 4.395506114268489739e+01
-4.198452834478888285e+00 3.272392890473994953e+01
-3.825058261647034552e+00 2.291154951090725334e+01
-4.556964366913735631e+00 3.935432415586258514e+01
-4.281794228787472179e+00 3.439806955802249888e+01
-3.418056975720608737e+00 1.192333568105007124e+01
-3.955590131590108083e+00 2.634530489150087362e+01
-4.870597407188627770e+00 4.469753259347066177e+01
-3.687087338569026151e+00 1.920869421498309038e+01
-3.368115395100668152e+00 1.137049427016849279e+01
-4.985437329187742073e+00 5.861047077801963212e+01
-3.293705303247508542e+00 1.001694829956317179e+01
-2.659436085339994538e+00 3.185869977402084441e+00
-3.644433466591635806e+00 1.738682966928639573e+01
-3.779257914465095958e+00 2.181768834665475154e+01
-3.213996490322281741e+00 8.807056462560671761e+00
-3.631327912394837654e+00 1.702760348699611725e+01
-3.662552999393002384e+00 1.831735113908561274e+01
-1.178857111298745153e+00 4.799832981829622591e-01
-3.680836025080393092e+00 1.867703215317775545e+01
-3.674049630885391604e+00 1.849552666408705193e+01
3.323788302302327580e+00 3.687077095559790352e-02
-2.552468044694780058e+00 2.767424171747065120e+00
-3.263920002064779613e+00 9.440713691136112473e+00
-2.464535730310224437e+00 2.327646502134377737e+00
-9.225440704680286652e-01 3.661814799088705663e-01
-4.215455656163015874e+00 3.281655488074524385e+01
4.053640751672729969e+00 2.797939277390229865e-02
-2.915316565063576171e+00 5.159661953789118627e+00
7.888413550839312727e-01 1.125361371063050980e-01
-3.521843901149416478e+00 1.465221215327279758e+01
-2.036043732426091157e+00 1.210004064347810493e+00
2.350339204035762464e+00 5.548013214189504577e-02
-3.125707749749186970e+00 7.582813830498699836e+00
-3.431909406840988108e+00 1.232812678889916391e+01
-2.748685656319200810e+00 3.809196838297919552e+00
-4.920305248357800920e+00 4.916371416562268593e+01
-4.393627306465993421e+00 3.680661128950512051e+01
-5.009868571041034890e+00 6.234901533198713963e+01
-5.008110848915582558e+00 6.195843221900346265e+01
-2.779354731012463886e-01 2.243592605547781449e-01
-2.813871128959309686e+00 4.277707897611625398e+00
-4.675553367797941284e+00 4.120450217286532535e+01
-4.171360648484614408e+00 3.172792568610592312e+01
-3.321179894551911094e+00 1.034452926951883356e+01
-3.828445332450403527e+00 2.317365319543392488e+01
2.314976697991406152e+00 5.578619579714259868e-02
-6.789748760826843643e-01 3.008780674476492223e-01
-3.457733276661077326e+00 1.291942928804977164e+01
1.322904506721269691e+00 9.262180592727171924e-02
5.677147582421466776e-01 1.222621396565410912e-01
7.354334353858700268e-01 1.128989595974998345e-01
2.453365943240509495e+00 5.515884993569415695e-02
2.518418000768690934e+00 5.478092901211737559e-02
-4.183719247310213052e-01 2.380583195251863293e-01
4.779547733627201311e-01 1.327996938616029798e-01
-3.395187646232096235e+00 1.170427850193895480e+01
-4.910553940022909458e+00 4.727694101982235253e+01
-4.918223136040117183e+00 4.882728370210518420e+01
-4.938370564853227229e+00 5.155244130484628329e+01
-1.633241884602449900e+00 7.161161031757856676e-01
-4.097586091677849929e+00 3.008266566735661129e+01
1.415384559444113899e+00 8.380347678590799321e-02
-4.148312501350448045e+00 3.153088472689788802e+01
-4.524679090270121162e-01 2.491925899473667327e-01
-4.026745935668993859e+00 2.829337335393714525e+01
-4.015300969051740054e+00 2.797929006378173611e+01
1.986158279282348671e+00 6.506627227444215789e-02
2.692871424695682858e+00 4.675624510268017175e-02
2.630633338427062817e+00 5.426058146521565290e-02
-2.846322726829602967e+00 4.675849657594640441e+00
-4.248893191697159288e+00 3.388205224943673244e+01
1.881821876658111847e+00 6.561943140602026492e-02
-2.102650168019779997e+00 1.341476035184745230e+00
-4.086485709702570190e+00 2.996923357277088229e+01
-3.894557496043908884e-01 2.368365420386027986e-01
-3.102080289974745497e+00 7.244750716517951439e+00
-3.963370137113815250e+00 2.666179327536652366e+01
8.175163123246704799e-01 1.123656081749039720e-01
2.394687493214967766e+00 5.526859729187703907e-02
-4.291888738425225114e+00 3.509839205022132802e+01
-4.928533808728571053e+00 5.064109242547449696e+01
-4.063692357300269009e+00 2.926970780537176609e+01
-4.041739295418833144e+00 2.879055525718638364e+01
4.226222936799556074e+00 2.704937470637045968e-02
-2.916192066377787828e+00 5.381425818708490461e+00
4.231697220567475881e+00 2.704568656092541656e-02
-3.420675997536707147e+00 1.213648528962068163e+01
4.088914165248296873e-01 1.430653624166708660e-01
-3.315710947631359762e+00 1.020047042719637709e+01
1.457226884389439592e+00 8.342386308746646550e-02
9.625232218107455662e-01 1.032572486346129831e-01
-3.955590131590108083e+00 2.634530489150087362e+01
-4.195607982980328110e+00 3.251126056945941656e+01
-1.467200588800127992e-01 2.014064581691745459e-01
-2.080743012279860249e+00 1.260744376023850366e+00
-4.651678013567676295e+00 4.066008519060536486e+01
-3.381927526822712249e+00 1.142383296611205168e+01
-1.942237247427835989e+00 1.064886753395020147e+00
-1.419645229433261324e+00 5.983845585746238038e-01
1.676426659377167727e+00 7.444328204771964719e-02
-3.148992452635366313e+00 8.036319448740925964e+00
-2.644631481453152411e+00 3.126160610263897688e+00
-2.255034082460872558e+00 1.725882862525123906e+00
1.165771801650174133e+00 9.360942955826165313e-02
2.004386056897534463e+00 6.484437822132561868e-02
-4.026745935668993859e+00 2.829337335393714525e+01
-3.555897879881425583e-01 2.368344143731518081e-01
-3.503745048259456318e+00 1.427913318839110168e+01
-4.604732604672112650e+00 4.017874608476983411e+01
-3.940901434575999840e+00 2.599772681169272204e+01
-4.919597673592752685e+00 4.892247941973831615e+01
5.726508855016367860e+00 1.721563881128306689e-02
-5.002167919767503967e+00 6.155942621726408959e+01
9.464507321941088014e-01 1.033625682472686380e-01
6.464312736169326445e-01 1.218027088477890707e-01
-4.365327536700368327e+00 3.648230005315002700e+01
-1.732779401421056464e+00 8.401009514639640186e-01
-1.532685821119225689e-01 2.014642556285273500e-01
-4.880474537607484287e+00 4.544408574015449176e+01
1.498512295109839298e+00 8.332165070802197149e-02
-4.441511691331657019e+00 3.801388996703337142e+01
-4.324328208623677838e+00 3.572958099379211205e+01
-2.831704272397268518e+00 4.423385475984000337e+00
-6.370801480706174136e-01 3.005432245677089886e-01
-1.654111009133100829e+00 7.600137357038889707e-01
-2.386106951465560844e+00 2.096282606506707058e+00
-2.318389675446020259e+00 1.887250531926490060e+00
-3.549222729119913211e+00 1.518128635603180143e+01
4.287782605794530966e+00 2.674168051235886051e-02
-3.927116024198327615e+00 2.574347697601089280e+01
-6.177505172683919188e-01 2.865744441399851739e-01
-5.638049964119621338e-01 2.739415679961321737e-01
-5.026125647378073324e+00 6.459479620862518345e+01
2.961075520715350073e+00 4.538407020722069057e-02
-4.163034569059327339e+00 3.172776941425668795e+01
-4.120434008392038550e+00 3.076012381351067404e+01
-4.332140710531692918e+00 3.623110710261948952e+01
-4.986421875046858077e+00 5.892978265849554731e+01
-4.983540762150772352e+00 5.852712678545600511e+01
-4.976591173017288483e+00 5.733241028554853358e+01
-4.972312918445104479e+00 5.669337869440141731e+01
-4.970206833862610196e+00 5.637386256128772999e+01
-1.838390387296189088e+00 9.273188320739852442e-01
-1.784628660324433458e+00 9.184210586691544664e-01
-4.736885662091986582e+00 4.215676753606150839e+01
1.690294109681728774e+00 7.436030458266860987e-02
-3.592457372248508918e+00 1.623591691907791201e+01
-3.580218791555881630e+00 1.597858147500467751e+01
-4.943281615435468623e+00 5.267056012228972151e+01
-4.941506849706069460e+00 5.197391464688831775e+01
5.673154816663791955e+00 1.744592515780305983e-02
-3.162326869113353478e+00 8.125723000042741617e+00
-4.574887276757755750e+00 3.967091802711455273e+01
-5.023132521114256122e+00 6.433309216112938600e+01
-2.242785459192276676e+00 1.725701130019261509e+00
-4.788068622727948309e+00 4.338994267971779806e+01
1.559293984842287373e-01 1.646215489608683358e-01
-3.409601230413940254e+00 1.177926686146072832e+01
-1.899862126106227622e+00 1.018629386035859286e+00
5.650075553872491163e-02 1.804682695567106643e-01
-3.184546892479342972e+00 8.151682562378653074e+00
1.038227285571189373e-01 1.751495817403674882e-01
-4.703428017157353480e+00 4.159434630362454044e+01
-2.682338826726136993e+00 3.318193247162824822e+00
-3.650883106296424430e+00 1.787964609158823137e+01
1.291671165198339521e-01 1.748515937257155151e-01
-3.120394818261527092e+00 7.434427530539664986e+00
1.286520321659278876e+00 9.294754605838272121e-02
-4.063692357300269009e+00 2.926970780537176609e+01
-4.826414523251710165e+00 4.390415775820419952e+01
5.608127204958472944e-01 1.223113676396397481e-01
-2.059237909825695212e+00 1.241773386974582616e+00
-3.247562590166630958e+00 9.286291861789255364e+00
-2.699247521910801861e+00 3.673363913149394921e+00
-4.881901891000187454e+00 4.559596256162927830e+01
-4.916737594402304623e+00 4.855170442393942665e+01
-4.507447012637652684e+00 3.888132504032019199e+01
-4.955551545821393233e+00 5.515833547301455297e+01
-4.734274473498539137e+00 4.199699693712605608e+01
-3.306210908949808847e+00 1.006834893962310673e+01
2.088878602236373450e+00 6.452070737895082564e-02
1.784846507162306750e+00 7.391606493566098279e-02
3.535516797225716434e+00 3.598279807553909915e-02
-1.338409926867747846e+00 5.425024155047448726e-01
-4.872148861251389462e+00 4.531045488002107646e+01
-4.284635313951927316e+00 3.469183106757434842e+01
-2.762445470975371187e+00 3.882424139008676001e+00
-4.934769112176676131e+00 5.091339916165159707e+01
-3.053427450140599131e+00 6.596098868845903240e+00
-4.899654739081974242e+00 4.617947574247722287e+01
-3.603769832627685687e+00 1.646103970960076879e+01
-3.783253750784248304e+00 2.199827381812043825e+01
3.293362044419968715e+00 3.725951939523151207e-02
-2.215504180411675073e+00 1.627684442768013717e+00
2.445013943777374354e+00 5.519617647570609215e-02
-3.828445332450403527e+00 2.317365319543392488e+01
-1.865579642959427353e+00 9.553836708406536760e-01
2.972489377728106064e+00 4.537964841601688920e-02
-1.920046229103302471e+00 1.064851547643651752e+00
-4.925492610666236004e+00 5.059814684139617924e+01
-3.113552213802168733e+00 7.333192732212643783e+00
-4.291888738425225114e+00 3.509839205022132802e+01
3.203678639896429647e+00 4.497994912753458530e-02
-1.338409926867747846e+00 5.425024155047448726e-01
-3.850422556397973040e+00 2.398313528383439674e+01
-9.042085068953907845e-01 3.660121252943319692e-01
-3.765804387539131159e+00 2.116776921693145397e+01
3.574232637085152042e+00 3.586521555116591042e-02
-4.011862049082274062e+00 2.781327749316374209e+01
-3.603769832627685687e+00 1.646103970960076879e+01
-3.592457372248508918e+00 1.623591691907791201e+01
-4.998326819705582125e+00 6.036779813584722376e+01
-3.289359790357769153e+00 9.750403946414749612e+00
-2.613945252570489597e+00 3.025487719023062461e+00
-2.838326679980541112e+00 4.650106243544562368e+00
-1.261284561277292715e+00 5.028782260268798154e-01
4.431436935702635971e+00 2.628651570631270959e-02
-4.517574351913721031e+00 3.904293479061045247e+01
-2.932875821109870884e+00 5.424227949871275101e+00
-2.892996451553438320e+00 5.109769352574563328e+00
8.656239556433791282e-01 1.120775590156989632e-01
-4.051878000704951965e+00 2.886323438056335533e+01
-3.551486733699612319e+00 1.540795404317858441e+01
-2.984691283351609492e+00 5.751932529193421573e+00
-1.009075928635110087e+00 3.946862181210924470e-01
-3.508572418692455397e+00 1.436595763546549165e+01
-4.148312501350448045e+00 3.153088472689788802e+01
-2.620201337510125406e+00 3.065974210767021813e+00
-3.488907900527387973e+00 1.410128675847466262e+01
-4.916737594402304623e+00 4.855170442393942665e+01
-4.947484038059464240e+00 5.315004257813109234e+01
-4.332140710531692918e+00 3.623110710261948952e+01
-3.825058261647034552e+00 2.291154951090725334e+01
-1.216638676746472081e+00 4.884382432075178304e-01
-2.290351491203553636e+00 1.793926395468041557e+00
1.269327830532032131e+00 9.306772393123782794e-02
-5.023586978341895382e+00 6.443483770210718831e+01
1.373713034056012416e+00 8.397187388673568731e-02
-2.455707368787411748e-01 2.120053223791364960e-01
-2.873698243623559190e+00 4.971613162198643465e+00
-2.368194638469863111e+00 2.046235605824689774e+00
7.237030878327004313e-01 1.129842169763878162e-01
-4.938370564853227229e+00 5.155244130484628329e+01
-4.936095794992367836e+00 5.101535213406864244e+01
-1.592912882738226843e+00 7.050085106546629676e-01
-4.709982442782645329e+00 4.164713972949702026e+01
-2.682338826726136993e+00 3.318193247162824822e+00
-1.879061202273512032e+00 9.844655580472305711e-01
2.696274036413659481e+00 4.675507797963725926e-02
-4.120434008392038550e+00 3.076012381351067404e+01
-3.847431018997186758e+00 2.373271451739146443e+01
6.835552809574628741e-01 1.215109226352930477e-01
-3.493221286317252261e+00 1.410837508321556655e+01
2.383200815841342468e+00 5.531446032697247273e-02
-5.224170495206157394e-01 2.626817283160113869e-01
4.360993867992988271e-01 1.429634143300910765e-01
-2.215744219232102186e+00 1.633698229967851523e+00
-2.318389675446020259e+00 1.887250531926490060e+00
-2.290351491203553636e+00 1.793926395468041557e+00
-4.221331854174269260e+00 3.299807944164627571e+01
-4.970206833862610196e+00 5.637386256128772999e+01
-5.638049964119621338e-01 2.739415679961321737e-01
-5.224170495206157394e-01 2.626817283160113869e-01
-3.426653069333173374e+00 1.223895412879835654e+01
-3.965367191673121017e+00 2.666179710541647196e+01
1.350356764734671255e+00 8.414143913948819720e-02
-3.981290192682007234e+00 2.707152424209936115e+01
-3.973634771793899567e+00 2.685889425472297631e+01
-1.026245261202360703e+00 4.063266767287466719e-01
-3.482159258001053193e+00 1.389030181395804675e+01
-4.610522526472556670e+00 4.039911608629635964e+01
-3.474601615289945933e+00 1.367957069023460370e+01
-3.841462304962337093e+00 2.355121107255683199e+01
-1.766218615271249570e+00 8.757557182399289264e-01
-4.610522526472556670e+00 4.039911608629635964e+01
3.072083364152230489e-01 1.536225584262349286e-01
-5.005131151326732031e+00 6.172206210102180535e+01
-5.008110848915582558e+00 6.195843221900346265e+01
-2.891386985156446432e+00 5.013611270585220936e+00
-2.824921211061495185e+00 4.387840938953845971e+00
-3.289359790357769153e+00 9.750403946414749612e+00
-3.254248265757020420e+00 9.295808643205733190e+00
-6.722538762250049871e-01 3.008202296624841732e-01
1.437619354388266490e+00 8.353798452089862547e-02
-1.063745174212346489e+00 4.327318517760484484e-01
2.202185240724721549e+00 6.442661530930213210e-02
9.048921124498443547e-01 1.036567887897853896e-01
6.910470289429485602e-01 1.214663307840425088e-01
-2.486895203983109592e+00 2.476224461015383849e+00
-4.993326744052962063e+00 6.027218252276659172e+01
4.095110403368606988e+00 2.780937691288644029e-02
2.737570673221787931e+00 4.650294425377800994e-02
-3.666059477272703759e+00 1.835136783313241793e+01
-3.474601615289945933e+00 1.367957069023460370e+01
-3.973634771793899567e+00 2.685889425472297631e+01
1.881821876658111847e+00 6.561943140602026492e-02
-4.441511691331657019e+00 3.801388996703337142e+01
9.048921124498443547e-01 1.036567887897853896e-01
8.656239556433791282e-01 1.120775590156989632e-01
-1.143314195867314087e+00 4.752478124571833384e-01
-3.580218791555881630e+00 1.597858147500467751e+01
-3.579580890905144752e+00 1.573939165236673077e+01
-1.055405705167159924e+00 4.142889570374018726e-01
-3.551486733699612319e+00 1.540795404317858441e+01
