0.000000000000000000e+00 2.110139522177564885e-04 2.948291899282263367e-04 2.008589774505515280e+01 4.727721480774906837e+01 2.714563176316988832e-02 1.092801686515678522e-03
0.000000000000000000e+00 2.110139522177564885e-04 2.948291899282263367e-04 2.709379117946833764e-03 1.244233174077971453e-02 9.538710565126549230e-04 2.377020460513788378e-04
0.000000000000000000e+00 2.110139522177564885e-04 2.948291899282263367e-04 1.316113453421274490e-02 3.997468780175705838e-03 9.581100699938390397e-04 2.377020460513788378e-04
0.000000000000000000e+00 2.110139522177564885e-04 2.948291899282263367e-04 2.167055063098293280e-02 2.866187959324973701e-03 9.685056823984724032e-04 2.395942883845946436e-04
0.000000000000000000e+00 2.110139522177564885e-04 2.948291899282263367e-04 2.259167316010457852e-02 4.009061439709705674e-03 9.685056823984724032e-04 2.395942883845946436e-04
0.000000000000000000e+00 2.110139522177564885e-04 2.948291899282263367e-04 3.101082331035661527e-02 3.095131722572153684e-03 9.744863553003100002e-04 2.414694001053035045e-04
0.000000000000000000e+00 2.110139522177564885e-04 3.025061749050248915e-04 1.236754277999499788e-02 2.892156727779602535e-03 9.581100699938390397e-04 2.377020460513788378e-04
0.000000000000000000e+00 2.110139522177564885e-04 2.948291899282263367e-04 2.066213311434498223e+01 4.655113058425789063e+01 2.714563176316988832e-02 1.092801686515678522e-03
0.000000000000000000e+00 2.110139522177564885e-04 2.948291899282263367e-04 1.613446397016884859e+01 4.891085510117613921e+01 2.714563176316988832e-02 1.092801686515678522e-03
0.000000000000000000e+00 2.110139522177564885e-04 2.948291899282263367e-04 2.709379117946833764e-03 1.244233174077971453e-02 9.581100699938390397e-04 2.377020460513788378e-04
0.000000000000000000e+00 2.110139522177564885e-04 2.948291899282263367e-04 1.223507473194833040e+01 4.128803272694874238e+01 1.201163862229680523e+00 8.913350253510659085e-04
0.000000000000000000e+00 2.110139522177564885e-04 2.948291899282263367e-04 1.613446397016884859e+01 3.547999288673549501e+01 1.635939233034802376e+00 1.092801686515678522e-03
0.000000000000000000e+00 2.110139522177564885e-04 2.948291899282263367e-04 1.233053786490533044e-02 3.997468780175705838e-03 9.538710565126549230e-04 2.377020460513788378e-04
0.000000000000000000e+00 2.110139522177564885e-04 2.948291899282263367e-04 1.251815524891328364e-02 3.302775132921540076e-03 9.581100699938390397e-04 2.377020460513788378e-04
0.000000000000000000e+00 2.110139522177564885e-04 2.948291899282263367e-04 1.613446397016884859e+01 2.894605991754814411e+01 3.142041441477074315e+00 2.262791045507099585e-02
0.000000000000000000e+00 2.110139522177564885e-04 2.948291899282263367e-04 1.588705680024918010e+01 3.239454984219035083e+01 2.054490521054780139e+00 2.262912820916009732e-02
0.000000000000000000e+00 2.110139522177564885e-04 2.948291899282263367e-04 3.093655356688119681e-02 3.095131722572153684e-03 1.028185517335581875e-02 2.433276217459231887e-04
0.000000000000000000e+00 2.110139522177564885e-04 2.948291899282263367e-04 1.613446397016884859e+01 4.764036813494526257e+01 1.576040495183619605e-01 8.901172712619649869e-04
0.000000000000000000e+00 2.110139522177564885e-04 2.948291899282263367e-04 1.613446397016884859e+01 3.021654688377902076e+01 2.971069223910449697e+00 1.092801686515678522e-03
0.000000000000000000e+00 2.110139522177564885e-04 9.632457581951780687e-03 6.493844872432311455e+00 2.495200080337309601e+01 5.215992239439225742e+00 1.278462402131490316e+00
0.000000000000000000e+00 2.110139522177564885e-04 2.948291899282263367e-04 1.244524805599016304e+01 4.764046474515098595e+01 4.402433900715521098e-01 1.092801686515678522e-03
0.000000000000000000e+00 2.110139522177564885e-04 2.948291899282263367e-04 1.613446397016884859e+01 4.473639792641755975e+01 5.272088097955662800e-01 1.092801686515678522e-03
0.000000000000000000e+00 2.110139522177564885e-04 2.948291899282263367e-04 1.244524805599016304e+01 5.054443495367869588e+01 7.063511336669231477e-02 8.901172712619649869e-04
0.000000000000000000e+00 2.110139522177564885e-04 2.948291899282263367e-04 1.234016139396924672e+01 3.185012863372569925e+01 3.085052347298741449e+00 1.092801686515678522e-03
0.000000000000000000e+00 2.110139522177564885e-04 2.948291899282263367e-04 9.672151542549119185e-02 3.854624740628675213e-03 1.193047644123033588e-03 2.888232524900767074e-04
0.000000000000000000e+00 2.110139522177564885e-04 2.948291899282263367e-04 3.093655356688119681e-02 3.766518440934958634e-03 9.788473223678879464e-04 2.414694001053035045e-04
0.000000000000000000e+00 2.110139522177564885e-04 2.948291899282263367e-04 1.244524805599016304e+01 4.636997777892011641e+01 5.706945001299588149e-01 8.901172712619649869e-04
0.000000000000000000e+00 2.110139522177564885e-04 2.948291899282263367e-04 4.031383116134455019e-02 3.142505380308085669e-03 9.847135955822602840e-04 2.433276217459231887e-04
0.000000000000000000e+00 2.110139522177564885e-04 9.632457581951780687e-03 9.316181236684540679e+00 1.460775978485080095e+01 4.035052200904428732e-01 8.008509313808729463e-03
0.000000000000000000e+00 2.110139522177564885e-04 2.948291899282263367e-04 6.784208541325907227e+00 3.166836173706489177e+01 3.282861259273402332e+00 1.413909672627137848e+00
0.000000000000000000e+00 2.110139522177564885e-04 2.948291899282263367e-04 1.244524805599016304e+01 4.183252432809557320e+01 1.135941778283362735e+00 1.092801686515678522e-03
0.000000000000000000e+00 2.110139522177564885e-04 2.948291899282263367e-04 2.163354571589326189e-02 3.047971520096940789e-03 9.685056823984724032e-04 2.395942883845946436e-04
0.000000000000000000e+00 2.110139522177564885e-04 2.948291899282263367e-04 6.929436471989293800e+00 7.128518557464713190e+00 5.302625453557071822e+00 7.952548987654827969e-03
0.000000000000000000e+00 2.110139522177564885e-04 2.948291899282263367e-04 7.002050437320986198e+00 1.081934390040918892e+01 2.581560600725275378e+00 7.959691796935560587e-03
0.000000000000000000e+00 2.110139522177564885e-04 2.948291899282263367e-04 1.244524805599016304e+01 4.491799267465626144e+01 7.446213439257353128e-01 8.901172712619649869e-04
0.000000000000000000e+00 2.110139522177564885e-04 2.948291899282263367e-04 6.856822506657600513e+00 2.368246776260104625e+01 4.593073265146074391e+00 2.022257124743747081e+00
0.000000000000000000e+00 2.110139522177564885e-04 2.948291899282263367e-04 1.244524805599016304e+01 4.691447219301905136e+01 4.837332234279481669e-01 8.913350253510659085e-04
0.000000000000000000e+00 2.110139522177564885e-04 2.948291899282263367e-04 1.244524805599016304e+01 4.419200012252434817e+01 8.533212196256738657e-01 1.092801686515678522e-03
0.000000000000000000e+00 2.110139522177564885e-04 2.948291899282263367e-04 2.163354571589326189e-02 3.839045578693846012e-03 9.685056823984724032e-04 2.395942883845946436e-04
0.000000000000000000e+00 2.110139522177564885e-04 2.948291899282263367e-04 6.929436471989293800e+00 1.769305211093095309e+01 4.272936499404612898e-02 8.030320434674787997e-03
0.000000000000000000e+00 2.110139522177564885e-04 2.948291899282263367e-04 9.404432967544240185e+00 2.731262944715950525e+01 4.191195979264383809e+00 1.674771459277791807e+00
0.000000000000000000e+00 2.110139522177564885e-04 2.948291899282263367e-04 3.112417095088914828e-02 3.208290768164347596e-03 9.788473223678879464e-04 2.414694001053035045e-04
0.000000000000000000e+00 2.110139522177564885e-04 2.948291899282263367e-04 1.234016139396924672e+01 4.255851877767160829e+01 1.048984702422694149e+00 2.262791045507099585e-02
0.000000000000000000e+00 2.110139522177564885e-04 2.948291899282263367e-04 1.234016139396924672e+01 2.967215097732991680e+01 4.386999385330052625e+00 1.092801686515678522e-03
0.000000000000000000e+00 2.110139522177564885e-04 2.948291899282263367e-04 7.002050437320986198e+00 1.987105148602486793e+01 7.040545868856415979e-01 7.451847899255606769e-03
0.000000000000000000e+00 2.110139522177564885e-04 2.948291899282263367e-04 7.002050437320986198e+00 1.098712858667111369e+01 4.578122930806441282e+00 7.997016531874227840e-03
0.000000000000000000e+00 2.110139522177564885e-04 2.948291899282263367e-04 9.701573596800794341e-02 3.989771450976929874e-03 1.193047644123033588e-03 2.888232524900767074e-04
0.000000000000000000e+00 2.110139522177564885e-04 2.948291899282263367e-04 7.002050437320986198e+00 2.622348631717920853e+01 1.142318143344584591e+00 3.631924594934231136e-03
0.000000000000000000e+00 2.110139522177564885e-04 2.948291899282263367e-04 6.856822506657600513e+00 1.787452734554562284e+01 2.233148364597344337e-01 8.035530461073863914e-03
0.000000000000000000e+00 2.110139522177564885e-04 2.948291899282263367e-04 4.973018665286501466e-02 3.152247249374662361e-03 9.993702636559534825e-04 2.451691870160407796e-04
0.000000000000000000e+00 2.110139522177564885e-04 2.948291899282263367e-04 6.910671241504423579e-02 4.063903696664917381e-03 1.019681964196070354e-03 2.488032508368130950e-04
0.000000000000000000e+00 2.110139522177564885e-04 2.948291899282263367e-04 7.002050437320986198e+00 1.115491327293303137e+01 2.581725626359740566e+00 7.933571394081975758e-03
0.000000000000000000e+00 2.110139522177564885e-04 2.948291899282263367e-04 5.159950840977832520e+00 1.809870049385204682e+00 1.281416542907969358e+00 5.035255337757650607e-03
0.000000000000000000e+00 2.110139522177564885e-04 9.632457581951780687e-03 1.948540356374741656e-01 6.731610470034971039e-02 4.457210232776184777e-02 4.318402700316267915e-04
0.000000000000000000e+00 2.110139522177564885e-04 2.948291899282263367e-04 4.031383116134455019e-02 3.945920129253695750e-03 9.847135955822602840e-04 2.433276217459231887e-04
0.000000000000000000e+00 2.110139522177564885e-04 2.948291899282263367e-04 2.159680127722263948e-02 3.430936122207172648e-03 9.685056823984724032e-04 2.395942883845946436e-04
0.000000000000000000e+00 2.110139522177564885e-04 2.948291899282263367e-04 6.856822506657600513e+00 1.098708733606718013e+01 4.396458570427419055e+00 1.885645072392107824e-01
0.000000000000000000e+00 2.110139522177564885e-04 2.948291899282263367e-04 7.002050437320986198e+00 3.275741928636654876e+01 4.532906184659813320e+00 1.092801686515678522e-03
0.000000000000000000e+00 2.110139522177564885e-04 2.948291899282263367e-04 7.002050437320986198e+00 1.987105148602486793e+01 2.060168750316392350e-01 1.734539498594087348e-01
0.000000000000000000e+00 2.110139522177564885e-04 2.948291899282263367e-04 1.244524805599016304e+01 5.036293681564570335e+01 9.237742929691747373e-02 8.901172712619649869e-04
0.000000000000000000e+00 2.110139522177564885e-04 2.948291899282263367e-04 5.033113146031586299e-02 3.077335882560323053e-03 1.030237811464388385e-02 2.469943230828653660e-04
0.000000000000000000e+00 2.110139522177564885e-04 2.948291899282263367e-04 5.963413931130380485e-02 3.086792080260615089e-03 1.009552332408318251e-03 2.469943230828653660e-04
0.000000000000000000e+00 2.110139522177564885e-04 2.948291899282263367e-04 1.234193880780603436e+00 1.324625041867976138e+00 3.685735064904316904e-01 2.731268811260671725e-03
0.000000000000000000e+00 2.110139522177564885e-04 2.948291899282263367e-04 5.963413931130380485e-02 4.010278312929256225e-03 1.005009207917025461e-03 2.469943230828653660e-04
0.000000000000000000e+00 2.110139522177564885e-04 2.948291899282263367e-04 3.141412120255282492e-01 3.497721234536085161e-02 1.856488264156435112e-03 4.318402700316267915e-04
0.000000000000000000e+00 2.110139522177564885e-04 2.948291899282263367e-04 2.909481019479997599e+00 1.995270976833015464e+00 1.280611045179734564e+00 4.194926528915983791e-03
0.000000000000000000e+00 2.110139522177564885e-04 9.632457581951780687e-03 9.051089477245255921e+00 3.166855019479114475e+01 4.459949216712213449e+00 8.901172712619649869e-04
0.000000000000000000e+00 2.110139522177564885e-04 2.948291899282263367e-04 1.156217516699837994e-01 4.675451847945363837e-03 2.236120471612252150e-02 2.966586583774235338e-04
0.000000000000000000e+00 2.110139522177564885e-04 9.632457581951780687e-03 6.929528664422468509e+00 1.149048264545687381e+01 9.484050228763519774e-01 7.339154867226704848e-01
0.000000000000000000e+00 2.110139522177564885e-04 2.948291899282263367e-04 4.479375711295799367e-01 1.078852617651910178e-01 1.023537199412682397e-01 6.491738165793811124e-04
0.000000000000000000e+00 2.110139522177564885e-04 2.948291899282263367e-04 5.100248830484790830e+00 3.413405516451366584e+00 4.062573303010474035e+00 6.782651674848377832e-01
0.000000000000000000e+00 2.110139522177564885e-04 1.893546543293971388e-02 6.857005184769278117e+00 2.749397328341007452e+01 3.306799667682384314e+00 1.112682527373287877e+00
0.000000000000000000e+00 2.110139522177564885e-04 2.948291899282263367e-04 5.040546819991748251e+00 2.858262082346540112e+01 5.711558692877265031e+00 1.426206078724832516e+00
0.000000000000000000e+00 2.110139522177564885e-04 2.948291899282263367e-04 1.233053786490533044e-02 3.037839764678557097e-03 9.581100699938390397e-04 2.377020460513788378e-04
0.000000000000000000e+00 2.110139522177564885e-04 2.948291899282263367e-04 7.002050437320986198e+00 2.350101424668449823e+01 7.108727598296502581e-01 6.124590494621765489e-03
0.000000000000000000e+00 2.110139522177564885e-04 2.948291899282263367e-04 7.002050437320986198e+00 3.566138949489425869e+01 3.085052347298741449e+00 1.092801686515678522e-03
0.000000000000000000e+00 2.110139522177564885e-04 2.948291899282263367e-04 5.159950840977832520e+00 5.255176037530142175e+00 4.229389177589816917e+00 1.749836391183488549e-01
0.000000000000000000e+00 2.110139522177564885e-04 2.948291899282263367e-04 5.040546819991748251e+00 3.275537650490787911e+01 5.687699568191859179e+00 3.921901175304710052e-01
0.000000000000000000e+00 2.110139522177564885e-04 2.948291899282263367e-04 3.774536258242167541e+00 2.781654785175856848e+00 1.176218152259106198e+00 1.287295329462525006e-01
0.000000000000000000e+00 2.110139522177564885e-04 2.948291899282263367e-04 4.090346831956372109e-02 3.218326510431804548e-03 9.891353867860623074e-04 2.433276217459231887e-04
0.000000000000000000e+00 2.110139522177564885e-04 9.632457581951780687e-03 6.929528664422468509e+00 1.132269795919495614e+01 9.483240012757276904e-01 7.339078204077521539e-01
0.000000000000000000e+00 2.110139522177564885e-04 2.948291899282263367e-04 1.244524805599016304e+01 4.981844240154676839e+01 1.793418427021709616e-01 1.092801686515678522e-03
0.000000000000000000e+00 2.110139522177564885e-04 2.948291899282263367e-04 5.159950840977832520e+00 5.502583207449808889e+00 4.621938834410649899e-01 6.014180024454860059e-03
0.000000000000000000e+00 2.110139522177564885e-04 9.632457581951780687e-03 6.929528664422468509e+00 2.132303659028871579e+01 3.039583545585120006e-01 6.097029244863289704e-03
0.000000000000000000e+00 2.110139522177564885e-04 9.632457581951780687e-03 3.018029587062984742e-01 6.471962965077282352e-03 1.608101095630513552e-02 4.295064437089658000e-04
0.000000000000000000e+00 2.110139522177564885e-04 2.948291899282263367e-04 2.867574826937576038e+00 2.067861707302712571e+00 1.911237515748849924e+00 4.997485878142786213e-03
0.000000000000000000e+00 2.110139522177564885e-04 2.948291899282263367e-04 5.100248830484790830e+00 3.203232192409531720e+00 2.621809195120101688e+00 6.014180024454860059e-03
0.000000000000000000e+00 2.110139522177564885e-04 9.632457581951780687e-03 5.100049942928357893e+00 2.803819586031784894e+01 6.272550617281117624e+00 1.783463521905120919e+00
0.000000000000000000e+00 2.110139522177564885e-04 2.948291899282263367e-04 7.001716781813832391e+00 2.186753100438766140e+01 7.105458469558760815e-01 6.109837853911007782e-03
0.000000000000000000e+00 2.110139522177564885e-04 2.948291899282263367e-04 7.002050437320986198e+00 2.350101424668449823e+01 1.686512541405617238e+00 4.700771720122749048e-03
0.000000000000000000e+00 2.110139522177564885e-04 2.948291899282263367e-04 1.842677827229511345e-01 5.523685266858015253e-03 1.484875598076763328e-03 3.532955704160820423e-04
0.000000000000000000e+00 9.538800276441742818e-03 3.313257082961330521e-04 6.929528664422468509e+00 2.622348631717920853e+01 3.947981879533156047e+00 1.141179501352399317e+00
0.000000000000000000e+00 2.110139522177564885e-04 2.948291899282263367e-04 6.929436471989293800e+00 2.422698508011830398e+01 2.309430589751553242e+00 3.631998034101972979e-03
0.000000000000000000e+00 2.110139522177564885e-04 2.948291899282263367e-04 7.002050437320986198e+00 1.805607010569504567e+01 5.374934884035348359e-01 7.409702330261456853e-03
0.000000000000000000e+00 2.110139522177564885e-04 9.632457581951780687e-03 5.040622619097165469e+00 8.712940252819466380e+00 5.121219848400664354e+00 1.894506870206410509e-01
0.000000000000000000e+00 2.110139522177564885e-04 2.948291899282263367e-04 6.829816162754359654e-02 3.892876112808593171e-03 1.019681964196070354e-03 2.488032508368130950e-04
0.000000000000000000e+00 2.110139522177564885e-04 2.948291899282263367e-04 7.002050437320986198e+00 2.459000307488238946e+01 2.309505729550218600e+00 3.631996820677088102e-03
0.000000000000000000e+00 2.110139522177564885e-04 2.948291899282263367e-04 7.002050437320986198e+00 2.331951610865152347e+01 1.686485953765518353e+00 4.700251964338894237e-03
0.000000000000000000e+00 2.110139522177564885e-04 1.893546543293971388e-02 1.842456741626550265e-01 5.488576036976485460e-03 1.503176364737761860e-03 3.576423901116470086e-04
0.000000000000000000e+00 2.110139522177564885e-04 2.948291899282263367e-04 7.001716781813832391e+00 3.275488647534413644e+01 4.459945342853844252e+00 2.262912820916009732e-02
0.000000000000000000e+00 2.110139522177564885e-04 2.948291899282263367e-04 9.404432967544240185e+00 2.658411845738466894e+01 4.128833925223702295e+00 1.267823015428279909e+00
0.000000000000000000e+00 2.110139522177564885e-04 9.632457581951780687e-03 4.337030419138188098e-01 5.781567044934293048e-02 1.222114547948085495e-01 6.433887559117512167e-04
0.000000000000000000e+00 9.538800276441742818e-03 3.313257082961330521e-04 6.929528664422468509e+00 2.604198817914623021e+01 3.947964894922987078e+00 1.141179953271091341e+00
0.000000000000000000e+00 2.110139522177564885e-04 2.948291899282263367e-04 7.002050437320986198e+00 2.331951610865152347e+01 7.108380571538166492e-01 6.123212017336289795e-03
0.000000000000000000e+00 2.110139522177564885e-04 2.948291899282263367e-04 1.244524805599016304e+01 3.130563232218264247e+01 3.113546013278740698e+00 8.901172712619649869e-04
0.000000000000000000e+00 2.110139522177564885e-04 2.948291899282263367e-04 4.980844809498706560e+00 3.413363790548573196e+00 4.206456460667135744e+00 7.116878447863728835e-03
0.000000000000000000e+00 2.110139522177564885e-04 2.948291899282263367e-04 6.256579739715540933e-01 9.215628634298294458e-03 1.620953280781328998e-01 7.925673733224438029e-04
0.000000000000000000e+00 2.110139522177564885e-04 2.948291899282263367e-04 1.613446397016884859e+01 3.312051709230673424e+01 1.918532991823538092e+00 1.092801686515678522e-03
0.000000000000000000e+00 2.110139522177564885e-04 2.948291899282263367e-04 2.227802608006951068e+00 1.401548630622392322e+00 4.487701342369065927e-01 9.176613644945498527e-02
0.000000000000000000e+00 2.110139522177564885e-04 2.948291899282263367e-04 6.885380086010643719e-02 3.058901786283705401e-03 1.019681964196070354e-03 2.488032508368130950e-04
0.000000000000000000e+00 2.110139522177564885e-04 9.632457581951780687e-03 6.856914699090776111e+00 2.440848321815127875e+01 4.489396427159808134e+00 1.464662486377141248e-01
0.000000000000000000e+00 2.110139522177564885e-04 2.948291899282263367e-04 3.141412120255282492e-01 3.497721234536085161e-02 3.036173764444000805e-02 5.118880151038018378e-04
0.000000000000000000e+00 2.110139522177564885e-04 7.773461205887327585e-01 8.140437138057045274e+00 2.313821892365057664e+01 5.711591493217946791e+00 1.303020516958395492e+00
0.000000000000000000e+00 2.110139522177564885e-04 2.948291899282263367e-04 6.881249187252749810e-02 4.063903696664917381e-03 1.019681964196070354e-03 2.488032508368130950e-04
0.000000000000000000e+00 2.110139522177564885e-04 2.948291899282263367e-04 3.189468101109250997e-02 4.020440140089575481e-03 9.744863553003100002e-04 2.414694001053035045e-04
0.000000000000000000e+00 2.110139522177564885e-04 2.948291899282263367e-04 7.002050437320986198e+00 2.277502169455256720e+01 5.752411266347009500e-01 6.117048878813876635e-03
0.000000000000000000e+00 2.110139522177564885e-04 9.632457581951780687e-03 4.337030419138188098e-01 7.588557645626122991e-03 1.192443049655515647e-01 6.375079494680861237e-04
0.000000000000000000e+00 2.110139522177564885e-04 2.948291899282263367e-04 1.155790050744989889e-01 4.675451847945363837e-03 3.293403411268757547e-02 2.985754010969273527e-04
0.000000000000000000e+00 2.110139522177564885e-04 2.948291899282263367e-04 7.002050437320986198e+00 7.128535796046562290e+00 2.385290318547211186e+00 1.893395970833326170e-01
0.000000000000000000e+00 2.110139522177564885e-04 2.948291899282263367e-04 1.601076038520901079e+01 3.493551157084060321e+01 1.701154412642885472e+00 2.262791045507099585e-02
0.000000000000000000e+00 2.110139522177564885e-04 2.948291899282263367e-04 1.613446397016884859e+01 3.420950592050461836e+01 1.788106325826070320e+00 1.092801686515678522e-03
0.000000000000000000e+00 2.110139522177564885e-04 2.948291899282263367e-04 7.840972026603217071e-02 4.074277540307133516e-03 1.033276737316281800e-02 2.868212366135504594e-04
0.000000000000000000e+00 2.110139522177564885e-04 2.948291899282263367e-04 8.449141483381912288e-01 3.043664215799297690e-01 3.917664159747720753e-01 1.482584006818539772e-03
0.000000000000000000e+00 2.110139522177564885e-04 2.948291899282263367e-04 1.244524805599016304e+01 2.930831685364566042e+01 4.386995816935568726e+00 8.901172712619649869e-04
0.000000000000000000e+00 2.110139522177564885e-04 2.948291899282263367e-04 7.002050437320986198e+00 2.350101424668449823e+01 2.516966058942915918e+00 3.631926298805455804e-03
0.000000000000000000e+00 2.110139522177564885e-04 2.948291899282263367e-04 7.002050437320986198e+00 6.984476953724107595e+00 3.391912894747166618e+00 1.893816783849636143e-01
0.000000000000000000e+00 2.110139522177564885e-04 2.948291899282263367e-04 3.093655356688119681e-02 3.977530096105613873e-03 9.788473223678879464e-04 2.414694001053035045e-04
0.000000000000000000e+00 2.110139522177564885e-04 2.948291899282263367e-04 4.957957418394672716e-02 2.930624688450954394e-03 9.993702636559534825e-04 2.451691870160407796e-04
0.000000000000000000e+00 2.110139522177564885e-04 2.948291899282263367e-04 7.824015501327966082e-02 3.218500698428370700e-03 1.029759522174994533e-03 2.505961851431170485e-04
0.000000000000000000e+00 2.110139522177564885e-04 2.948291899282263367e-04 6.856822506657600513e+00 1.165822608111486680e+01 3.126301657671511247e+00 7.960156857485080686e-03
0.000000000000000000e+00 2.110139522177564885e-04 2.948291899282263367e-04 7.002050437320986198e+00 1.081934390040918892e+01 3.126055014824217437e+00 7.940370290661104974e-03
0.000000000000000000e+00 2.110139522177564885e-04 9.632457581951780687e-03 6.856914699090776111e+00 2.422698508011830398e+01 4.385564383594806159e+00 1.464670703468436974e-01
0.000000000000000000e+00 2.110139522177564885e-04 2.948291899282263367e-04 1.611963254904375198e+00 5.645809011599589589e-01 4.587065561819511639e-01 6.190990497786379859e-02
0.000000000000000000e+00 2.110139522177564885e-04 2.948291899282263367e-04 3.141412120255282492e-01 2.072458765521906568e-02 1.024576388477427547e-01 5.198308652891495650e-04
0.000000000000000000e+00 2.110139522177564885e-04 2.948291899282263367e-04 1.234193880780603436e+00 6.902217277414032237e-01 3.085427560733756125e-01 1.828645894653435806e-03
0.000000000000000000e+00 2.110139522177564885e-04 9.632457581951780687e-03 5.100324629590206271e+00 8.568908456445770483e+00 7.480695642829434888e+00 7.997016531874227840e-03
0.000000000000000000e+00 2.110139522177564885e-04 9.632457581951780687e-03 4.980920608604123778e+00 2.839857578767430368e+01 5.711541942280262241e+00 1.443804327809919963e+00
0.000000000000000000e+00 2.110139522177564885e-04 2.948291899282263367e-04 1.153688401150459869e-01 4.480100469103198875e-03 1.178837531955746580e-02 2.947252779117725554e-04
0.000000000000000000e+00 2.110139522177564885e-04 2.948291899282263367e-04 7.002050437320986198e+00 7.128535796046562290e+00 3.669234744136808501e+00 1.893897705657994757e-01
0.000000000000000000e+00 2.110139522177564885e-04 2.948291899282263367e-04 5.903319450385294265e-02 3.798493693370791780e-03 1.009552332408318251e-03 2.469943230828653660e-04
0.000000000000000000e+00 2.110139522177564885e-04 9.632457581951780687e-03 6.929528664422468509e+00 2.368251238471748366e+01 4.489319441668189192e+00 1.464674503413757045e-01
0.000000000000000000e+00 2.110139522177564885e-04 9.632457581951780687e-03 1.737083768443440646e-01 5.523685266858015253e-03 1.484875598076763328e-03 3.532955704160820423e-04
0.000000000000000000e+00 2.110139522177564885e-04 2.948291899282263367e-04 1.601076038520901079e+01 3.529850784690656695e+01 1.657678042177949562e+00 2.262791045507099585e-02
0.000000000000000000e+00 2.110139522177564885e-04 2.948291899282263367e-04 1.613446397016884859e+01 4.872935696314315379e+01 4.888811115104996913e-02 1.092801686515678522e-03
0.000000000000000000e+00 2.110139522177564885e-04 2.948291899282263367e-04 4.477421882705882594e-01 2.438343574282136189e-02 5.240667923128390637e-02 5.275788430121546675e-04
0.000000000000000000e+00 2.110139522177564885e-04 1.483940297891106763e-01 5.986602468581823544e+00 3.293891742439953418e+01 4.459949216712213449e+00 8.901172712619649869e-04
0.000000000000000000e+00 2.110139522177564885e-04 2.948291899282263367e-04 5.050069671306837288e-02 4.042573643504542881e-03 9.993702636559534825e-04 2.451691870160407796e-04
0.000000000000000000e+00 2.110139522177564885e-04 2.948291899282263367e-04 4.035135529374350716e-02 3.491733131037557877e-03 9.891353867860623074e-04 2.433276217459231887e-04
0.000000000000000000e+00 2.110139522177564885e-04 2.948291899282263367e-04 5.159950840977832520e+00 5.502583207449808889e+00 4.900716981784595916e+00 7.841459050354899346e-03
0.000000000000000000e+00 2.110139522177564885e-04 9.632457581951780687e-03 8.847671702226129753e-01 3.042783203666830083e-01 2.513264442867483850e-01 1.477480241384617572e-03
0.000000000000000000e+00 2.110139522177564885e-04 2.948291899282263367e-04 1.244524805599016304e+01 4.382900384645837732e+01 8.750641315675748988e-01 2.262791045507099585e-02
0.000000000000000000e+00 2.110139522177564885e-04 2.948291899282263367e-04 5.159950840977832520e+00 1.809870049385204682e+00 2.992872511293117377e+00 7.262801090535728754e-01
0.000000000000000000e+00 2.110139522177564885e-04 2.948291899282263367e-04 9.404432967544240185e+00 2.694711473345062913e+01 4.191175159814478413e+00 1.267821531376373212e+00
0.000000000000000000e+00 2.110139522177564885e-04 2.948291899282263367e-04 7.002050437320986198e+00 1.787457196766206380e+01 3.714232386770111027e-01 7.400916501491892723e-03
0.000000000000000000e+00 2.110139522177564885e-04 2.948291899282263367e-04 9.404432967544240185e+00 2.876461455142336021e+01 6.505351320905842449e+00 2.262791045507099585e-02
0.000000000000000000e+00 2.110139522177564885e-04 2.948291899282263367e-04 2.227802608006951068e+00 1.401548630622392322e+00 2.856278380656412708e+00 4.987816997439669005e-03
0.000000000000000000e+00 2.110139522177564885e-04 2.948291899282263367e-04 9.404432967544240185e+00 2.713113130912651982e+01 4.253505358757833754e+00 1.653033666093982834e+00
0.000000000000000000e+00 2.110139522177564885e-04 2.948291899282263367e-04 2.951387212022420048e+00 1.922679633317385006e+00 5.467297653727929418e-01 1.092282602763897936e-01
0.000000000000000000e+00 2.110139522177564885e-04 2.948291899282263367e-04 1.244524805599016304e+01 4.328450943235943527e+01 9.620225612231610990e-01 1.092801686515678522e-03
0.000000000000000000e+00 2.110139522177564885e-04 2.948291899282263367e-04 1.641045142110952204e+00 6.061099878888037695e-01 3.086618649697160377e-01 2.201421770093261576e-03
0.000000000000000000e+00 2.110139522177564885e-04 9.632457581951780687e-03 2.783815646960564383e+00 2.140451818041317900e+00 2.121410839790684122e+00 5.016550922191595485e-03
0.000000000000000000e+00 2.110139522177564885e-04 2.948291899282263367e-04 7.002050437320986198e+00 2.295651983258555617e+01 5.752770428076765530e-01 6.118687424630711927e-03
0.000000000000000000e+00 2.110139522177564885e-04 2.948291899282263367e-04 4.042717880187707974e-02 4.031609416350501185e-03 9.891353867860623074e-04 2.433276217459231887e-04
0.000000000000000000e+00 2.110139522177564885e-04 2.948291899282263367e-04 5.041543933418038415e-02 3.829860535013522669e-03 9.993702636559534825e-04 2.451691870160407796e-04
0.000000000000000000e+00 2.110139522177564885e-04 9.632457581951780687e-03 3.724558495498948574e+00 2.693290865362761632e+00 2.250570805522725593e+00 5.080461571219746508e-03
0.000000000000000000e+00 2.110139522177564885e-04 9.632457581951780687e-03 5.922469624488237994e-01 1.884275028591507473e-01 3.532615144955789654e-01 3.634213276832835848e-02
0.000000000000000000e+00 2.110139522177564885e-04 2.948291899282263367e-04 1.670127029317528988e+00 1.759618915675734918e+00 5.213840995685995461e-01 3.410571023223475922e-03
0.000000000000000000e+00 2.110139522177564885e-04 8.171738593466424394e-01 8.140564765098954325e+00 2.440870307692933494e+01 4.378112724918230114e+00 1.609558715617207758e+00
0.000000000000000000e+00 2.110139522177564885e-04 9.632457581951780687e-03 6.929528664422468509e+00 7.128535796046562290e+00 1.043012828451838070e+00 7.181451070268725020e-03
0.000000000000000000e+00 2.110139522177564885e-04 9.632457581951780687e-03 1.946610654797823747e-01 1.790035199778318084e-02 1.522828839827171724e-03 1.271372636389775726e-02
0.000000000000000000e+00 2.110139522177564885e-04 2.948291899282263367e-04 7.002050437320986198e+00 2.168603286635467597e+01 1.685459022320272005e-01 1.415897281166251520e-01
0.000000000000000000e+00 2.110139522177564885e-04 7.773461205887327585e-01 8.245523800077963372e+00 2.495319938847239882e+01 4.440453959509006232e+00 1.609556783243771605e+00
0.000000000000000000e+00 2.110139522177564885e-04 2.948291899282263367e-04 2.867574826937576038e+00 1.922633776639326886e+00 1.076791715701816754e+00 4.245241220457806053e-01
0.000000000000000000e+00 2.110139522177564885e-04 2.948291899282263367e-04 1.153688401150459869e-01 4.480100469103198875e-03 1.215545922992410967e-03 2.927750565721865526e-04
0.000000000000000000e+00 2.110139522177564885e-04 2.948291899282263367e-04 2.909481019479997599e+00 1.995270976833015464e+00 8.118215248120793648e-01 1.092552890198254245e-01
0.000000000000000000e+00 2.110139522177564885e-04 2.948291899282263367e-04 7.002050437320986198e+00 1.048377452788534292e+01 4.577872697808279767e+00 7.979035773522463737e-03
0.000000000000000000e+00 2.110139522177564885e-04 2.948291899282263367e-04 6.423740913248149331e-01 2.031073506796459704e-01 2.660418280122066603e-01 1.207468903425312377e-03
0.000000000000000000e+00 2.110139522177564885e-04 2.948291899282263367e-04 7.002050437320986198e+00 3.399807539055767158e+00 3.054676008861155534e+00 7.116878447863728835e-03
0.000000000000000000e+00 2.110139522177564885e-04 2.948291899282263367e-04 7.002050437320986198e+00 2.077854217618977373e+01 1.929723119483825133e+00 6.115344841715077834e-03
0.000000000000000000e+00 2.110139522177564885e-04 7.773461205887327585e-01 8.350610462098879694e+00 2.440870307692933494e+01 4.502752124765494024e+00 1.631295228779888973e+00
0.000000000000000000e+00 2.110139522177564885e-04 9.632457581951780687e-03 5.100324629590206271e+00 1.721506129572109023e+00 2.745385145362064794e+00 5.956730578237734962e-03
0.000000000000000000e+00 2.110139522177564885e-04 2.948291899282263367e-04 5.100248830484790830e+00 3.413405516451366584e+00 3.918514460688020229e+00 3.426862509717070737e-01
0.000000000000000000e+00 2.110139522177564885e-04 2.948291899282263367e-04 2.087461452392946892e+00 1.640264392539497296e+00 1.164655724819298355e+00 3.459183162545532812e-03
0.000000000000000000e+00 2.110139522177564885e-04 2.948291899282263367e-04 1.244524805599016304e+01 4.582548336482116724e+01 6.576552772708056382e-01 1.092801686515678522e-03
0.000000000000000000e+00 2.110139522177564885e-04 2.948291899282263367e-04 1.162199035205483844e+00 4.028607881349471898e-01 4.257346712828024016e-01 5.184721894823220156e-02
0.000000000000000000e+00 2.110139522177564885e-04 2.948291899282263367e-04 1.244524805599016304e+01 4.727746846908502931e+01 4.402506241387760810e-01 8.913350253510659085e-04
0.000000000000000000e+00 2.110139522177564885e-04 2.948291899282263367e-04 1.156217516699837994e-01 1.524828124451041780e-02 5.408521408845973211e-02 3.554782541688216780e-04
0.000000000000000000e+00 2.110139522177564885e-04 2.948291899282263367e-04 2.227964007577586170e+00 9.836345571710994884e-01 3.686636039350379423e-01 2.746045194578721534e-03
0.000000000000000000e+00 2.110139522177564885e-04 2.948291899282263367e-04 6.929102816482139104e+00 1.149046256775806363e+01 5.122781176034308714e+00 8.025013633020947404e-03
0.000000000000000000e+00 2.110139522177564885e-04 2.948291899282263367e-04 1.191981474588557788e+01 4.201402205412076540e+01 1.201162234995732270e+00 2.262791045507099585e-02
0.000000000000000000e+00 2.110139522177564885e-04 2.948291899282263367e-04 2.867574826937576038e+00 1.995247741971019506e+00 1.806078767102061722e+00 4.228877860063129900e-03
0.000000000000000000e+00 2.110139522177564885e-04 2.948291899282263367e-04 2.225638822126354763e-02 3.839045578693846012e-03 9.685056823984724032e-04 2.395942883845946436e-04
0.000000000000000000e+00 2.110139522177564885e-04 9.632457581951780687e-03 6.711686768427390426e+00 2.386394180164669621e+01 5.734790305152484891e+00 1.464627299082372491e-01
0.000000000000000000e+00 2.110139522177564885e-04 2.948291899282263367e-04 7.002050437320986198e+00 2.622348631717920853e+01 1.462965427480421798e+00 6.514274237522169053e-02
0.000000000000000000e+00 2.110139522177564885e-04 2.948291899282263367e-04 3.774536258242167541e+00 2.781654785175856848e+00 2.374354586493945707e+00 1.499956310221067790e-01
0.000000000000000000e+00 2.110139522177564885e-04 2.948291899282263367e-04 1.244524805599016304e+01 4.509949081268923976e+01 7.446184766952858025e-01 1.092801686515678522e-03
0.000000000000000000e+00 9.538800276441742818e-03 9.642958196985096722e-03 6.857005184769278117e+00 3.057944162997077342e+01 5.543408082418804561e+00 2.647063304648932802e-01
0.000000000000000000e+00 2.110139522177564885e-04 2.948291899282263367e-04 7.819836093960344514e-02 3.903066139673057149e-03 1.033276737316281800e-02 2.868212366135504594e-04
0.000000000000000000e+00 2.110139522177564885e-04 2.948291899282263367e-04 6.856822506657600513e+00 1.182601076737678447e+01 5.304360335667919202e+00 8.035530461073863914e-03
0.000000000000000000e+00 2.110139522177564885e-04 9.632457581951780687e-03 5.040622619097165469e+00 1.809853459733302472e+00 3.116495900241566641e+00 5.822212667311156276e-01
0.000000000000000000e+00 2.110139522177564885e-04 2.948291899282263367e-04 1.613446397016884859e+01 3.384650964443865462e+01 1.831582114716310938e+00 1.092801686515678522e-03
0.000000000000000000e+00 2.110139522177564885e-04 2.948291899282263367e-04 1.244524805599016304e+01 3.130563232218264247e+01 3.142043439176545050e+00 1.092801686515678522e-03
0.000000000000000000e+00 2.110139522177564885e-04 2.948291899282263367e-04 7.002050437320986198e+00 6.984476953724107595e+00 3.224128208485248503e+00 7.875340695729756563e-03
0.000000000000000000e+00 2.110139522177564885e-04 9.632457581951780687e-03 3.018029587062984742e-01 2.072458765521906568e-02 1.824872109017326802e-03 4.295064437089658000e-04
0.000000000000000000e+00 2.110139522177564885e-04 2.948291899282263367e-04 7.002050437320986198e+00 1.878206265782697670e+01 2.056939091307259937e-01 7.418139276848493592e-03
0.000000000000000000e+00 2.110139522177564885e-04 2.948291899282263367e-04 7.002050437320986198e+00 1.787288000588966241e+01 3.714232386770111027e-01 7.400916501491892723e-03
0.000000000000000000e+00 2.110139522177564885e-04 2.948291899282263367e-04 1.234016139396924672e+01 4.274001691570459371e+01 1.048982621593174347e+00 1.092801686515678522e-03
0.000000000000000000e+00 2.110139522177564885e-04 9.632457581951780687e-03 6.784300733759083712e+00 2.368246776260104625e+01 4.593073265146074391e+00 2.022257124743747081e+00
0.000000000000000000e+00 2.110139522177564885e-04 2.948291899282263367e-04 2.054134415160812355e-01 1.790035199778318084e-02 2.623070519111036364e-02 3.640255868294906254e-04
0.000000000000000000e+00 2.110139522177564885e-04 9.632457581951780687e-03 1.210226067716854814e+00 7.736385916421911757e-01 1.754887377111619573e+00 3.410571023223475922e-03
0.000000000000000000e+00 2.110139522177564885e-04 2.948291899282263367e-04 7.002050437320986198e+00 2.440850493684941114e+01 2.101867610703497924e+00 8.379381906805945246e-02
0.000000000000000000e+00 2.110139522177564885e-04 2.948291899282263367e-04 1.613446397016884859e+01 4.782186627297825510e+01 1.575996905976833062e-01 1.092801686515678522e-03
0.000000000000000000e+00 2.110139522177564885e-04 1.893546543293971388e-02 6.784391219437585718e+00 2.331949438995339463e+01 4.489239678327909822e+00 1.926063457467192652e+00
0.000000000000000000e+00 2.110139522177564885e-04 2.948291899282263367e-04 9.046557564750559166e-01 8.321500571829647253e-02 3.916437652481655762e-01 1.225372264591640011e-03
0.000000000000000000e+00 2.110139522177564885e-04 2.948291899282263367e-04 1.156217516699837994e-01 4.480100469103198875e-03 4.350686350925263984e-02 3.004757041738715826e-04
0.000000000000000000e+00 2.110139522177564885e-04 2.948291899282263367e-04 7.002050437320986198e+00 3.094243790603672650e+01 5.639615733917865192e+00 3.704512222671791921e-01
0.000000000000000000e+00 2.110139522177564885e-04 2.948291899282263367e-04 6.856822506657600513e+00 2.386396590063402101e+01 1.997932610482103799e+00 4.702043824072256115e-03
0.000000000000000000e+00 2.110139522177564885e-04 2.948291899282263367e-04 7.002050437320986198e+00 1.132269795919495614e+01 4.578286761935359550e+00 8.008509313808729463e-03
0.000000000000000000e+00 2.110139522177564885e-04 8.171738593466424394e-01 8.140564765098954325e+00 2.440870307692933494e+01 4.378112724918230114e+00 1.609558715617207758e+00
0.000000000000000000e+00 2.110139522177564885e-04 9.632457581951780687e-03 6.929528664422468509e+00 2.331951610865152347e+01 4.074039816685262494e+00 6.514149672907657007e-02
0.000000000000000000e+00 2.110139522177564885e-04 2.948291899282263367e-04 5.159950840977832520e+00 3.413425245670556496e+00 3.342366152396812673e+00 7.087598862722926593e-03
0.000000000000000000e+00 2.110139522177564885e-04 2.948291899282263367e-04 7.002050437320986198e+00 1.896356079585995502e+01 3.717615855781651879e-01 7.426229599621183772e-03
0.000000000000000000e+00 2.110139522177564885e-04 2.948291899282263367e-04 9.404432967544240185e+00 2.876461455142336021e+01 6.505351320905842449e+00 2.262791045507099585e-02
0.000000000000000000e+00 2.110139522177564885e-04 2.948291899282263367e-04 5.040546819991748251e+00 8.856971016427891641e+00 5.121219848400664354e+00 1.894506870206410509e-01
0.000000000000000000e+00 2.110139522177564885e-04 2.948291899282263367e-04 5.040546819991748251e+00 3.413385033860475648e+00 2.910014982961350860e+00 6.041590212770175938e-03
0.000000000000000000e+00 2.110139522177564885e-04 2.948291899282263367e-04 1.244524805599016304e+01 4.546248708875521771e+01 7.011369884455889157e-01 1.092801686515678522e-03
0.000000000000000000e+00 2.110139522177564885e-04 2.948291899282263367e-04 5.100248830484790830e+00 2.782885544325875760e+00 2.127341529742392989e+00 5.966551867965602662e-03
0.000000000000000000e+00 2.110139522177564885e-04 2.948291899282263367e-04 1.670127029317528988e+00 1.024513532271315253e+00 4.879775274765152937e-01 2.746045194578721534e-03
0.000000000000000000e+00 2.110139522177564885e-04 2.948291899282263367e-04 7.002050437320986198e+00 6.984476953724107595e+00 3.391912894747166618e+00 7.883540351985938305e-03
0.000000000000000000e+00 2.110139522177564885e-04 2.948291899282263367e-04 6.856822506657600513e+00 1.182601076737678447e+01 3.126382679272135423e+00 7.966550206084676428e-03
0.000000000000000000e+00 2.110139522177564885e-04 9.632457581951780687e-03 3.724558495498948574e+00 2.693290865362761632e+00 2.374274390482560282e+00 5.089239682230772485e-03
0.000000000000000000e+00 2.110139522177564885e-04 2.948291899282263367e-04 7.002050437320986198e+00 7.128535796046562290e+00 2.888644377332972635e+00 7.867033153448976454e-03
0.000000000000000000e+00 2.110139522177564885e-04 2.948291899282263367e-04 6.929436471989293800e+00 6.984459715142252278e+00 4.395041612719018609e+00 7.907496092899779852e-03
0.000000000000000000e+00 2.110139522177564885e-04 9.632457581951780687e-03 2.894490205306567976e-01 7.765652290162598781e-02 1.025067043734977645e-01 5.275788430121546675e-04
0.000000000000000000e+00 2.110139522177564885e-04 2.948291899282263367e-04 5.159950840977832520e+00 8.568908456445770483e+00 4.939721710367686924e+00 7.945302244318526788e-03
0.000000000000000000e+00 2.110139522177564885e-04 2.948291899282263367e-04 5.159950840977832520e+00 8.568908456445770483e+00 4.758223572334699725e+00 7.937951186603606213e-03
0.000000000000000000e+00 2.110139522177564885e-04 2.948291899282263367e-04 3.112417095088914828e-02 4.020440140089575481e-03 9.788473223678879464e-04 2.414694001053035045e-04
0.000000000000000000e+00 2.110139522177564885e-04 2.948291899282263367e-04 1.670127029317528988e+00 1.024513532271315253e+00 7.006345402522259902e-02 2.214312990852456905e-03
0.000000000000000000e+00 2.110139522177564885e-04 9.632457581951780687e-03 5.100324629590206271e+00 3.413425245670556496e+00 7.671348348395807815e-01 1.499855095015994733e-01
0.000000000000000000e+00 2.110139522177564885e-04 2.948291899282263367e-04 1.234193880780603436e+00 7.321279202838253397e-01 3.586239634337006765e-01 2.194894494101930129e-03
0.000000000000000000e+00 2.110139522177564885e-04 2.948291899282263367e-04 3.141412120255282492e-01 4.922983703550264101e-02 1.870433015797393029e-03 4.341546898963248189e-04
0.000000000000000000e+00 2.110139522177564885e-04 2.948291899282263367e-04 7.002050437320986198e+00 2.350101424668449823e+01 2.309352679558590360e+00 3.631674039020202967e-03
0.000000000000000000e+00 2.110139522177564885e-04 2.948291899282263367e-04 2.225638822126354763e-02 4.009061439709705674e-03 9.685056823984724032e-04 2.395942883845946436e-04
0.000000000000000000e+00 2.110139522177564885e-04 2.948291899282263367e-04 2.951387212022420048e+00 1.922679633317385006e+00 1.932740861204107763e-01 9.181517918675628775e-02
0.000000000000000000e+00 2.110139522177564885e-04 2.948291899282263367e-04 1.060658322640580520e-01 4.469328322642981619e-03 1.204325591441321062e-03 2.908077860167684056e-04
0.000000000000000000e+00 2.110139522177564885e-04 2.948291899282263367e-04 5.159950840977832520e+00 5.255176037530142175e+00 4.061604491327891253e+00 1.749749402947869681e-01
0.000000000000000000e+00 2.110139522177564885e-04 9.632457581951780687e-03 8.648533008436580793e-01 1.551965373333384079e-01 1.788987547114420373e-01 1.211999925202578892e-03
0.000000000000000000e+00 2.110139522177564885e-04 2.948291899282263367e-04 4.973018665286501466e-02 3.999562896212061937e-03 9.993702636559534825e-04 2.451691870160407796e-04
0.000000000000000000e+00 2.110139522177564885e-04 2.948291899282263367e-04 3.724494961868042076e+00 2.781630869734462941e+00 1.071175092051971811e+00 5.007063702077640781e-03
0.000000000000000000e+00 2.110139522177564885e-04 2.948291899282263367e-04 5.159950840977832520e+00 3.098165259607804423e+00 4.062397618344674832e+00 7.107226826706938491e-03
0.000000000000000000e+00 2.110139522177564885e-04 2.948291899282263367e-04 1.670127029317528988e+00 1.759618915675734918e+00 3.761561689052136392e-01 2.788881257295960144e-03
0.000000000000000000e+00 2.110139522177564885e-04 2.948291899282263367e-04 1.613446397016884859e+01 3.003504874574603889e+01 2.971067696110579082e+00 2.262791045507099585e-02
0.000000000000000000e+00 2.110139522177564885e-04 9.632457581951780687e-03 6.784300733759083712e+00 2.350096962456806082e+01 4.489239678327909822e+00 2.022257781315896619e+00
0.000000000000000000e+00 2.110139522177564885e-04 9.632457581951780687e-03 1.234029481451751131e+01 4.981844240154676839e+01 1.793418427021709616e-01 1.092801686515678522e-03
0.000000000000000000e+00 2.110139522177564885e-04 2.948291899282263367e-04 1.223507473194833040e+01 4.945544893843291590e+01 2.663099037935537927e-01 1.092801686515678522e-03
0.000000000000000000e+00 2.110139522177564885e-04 9.632457581951780687e-03 1.948053904546860893e-01 5.488576036976485460e-03 1.510241963192741335e-03 1.271158056575331582e-02
0.000000000000000000e+00 2.110139522177564885e-04 2.948291899282263367e-04 2.192838368781426350e+00 1.341824373519153291e+00 7.391204595463484184e-01 3.418852622550809517e-03
0.000000000000000000e+00 2.110139522177564885e-04 9.632457581951780687e-03 5.100324629590206271e+00 2.803819586031784894e+01 6.272674689517976354e+00 1.783463521905120919e+00
0.000000000000000000e+00 2.110139522177564885e-04 2.948291899282263367e-04 7.002050437320986198e+00 2.313801797061853449e+01 1.582652366947352895e+00 4.699068076901147598e-03
0.000000000000000000e+00 2.110139522177564885e-04 2.948291899282263367e-04 5.159950840977832520e+00 2.782905273545065228e+00 2.251122572090046958e+00 1.500447397637436064e-01
0.000000000000000000e+00 2.110139522177564885e-04 2.948291899282263367e-04 6.929436471989293800e+00 1.165824725401998130e+01 4.396869645503005408e+00 1.885939807794970724e-01
0.000000000000000000e+00 2.110139522177564885e-04 2.948291899282263367e-04 5.024778515813057428e-02 3.788028046194055667e-03 9.993702636559534825e-04 2.451691870160407796e-04
0.000000000000000000e+00 2.110139522177564885e-04 9.632457581951780687e-03 1.948540356374741656e-01 7.967004287599137313e-02 1.608101095630513552e-02 4.295064437089658000e-04
0.000000000000000000e+00 2.110139522177564885e-04 2.948291899282263367e-04 5.100248830484790830e+00 3.413405516451366584e+00 4.062573303010474035e+00 3.426957949609944487e-01
0.000000000000000000e+00 2.110139522177564885e-04 2.948291899282263367e-04 7.767750813112740682e-02 3.818866044221966120e-03 1.033276737316281800e-02 2.868212366135504594e-04
0.000000000000000000e+00 2.110139522177564885e-04 2.948291899282263367e-04 1.156217516699837994e-01 4.626223864846702553e-03 1.215545922992410967e-03 2.927750565721865526e-04
0.000000000000000000e+00 2.110139522177564885e-04 2.948291899282263367e-04 1.062334864401078827e-01 4.664496637787876945e-03 1.204325591441321062e-03 2.908077860167684056e-04
0.000000000000000000e+00 2.110139522177564885e-04 2.948291899282263367e-04 5.033113146031586299e-02 3.077335882560323053e-03 9.993702636559534825e-04 2.451691870160407796e-04
0.000000000000000000e+00 2.110139522177564885e-04 2.948291899282263367e-04 4.976848457816360899e-02 3.266544352105020185e-03 9.948877526867220492e-04 2.451691870160407796e-04
0.000000000000000000e+00 2.110139522177564885e-04 2.948291899282263367e-04 2.054134415160812355e-01 1.790035199778318084e-02 1.387676701546869569e-02 3.619158537072368273e-04
0.000000000000000000e+00 2.110139522177564885e-04 2.948291899282263367e-04 1.155790050744989889e-01 1.519905326141175739e-02 1.221067105634453601e-03 2.947252779117725554e-04
0.000000000000000000e+00 2.110139522177564885e-04 2.948291899282263367e-04 5.100248830484790830e+00 3.518492178472283349e+00 2.910189625429440152e+00 1.748420244102938115e-01
0.000000000000000000e+00 2.110139522177564885e-04 2.948291899282263367e-04 1.234016139396924672e+01 3.185012863372569925e+01 3.085052347298741449e+00 1.092801686515678522e-03
0.000000000000000000e+00 2.110139522177564885e-04 2.948291899282263367e-04 1.588705680024918010e+01 2.985357590972860109e+01 3.085052347298741449e+00 1.092801686515678522e-03
0.000000000000000000e+00 2.110139522177564885e-04 2.948291899282263367e-04 1.601076038520901079e+01 3.366502460460972657e+01 1.875057670198879700e+00 1.092801686515678522e-03
0.000000000000000000e+00 2.110139522177564885e-04 2.948291899282263367e-04 4.479375711295799367e-01 1.246801398623862689e-01 1.421999816683510720e-01 7.925673733224438029e-04
0.000000000000000000e+00 2.110139522177564885e-04 2.948291899282263367e-04 7.002050437320986198e+00 2.168603286635467597e+01 1.387959471659991006e+00 6.117048878813876635e-03
0.000000000000000000e+00 2.110139522177564885e-04 2.948291899282263367e-04 7.824015501327966082e-02 3.777122923164252452e-03 1.029759522174994533e-03 2.505961851431170485e-04
0.000000000000000000e+00 2.110139522177564885e-04 2.948291899282263367e-04 7.002050437320986198e+00 2.259352355651959243e+01 1.930108770882706493e+00 4.696119032456944585e-03
0.000000000000000000e+00 2.110139522177564885e-04 9.632457581951780687e-03 1.948540356374741656e-01 1.790035199778318084e-02 2.623070519111036364e-02 3.640255868294906254e-04
0.000000000000000000e+00 2.110139522177564885e-04 9.632457581951780687e-03 6.929528664422468509e+00 2.114153845225574102e+01 2.063705436453784903e-01 6.092222079389997616e-03
0.000000000000000000e+00 2.110139522177564885e-04 2.948291899282263367e-04 7.002050437320986198e+00 2.059704403815679541e+01 2.062220058741000284e-01 1.734677392877097823e-01
0.000000000000000000e+00 2.110139522177564885e-04 2.948291899282263367e-04 5.963413931130380485e-02 3.674286289992468538e-03 1.005009207917025461e-03 2.469943230828653660e-04
0.000000000000000000e+00 2.110139522177564885e-04 2.948291899282263367e-04 4.098632953565170545e-02 4.031609416350501185e-03 9.891353867860623074e-04 2.433276217459231887e-04
0.000000000000000000e+00 2.110139522177564885e-04 2.948291899282263367e-04 4.957957418394672716e-02 2.930624688450954394e-03 9.993702636559534825e-04 2.451691870160407796e-04
0.000000000000000000e+00 2.110139522177564885e-04 2.948291899282263367e-04 2.227964007577586170e+00 1.777280237610037172e+00 6.666643701501246966e-01 3.435199114746509061e-03
0.000000000000000000e+00 2.110139522177564885e-04 2.948291899282263367e-04 7.002050437320986198e+00 2.459000307488238946e+01 2.205699039858058264e+00 8.379385423315022230e-02
0.000000000000000000e+00 2.110139522177564885e-04 2.948291899282263367e-04 5.980370456405630086e-02 4.053337044326792843e-03 1.009552332408318251e-03 2.469943230828653660e-04
0.000000000000000000e+00 2.110139522177564885e-04 9.632457581951780687e-03 8.648533008436580793e-01 1.791948191917112909e-01 2.863590713506147245e-01 1.225372264591640011e-03
0.000000000000000000e+00 2.110139522177564885e-04 2.948291899282263367e-04 6.929436471989293800e+00 2.259350183782146360e+01 4.396776802945197016e-01 6.111739523458334551e-03
0.000000000000000000e+00 2.110139522177564885e-04 9.632457581951780687e-03 1.948540356374741656e-01 1.790035199778318084e-02 1.387676701546869569e-02 3.619158537072368273e-04
0.000000000000000000e+00 2.110139522177564885e-04 2.948291899282263367e-04 2.909481019479997599e+00 3.134956209063519683e+00 1.071106573994310640e+00 1.287010708379777157e-01
0.000000000000000000e+00 2.110139522177564885e-04 2.948291899282263367e-04 7.002050437320986198e+00 1.878206265782697670e+01 7.037316209847283011e-01 1.734427160916846289e-01
0.000000000000000000e+00 2.110139522177564885e-04 2.948291899282263367e-04 1.063187438189958645e-01 4.045887836304037921e-03 1.204325591441321062e-03 2.908077860167684056e-04
0.000000000000000000e+00 2.110139522177564885e-04 2.948291899282263367e-04 4.973018665286501466e-02 3.788028046194055667e-03 9.993702636559534825e-04 2.451691870160407796e-04
0.000000000000000000e+00 2.110139522177564885e-04 9.632457581951780687e-03 6.711686768427390426e+00 2.386394180164669621e+01 4.385459885761749277e+00 1.274601228513245477e-01
0.000000000000000000e+00 2.110139522177564885e-04 2.948291899282263367e-04 1.601076038520901079e+01 3.257603577641184245e+01 1.987684495514934202e+00 6.610592519656305344e-02
0.000000000000000000e+00 2.110139522177564885e-04 2.948291899282263367e-04 7.002050437320986198e+00 2.168603286635467597e+01 3.040362988351314466e-01 2.770823597188272203e-01
0.000000000000000000e+00 2.110139522177564885e-04 2.948291899282263367e-04 6.929436471989293800e+00 2.168601114765656135e+01 3.301673829314679537e-02 1.415850561052379442e-01
0.000000000000000000e+00 2.110139522177564885e-04 2.948291899282263367e-04 2.170781545936868381e-02 3.631916174566938819e-03 9.642056419042631301e-04 2.395942883845946436e-04
0.000000000000000000e+00 2.110139522177564885e-04 2.948291899282263367e-04 2.909481019479997599e+00 1.921294985977395564e+00 5.466691500986308183e-01 3.474820010320691342e-03
0.000000000000000000e+00 2.110139522177564885e-04 2.948291899282263367e-04 2.182116309990121683e-02 3.510580348095151786e-03 9.685056823984724032e-04 2.395942883845946436e-04
0.000000000000000000e+00 2.110139522177564885e-04 2.948291899282263367e-04 5.100248830484790830e+00 3.518492178472283349e+00 3.342366152396812673e+00 1.748722851246485854e-01
0.000000000000000000e+00 2.110139522177564885e-04 2.948291899282263367e-04 1.154103923435550599e-01 1.505292986566825371e-02 1.179953840692415067e-02 2.966586583774235338e-04
0.000000000000000000e+00 2.110139522177564885e-04 2.948291899282263367e-04 5.159950840977832520e+00 2.782905273545065228e+00 2.251122572090046958e+00 5.985897441286278792e-03
0.000000000000000000e+00 2.110139522177564885e-04 2.948291899282263367e-04 7.756338669769524685e-02 4.074277540307133516e-03 1.029759522174994533e-03 2.505961851431170485e-04
0.000000000000000000e+00 2.110139522177564885e-04 2.948291899282263367e-04 9.676282441307010318e-02 4.506710182783789549e-03 1.193047644123033588e-03 2.888232524900767074e-04
0.000000000000000000e+00 2.110139522177564885e-04 2.948291899282263367e-04 7.002050437320986198e+00 1.896356079585995502e+01 3.717615855781651879e-01 7.426229599621183772e-03
0.000000000000000000e+00 2.110139522177564885e-04 2.948291899282263367e-04 6.929436471989293800e+00 2.368249066601935482e+01 1.894125920789938355e+00 4.701667518679243304e-03
0.000000000000000000e+00 2.110139522177564885e-04 9.632457581951780687e-03 1.842325610581210249e-01 5.477356313927860335e-03 1.497591008787294399e-03 3.554782541688216780e-04
0.000000000000000000e+00 2.110139522177564885e-04 2.948291899282263367e-04 9.046557564750559166e-01 5.921672385992302751e-02 2.951495585745568806e-01 1.216493972168535692e-03
0.000000000000000000e+00 2.110139522177564885e-04 2.948291899282263367e-04 5.040546819991748251e+00 2.840112268543241569e+01 5.791703763314223430e+00 1.426206078724832516e+00
0.000000000000000000e+00 2.110139522177564885e-04 2.948291899282263367e-04 5.159950840977832520e+00 3.203251921628721632e+00 3.054073825283808219e+00 6.050535079543403229e-03
0.000000000000000000e+00 2.110139522177564885e-04 2.948291899282263367e-04 9.046557564750559166e-01 1.122016014317617043e-02 1.475205995802579273e-01 9.843940543840250419e-04
0.000000000000000000e+00 2.110139522177564885e-04 2.948291899282263367e-04 4.336849464394381681e-01 4.108736037355013859e-02 1.025550312910665507e-01 2.055137732842297546e-02
0.000000000000000000e+00 2.110139522177564885e-04 2.948291899282263367e-04 6.910671241504423579e-02 3.562241275496549030e-03 1.019681964196070354e-03 2.488032508368130950e-04
0.000000000000000000e+00 2.110139522177564885e-04 2.948291899282263367e-04 3.674453665493918386e+00 2.339786647766270100e+00 2.016538037000833672e+00 5.035255337757650607e-03
0.000000000000000000e+00 2.110139522177564885e-04 2.948291899282263367e-04 1.670127029317528988e+00 1.024513532271315253e+00 4.282755169834734921e-01 2.738688549433843881e-03
0.000000000000000000e+00 2.110139522177564885e-04 9.632457581951780687e-03 8.846755472729157521e-01 6.135585057370634976e-01 1.744015001536357856e-01 4.340383782733937823e-02
0.000000000000000000e+00 2.110139522177564885e-04 2.948291899282263367e-04 7.840972026603217071e-02 4.074277540307133516e-03 1.033276737316281800e-02 2.868212366135504594e-04
0.000000000000000000e+00 2.110139522177564885e-04 2.948291899282263367e-04 5.903319450385294265e-02 4.053337044326792843e-03 1.005009207917025461e-03 2.469943230828653660e-04
0.000000000000000000e+00 2.110139522177564885e-04 9.632457581951780687e-03 6.929528664422468509e+00 2.114153845225574102e+01 2.063705436453784903e-01 6.092222079389997616e-03
0.000000000000000000e+00 2.110139522177564885e-04 9.632457581951780687e-03 1.948540356374741656e-01 1.790035199778318084e-02 1.522828839827171724e-03 1.271372636389775726e-02
0.000000000000000000e+00 2.110139522177564885e-04 9.632457581951780687e-03 6.929528664422468509e+00 7.128535796046562290e+00 2.040893971422336750e-01 7.135859245665948994e-03
0.000000000000000000e+00 2.110139522177564885e-04 2.948291899282263367e-04 7.001716781813832391e+00 2.894595838767392948e+01 3.505668959674250296e+00 7.248961124656742028e-01
0.000000000000000000e+00 2.110139522177564885e-04 2.948291899282263367e-04 7.002050437320986198e+00 1.878206265782697670e+01 3.968133851273039636e-02 1.734265348898860193e-01
0.000000000000000000e+00 2.110139522177564885e-04 2.948291899282263367e-04 1.601076038520901079e+01 2.985356370591710373e+01 3.056556683783539619e+00 1.092801686515678522e-03
0.000000000000000000e+00 2.110139522177564885e-04 2.948291899282263367e-04 1.233053786490533044e-02 3.187684701667722279e-03 9.538710565126549230e-04 2.377020460513788378e-04
0.000000000000000000e+00 2.110139522177564885e-04 2.948291899282263367e-04 1.613446397016884859e+01 4.491789606445054517e+01 5.054675378160325971e-01 1.092801686515678522e-03
0.000000000000000000e+00 2.110139522177564885e-04 2.948291899282263367e-04 9.672151542549119185e-02 4.653338783018354935e-03 1.193047644123033588e-03 2.888232524900767074e-04
0.000000000000000000e+00 2.110139522177564885e-04 2.948291899282263367e-04 1.154521864172312756e-01 4.336358308847204114e-03 1.215545922992410967e-03 2.927750565721865526e-04
0.000000000000000000e+00 2.110139522177564885e-04 1.894404389369468492e-02 6.784056700208391355e+00 2.331949438995339463e+01 4.385432988635749041e+00 1.974160916506579655e+00
0.000000000000000000e+00 2.110139522177564885e-04 9.632457581951780687e-03 4.337030419138188098e-01 2.481004900363990295e-01 1.474774022548970276e-01 9.765457246796063577e-04
0.000000000000000000e+00 2.110139522177564885e-04 9.632457581951780687e-03 1.842325610581210249e-01 5.535153773280689603e-03 1.497591008787294399e-03 3.554782541688216780e-04
0.000000000000000000e+00 2.110139522177564885e-04 2.948291899282263367e-04 7.002050437320986198e+00 3.529839321882829495e+01 3.142043439176545050e+00 1.092801686515678522e-03
0.000000000000000000e+00 2.110139522177564885e-04 2.948291899282263367e-04 7.824015501327966082e-02 3.295296845278225528e-03 1.029759522174994533e-03 2.505961851431170485e-04
0.000000000000000000e+00 9.538800276441742818e-03 3.313257082961330521e-04 6.929528664422468509e+00 2.495299935094835675e+01 4.697108152013792726e+00 1.424383673664019412e+00
0.000000000000000000e+00 2.110139522177564885e-04 9.632457581951780687e-03 6.856914699090776111e+00 2.422698508011830398e+01 4.489371073286971381e+00 1.464666697618919877e-01
0.000000000000000000e+00 2.110139522177564885e-04 2.948291899282263367e-04 2.157712729985266531e+00 7.243468399446496564e-01 1.537384863797191858e+00 3.435199114746509061e-03
0.000000000000000000e+00 2.110139522177564885e-04 9.632457581951780687e-03 1.945191927575339597e-01 7.967004287599137313e-02 1.608101095630513552e-02 4.295064437089658000e-04
0.000000000000000000e+00 2.110139522177564885e-04 2.948291899282263367e-04 6.423740913248149331e-01 8.888380688835968713e-02 2.746422927651002294e-02 7.857650720582636623e-04
0.000000000000000000e+00 2.110139522177564885e-04 9.632457581951780687e-03 1.210226067716854814e+00 8.159403053686695717e-01 5.845538309909099894e-02 1.817378787922046320e-03
0.000000000000000000e+00 2.110139522177564885e-04 9.632457581951780687e-03 1.186117370683526184e+00 4.731475701660723954e-01 2.163419967998568005e-01 1.800122742865291770e-03
0.000000000000000000e+00 2.110139522177564885e-04 2.948291899282263367e-04 7.002050437320986198e+00 7.128535796046562290e+00 1.043012828451838070e+00 7.181451070268725020e-03
0.000000000000000000e+00 2.110139522177564885e-04 2.948291899282263367e-04 2.159680127722263948e-02 3.430936122207172648e-03 9.685056823984724032e-04 2.395942883845946436e-04
0.000000000000000000e+00 2.110139522177564885e-04 2.948291899282263367e-04 6.929436471989293800e+00 1.860054280109586600e+01 2.055821574533269747e-01 7.409702330261456853e-03
0.000000000000000000e+00 2.110139522177564885e-04 9.632457581951780687e-03 1.948053904546860893e-01 7.967004287599137313e-02 1.828386266163348293e-03 4.271530089748412098e-04
0.000000000000000000e+00 2.110139522177564885e-04 9.632457581951780687e-03 1.948540356374741656e-01 5.546413822141509423e-03 6.327286724294596543e-02 4.247797594009869926e-04
0.000000000000000000e+00 2.110139522177564885e-04 2.948291899282263367e-04 1.613446397016884859e+01 4.836636068707719005e+01 9.237290655050132970e-02 1.092801686515678522e-03
0.000000000000000000e+00 2.110139522177564885e-04 2.948291899282263367e-04 4.046547672717568100e-02 3.180287329367041411e-03 9.891353867860623074e-04 2.433276217459231887e-04
0.000000000000000000e+00 2.110139522177564885e-04 2.948291899282263367e-04 7.002050437320986198e+00 2.313801797061853449e+01 1.582496095098118394e+00 4.699068076901147598e-03
0.000000000000000000e+00 2.110139522177564885e-04 2.948291899282263367e-04 7.002050437320986198e+00 2.168603286635467597e+01 1.929921058072420648e+00 1.416136086204469458e-01
0.000000000000000000e+00 2.110139522177564885e-04 9.632457581951780687e-03 6.784300733759083712e+00 2.495295472883191579e+01 4.385639523393477290e+00 9.836864510083995206e-02
0.000000000000000000e+00 2.110139522177564885e-04 2.948291899282263367e-04 1.244524805599016304e+01 4.582548336482116724e+01 6.359174840869967760e-01 2.262791045507099585e-02
0.000000000000000000e+00 2.110139522177564885e-04 2.948291899282263367e-04 1.234016139396924672e+01 4.546248898619932532e+01 7.228777604587658390e-01 1.092801686515678522e-03
0.000000000000000000e+00 2.110139522177564885e-04 2.948291899282263367e-04 1.244524805599016304e+01 4.401050198449136275e+01 8.750616002383450054e-01 1.092801686515678522e-03
0.000000000000000000e+00 2.110139522177564885e-04 2.948291899282263367e-04 1.244524805599016304e+01 4.328450943235943527e+01 9.620225612231610990e-01 1.092801686515678522e-03
0.000000000000000000e+00 2.110139522177564885e-04 2.948291899282263367e-04 1.244524805599016304e+01 4.292151315629346442e+01 1.005502704175444073e+00 1.092801686515678522e-03
0.000000000000000000e+00 2.110139522177564885e-04 2.948291899282263367e-04 6.256579739715540933e-01 1.286988449080276320e-01 1.714756841132704102e-01 9.804859389871769821e-04
0.000000000000000000e+00 2.110139522177564885e-04 2.948291899282263367e-04 6.089418566182930315e-01 8.876417034188316402e-02 1.954083424051227813e-01 2.480084616170961931e-02
0.000000000000000000e+00 2.110139522177564885e-04 2.948291899282263367e-04 9.316069047731144082e+00 2.694962273715691836e+01 4.128844782067094599e+00 1.761725125964205496e+00
0.000000000000000000e+00 2.110139522177564885e-04 2.948291899282263367e-04 6.906396581955943914e-02 3.522010405930306193e-03 1.019681964196070354e-03 2.488032508368130950e-04
0.000000000000000000e+00 2.110139522177564885e-04 2.948291899282263367e-04 7.002050437320986198e+00 6.840418111401648460e+00 2.385118664686344481e+00 7.823862526787931856e-03
0.000000000000000000e+00 2.110139522177564885e-04 2.948291899282263367e-04 5.159950840977832520e+00 5.378879622489973755e+00 5.068407433278405705e+00 3.708377351163187896e-01
0.000000000000000000e+00 2.110139522177564885e-04 2.948291899282263367e-04 1.601076038520901079e+01 3.493551157084060321e+01 1.701154412642885472e+00 2.262791045507099585e-02
0.000000000000000000e+00 2.110139522177564885e-04 2.948291899282263367e-04 1.613446397016884859e+01 3.402800778247164004e+01 1.809844249419161333e+00 1.092801686515678522e-03
0.000000000000000000e+00 2.110139522177564885e-04 2.948291899282263367e-04 1.248011452161600435e-02 3.264155377995858059e-03 9.581100699938390397e-04 2.377020460513788378e-04
0.000000000000000000e+00 2.110139522177564885e-04 2.948291899282263367e-04 5.100248830484790830e+00 6.885121868803242284e-01 2.331439588613291036e+00 5.016550922191595485e-03
0.000000000000000000e+00 2.110139522177564885e-04 7.773461205887327585e-01 8.350610462098879694e+00 2.440870307692933494e+01 4.502752124765494024e+00 1.631295228779888973e+00
0.000000000000000000e+00 2.110139522177564885e-04 2.948291899282263367e-04 1.601076038520901079e+01 4.818487564724824779e+01 1.358574838434705168e-01 1.092801686515678522e-03
0.000000000000000000e+00 2.110139522177564885e-04 9.632457581951780687e-03 8.844938147670532436e-01 6.135585057370634976e-01 1.744015001536357856e-01 4.340383782733937823e-02
0.000000000000000000e+00 2.110139522177564885e-04 1.483940297891106763e-01 5.986602468581823544e+00 3.275741928636654876e+01 4.496425763756828786e+00 8.901172712619649869e-04
0.000000000000000000e+00 2.110139522177564885e-04 2.948291899282263367e-04 1.156217516699837994e-01 1.524828124451041780e-02 3.294519720005426727e-02 3.004757041738715826e-04
0.000000000000000000e+00 2.110139522177564885e-04 2.948291899282263367e-04 5.159950840977832520e+00 3.413425245670556496e+00 3.198307310074354870e+00 7.077621595838734340e-03
0.000000000000000000e+00 2.110139522177564885e-04 2.948291899282263367e-04 6.423740913248149331e-01 1.087976762673145831e-01 2.659635049723109712e-01 9.882703292727538884e-04
0.000000000000000000e+00 2.110139522177564885e-04 2.948291899282263367e-04 1.631221239298210335e-01 1.527996836781816102e-02 1.259858412751593956e-03 3.004757041738715826e-04
0.000000000000000000e+00 2.110139522177564885e-04 2.948291899282263367e-04 5.159950840977832520e+00 1.809870049385204682e+00 1.176329880887052148e+00 5.025947986417602341e-03
0.000000000000000000e+00 2.110139522177564885e-04 2.948291899282263367e-04 1.155790050744989889e-01 1.519905326141175739e-02 4.351238469189467467e-02 3.532955704160820423e-04
0.000000000000000000e+00 2.110139522177564885e-04 2.948291899282263367e-04 9.404432967544240185e+00 2.676561659541764371e+01 4.191164481990725221e+00 1.232626415529788577e+00
0.000000000000000000e+00 2.110139522177564885e-04 2.948291899282263367e-04 1.670127029317528988e+00 1.024513532271315253e+00 5.476795379695570398e-01 7.536730446227765667e-02
0.000000000000000000e+00 2.110139522177564885e-04 2.948291899282263367e-04 6.929436471989293800e+00 7.272577399787166996e+00 3.669234744136808501e+00 7.891632532813237094e-03
0.000000000000000000e+00 2.110139522177564885e-04 2.948291899282263367e-04 1.154103923435550599e-01 2.562575926223331288e-02 3.295630340736507152e-02 3.532955704160820423e-04
0.000000000000000000e+00 2.110139522177564885e-04 2.948291899282263367e-04 3.824577554616292563e+00 2.428222321214354995e+00 1.176124325688729266e+00 4.997485878142786213e-03
0.000000000000000000e+00 2.110139522177564885e-04 2.948291899282263367e-04 7.840972026603217071e-02 3.412394040428207674e-03 1.033276737316281800e-02 2.868212366135504594e-04
0.000000000000000000e+00 2.110139522177564885e-04 2.948291899282263367e-04 7.002050437320986198e+00 2.168603286635467597e+01 3.040362988351314466e-01 2.770823597188272203e-01
0.000000000000000000e+00 2.110139522177564885e-04 2.948291899282263367e-04 6.929436471989293800e+00 3.094241618733860832e+01 5.639609138203682370e+00 3.921901175304710052e-01
0.000000000000000000e+00 2.110139522177564885e-04 2.948291899282263367e-04 1.156217516699837994e-01 4.675451847945363837e-03 1.215545922992410967e-03 2.927750565721865526e-04
0.000000000000000000e+00 2.110139522177564885e-04 2.948291899282263367e-04 9.046557564750559166e-01 1.122016014317617043e-02 3.241796272890021258e-01 1.211999925202578892e-03
0.000000000000000000e+00 2.110139522177564885e-04 2.948291899282263367e-04 5.100248830484790830e+00 3.413405516451366584e+00 6.433564904448756394e-01 1.287751812660749284e-01
0.000000000000000000e+00 2.110139522177564885e-04 2.948291899282263367e-04 1.641045142110952204e+00 1.580487272672219667e+00 4.485579148388078030e-01 2.767740385269020550e-03
0.000000000000000000e+00 2.110139522177564885e-04 2.948291899282263367e-04 9.139341208104953651e+00 3.203154647085710849e+01 4.423476237838552372e+00 1.092801686515678522e-03
0.000000000000000000e+00 2.110139522177564885e-04 2.948291899282263367e-04 1.613446397016884859e+01 2.930905619361410785e+01 3.085050506559253503e+00 2.262791045507099585e-02
0.000000000000000000e+00 2.110139522177564885e-04 9.632457581951780687e-03 6.929528664422468509e+00 2.749397328341007452e+01 3.306799667682384314e+00 1.141179953271091341e+00
0.000000000000000000e+00 2.110139522177564885e-04 2.948291899282263367e-04 1.191981474588557788e+01 4.201402205412076540e+01 1.222900028179541465e+00 1.092801686515678522e-03
0.000000000000000000e+00 2.110139522177564885e-04 2.948291899282263367e-04 9.316069047731144082e+00 2.676812459912394004e+01 4.128833925223702295e+00 1.783463521905120919e+00
0.000000000000000000e+00 2.110139522177564885e-04 2.948291899282263367e-04 5.100248830484790830e+00 1.721489539920206813e+00 3.240118828634676262e+00 5.985897441286278792e-03
0.000000000000000000e+00 2.110139522177564885e-04 2.948291899282263367e-04 5.963413931130380485e-02 3.124178270009848706e-03 1.009552332408318251e-03 2.469943230828653660e-04
0.000000000000000000e+00 2.110139522177564885e-04 2.948291899282263367e-04 6.893714716229173978e-02 3.209193046146414322e-03 1.015078334240027353e-03 2.488032508368130950e-04
0.000000000000000000e+00 2.110139522177564885e-04 2.948291899282263367e-04 3.104834744275557570e-02 3.208290768164347596e-03 9.788473223678879464e-04 2.414694001053035045e-04
0.000000000000000000e+00 2.110139522177564885e-04 2.948291899282263367e-04 4.479375711295799367e-01 2.430467499888700270e-02 6.912279658454480169e-02 6.315296495871500519e-04
0.000000000000000000e+00 2.110139522177564885e-04 2.948291899282263367e-04 8.962613368478761444e+00 3.185001978737208006e+01 4.496425763756828786e+00 8.901172712619649869e-04
0.000000000000000000e+00 2.110139522177564885e-04 2.948291899282263367e-04 7.002050437320986198e+00 2.622348631717920853e+01 1.462965427480421798e+00 2.823042451591211907e-03
0.000000000000000000e+00 2.110139522177564885e-04 2.948291899282263367e-04 1.670127029317528988e+00 1.759618915675734918e+00 4.487701342369065927e-01 3.402216636359461661e-03
0.000000000000000000e+00 2.110139522177564885e-04 2.948291899282263367e-04 1.601076038520901079e+01 3.293903205247779908e+01 1.962008079136121186e+00 1.092801686515678522e-03
0.000000000000000000e+00 2.110139522177564885e-04 2.948291899282263367e-04 2.227964007577586170e+00 1.401266489570699658e+00 2.961365042677329473e+00 4.997485878142786213e-03
0.000000000000000000e+00 2.110139522177564885e-04 2.948291899282263367e-04 1.244524805599016304e+01 2.930915280381984545e+01 4.423476237838552372e+00 1.092801686515678522e-03
0.000000000000000000e+00 2.110139522177564885e-04 9.632457581951780687e-03 6.929528664422468509e+00 7.128535796046562290e+00 2.385290318547211186e+00 7.841459050354899346e-03
0.000000000000000000e+00 2.110139522177564885e-04 2.948291899282263367e-04 6.856822506657600513e+00 1.182601076737678447e+01 3.126382679272135423e+00 1.885520216717730402e-01
0.000000000000000000e+00 2.110139522177564885e-04 2.948291899282263367e-04 3.172511575834000008e-02 3.808243772272340479e-03 9.788473223678879464e-04 2.414694001053035045e-04
0.000000000000000000e+00 2.110139522177564885e-04 2.948291899282263367e-04 1.186197317063857115e+00 1.881495857540228245e-01 2.513542165666032280e-01 1.477480241384617572e-03
0.000000000000000000e+00 2.110139522177564885e-04 2.948291899282263367e-04 5.033113146031586299e-02 3.114662422572260416e-03 9.993702636559534825e-04 2.451691870160407796e-04
0.000000000000000000e+00 2.110139522177564885e-04 2.948291899282263367e-04 6.929436471989293800e+00 1.165824725401998130e+01 4.396869645503005408e+00 1.885939807794970724e-01
0.000000000000000000e+00 2.110139522177564885e-04 2.948291899282263367e-04 6.256579739715540933e-01 1.087849755290727499e-01 2.194504841434968823e-01 9.843940543840250419e-04
0.000000000000000000e+00 2.110139522177564885e-04 2.948291899282263367e-04 4.046547672717568100e-02 3.180287329367041411e-03 9.847135955822602840e-04 2.433276217459231887e-04
0.000000000000000000e+00 2.110139522177564885e-04 2.948291899282263367e-04 9.046557564750559166e-01 1.122016014317617043e-02 1.474853938288896438e-01 9.843940543840250419e-04
0.000000000000000000e+00 2.110139522177564885e-04 2.948291899282263367e-04 1.601076038520901079e+01 3.257603577641184245e+01 2.009953501607824933e+00 8.913350253510659085e-04
0.000000000000000000e+00 2.110139522177564885e-04 2.948291899282263367e-04 2.909481019479997599e+00 3.223320128876615787e+00 1.071175092051971811e+00 1.287106486619125634e-01
0.000000000000000000e+00 2.110139522177564885e-04 9.632457581951780687e-03 6.711686768427390426e+00 2.386394180164669621e+01 4.385459885761749277e+00 1.274601228513245477e-01
0.000000000000000000e+00 2.110139522177564885e-04 9.632457581951780687e-03 3.091005101953192558e-02 2.993963565301139326e-03 9.891353867860623074e-04 2.433276217459231887e-04
0.000000000000000000e+00 2.110139522177564885e-04 2.948291899282263367e-04 4.479375711295799367e-01 2.430467499888700270e-02 6.912279658454480169e-02 6.315296495871500519e-04
0.000000000000000000e+00 2.110139522177564885e-04 9.632457581951780687e-03 9.316181236684540679e+00 1.442626164681781376e+01 2.228519122659964879e-01 7.997016531874227840e-03
0.000000000000000000e+00 2.110139522177564885e-04 2.948291899282263367e-04 3.139718574109896521e-01 4.922983703550264101e-02 1.870433015797393029e-03 4.341546898963248189e-04
0.000000000000000000e+00 2.110139522177564885e-04 9.632457581951780687e-03 5.100324629590206271e+00 8.568908456445770483e+00 7.480695642829434888e+00 7.997016531874227840e-03
0.000000000000000000e+00 2.110139522177564885e-04 2.948291899282263367e-04 3.101082331035661527e-02 3.132593343257701266e-03 9.744863553003100002e-04 2.414694001053035045e-04
0.000000000000000000e+00 2.110139522177564885e-04 2.948291899282263367e-04 7.002050437320986198e+00 2.059704403815679541e+01 2.062220058741000284e-01 7.455168669714204964e-03
0.000000000000000000e+00 2.110139522177564885e-04 9.632457581951780687e-03 6.929528664422468509e+00 7.128535796046562290e+00 2.385290318547211186e+00 7.841459050354899346e-03
0.000000000000000000e+00 2.110139522177564885e-04 2.948291899282263367e-04 7.002050437320986198e+00 6.840418111401648460e+00 2.385118664686344481e+00 7.823862526787931856e-03
0.000000000000000000e+00 2.110139522177564885e-04 2.948291899282263367e-04 1.244524805599016304e+01 4.745896660711801474e+01 4.619848279103788702e-01 1.092801686515678522e-03
0.000000000000000000e+00 2.110139522177564885e-04 2.948291899282263367e-04 5.100248830484790830e+00 1.898217379546397909e+00 2.745465341373450219e+00 5.966551867965602662e-03
0.000000000000000000e+00 2.110139522177564885e-04 2.948291899282263367e-04 1.670127029317528988e+00 9.244309395230647652e-01 4.281844552325477227e-01 2.239451807774908536e-03
0.000000000000000000e+00 2.110139522177564885e-04 9.632457581951780687e-03 2.192882965135483975e+00 1.777280237610037172e+00 6.666643701501246966e-01 3.435199114746509061e-03
0.000000000000000000e+00 2.110139522177564885e-04 2.948291899282263367e-04 3.141412120255282492e-01 3.497721234536085161e-02 1.526224288642576976e-01 6.315296495871500519e-04
0.000000000000000000e+00 2.110139522177564885e-04 2.948291899282263367e-04 2.167055063098293280e-02 2.902021962400730144e-03 9.685056823984724032e-04 2.395942883845946436e-04
0.000000000000000000e+00 2.110139522177564885e-04 2.948291899282263367e-04 6.929102816482139104e+00 2.858294039290984756e+01 2.446202027285641289e+00 1.084183710790678656e+00
0.000000000000000000e+00 2.110139522177564885e-04 2.948291899282263367e-04 2.951194656336171729e+00 1.921656086764692128e+00 5.467297653727929418e-01 4.141598255472637644e-03
0.000000000000000000e+00 2.110139522177564885e-04 2.948291899282263367e-04 2.157712729985266531e+00 1.341801582170910168e+00 1.517918240883533221e+00 9.183095639270688615e-02
0.000000000000000000e+00 2.110139522177564885e-04 2.948291899282263367e-04 1.055101930314952252e-01 4.566389464599666589e-03 1.204325591441321062e-03 2.908077860167684056e-04
0.000000000000000000e+00 2.110139522177564885e-04 2.948291899282263367e-04 7.002050437320986198e+00 2.168603286635467597e+01 1.685459022320272005e-01 6.099331513520887642e-03
0.000000000000000000e+00 2.110139522177564885e-04 2.948291899282263367e-04 5.040546819991748251e+00 5.626239456763340918e+00 4.732838060754560594e+00 7.823862526787931856e-03
0.000000000000000000e+00 2.110139522177564885e-04 2.948291899282263367e-04 2.867574826937576038e+00 2.067861707302712571e+00 8.118215248120793648e-01 4.168626998908236438e-03
0.000000000000000000e+00 2.110139522177564885e-04 2.948291899282263367e-04 3.141412120255282492e-01 3.491024297944829435e-02 4.461436233458179051e-02 5.145576393881573420e-04
0.000000000000000000e+00 2.110139522177564885e-04 2.948291899282263367e-04 7.002050437320986198e+00 6.984476953724107595e+00 3.717885420325839352e-01 7.135859245665948994e-03
0.000000000000000000e+00 2.110139522177564885e-04 2.948291899282263367e-04 7.002050437320986198e+00 2.259352355651959243e+01 1.930108770882706493e+00 4.696119032456944585e-03
0.000000000000000000e+00 2.110139522177564885e-04 9.632457581951780687e-03 1.641082065172937199e+00 9.244309395230647652e-01 4.878864657255895243e-01 2.731268811260671725e-03
0.000000000000000000e+00 2.110139522177564885e-04 2.948291899282263367e-04 7.002050437320986198e+00 6.552300426756732854e+00 5.393131728069326947e-01 7.116878447863728835e-03
0.000000000000000000e+00 2.110139522177564885e-04 2.948291899282263367e-04 1.613446397016884859e+01 2.930905619361410785e+01 3.085050506559253503e+00 2.262791045507099585e-02
0.000000000000000000e+00 2.110139522177564885e-04 2.948291899282263367e-04 1.601076038520901079e+01 3.548000598493954527e+01 1.657677563153872269e+00 1.092801686515678522e-03
0.000000000000000000e+00 2.110139522177564885e-04 9.632457581951780687e-03 6.784300733759083712e+00 2.495295472883191579e+01 4.385639523393477290e+00 9.836864510083995206e-02
0.000000000000000000e+00 2.110139522177564885e-04 2.948291899282263367e-04 7.002050437320986198e+00 1.132269795919495614e+01 4.578286761935359550e+00 8.008509313808729463e-03
0.000000000000000000e+00 2.110139522177564885e-04 2.948291899282263367e-04 3.141412120255282492e-01 2.065761828930650842e-02 1.526059909075249965e-01 5.275788430121546675e-04
0.000000000000000000e+00 2.110139522177564885e-04 2.948291899282263367e-04 8.847418870961011317e-01 6.486646572484494611e-01 2.582138852384798788e-01 1.800122742865291770e-03
0.000000000000000000e+00 2.110139522177564885e-04 2.948291899282263367e-04 7.771606245942563884e-02 1.337728539129495742e-02 1.181711701757699262e-03 2.868212366135504594e-04
0.000000000000000000e+00 2.110139522177564885e-04 2.948291899282263367e-04 1.613446397016884859e+01 4.818486254904420463e+01 9.237742929691747373e-02 2.262791045507099585e-02
0.000000000000000000e+00 2.110139522177564885e-04 2.948291899282263367e-04 7.824015501327966082e-02 3.945520023991937880e-03 1.029759522174994533e-03 2.505961851431170485e-04
0.000000000000000000e+00 2.110139522177564885e-04 9.632457581951780687e-03 1.948053904546860893e-01 5.488576036976485460e-03 1.510241963192741335e-03 3.576423901116470086e-04
0.000000000000000000e+00 2.110139522177564885e-04 2.948291899282263367e-04 2.867574826937576038e+00 1.995247741971019506e+00 1.048495510331554220e-01 3.435199114746509061e-03
0.000000000000000000e+00 2.110139522177564885e-04 9.632457581951780687e-03 1.210226067716854814e+00 8.159403053686695717e-01 8.414086724965760475e-03 1.811674480029838025e-03
0.000000000000000000e+00 2.110139522177564885e-04 2.948291899282263367e-04 1.063187438189958645e-01 4.664496637787876945e-03 1.204325591441321062e-03 2.908077860167684056e-04
0.000000000000000000e+00 2.110139522177564885e-04 2.948291899282263367e-04 1.601076038520901079e+01 3.366502460460972657e+01 1.875057670198879700e+00 1.092801686515678522e-03
0.000000000000000000e+00 2.110139522177564885e-04 2.948291899282263367e-04 1.613446397016884859e+01 3.293901895427374882e+01 1.940270564797380137e+00 1.092801686515678522e-03
0.000000000000000000e+00 2.110139522177564885e-04 2.948291899282263367e-04 4.336849464394381681e-01 1.079518297865932758e-01 1.620767111388566051e-01 7.891801476289732852e-04
0.000000000000000000e+00 2.110139522177564885e-04 2.948291899282263367e-04 9.404432967544240185e+00 2.676561659541764371e+01 4.191164481990725221e+00 1.285419841402264396e+00
0.000000000000000000e+00 2.110139522177564885e-04 2.948291899282263367e-04 1.670127029317528988e+00 1.024513532271315253e+00 5.476795379695570398e-01 7.536730446227765667e-02
0.000000000000000000e+00 2.110139522177564885e-04 2.948291899282263367e-04 6.256579739715540933e-01 1.087849755290727499e-01 2.194504841434968823e-01 3.006628126096084347e-02
0.000000000000000000e+00 2.110139522177564885e-04 2.948291899282263367e-04 4.102812360932793501e-02 3.988648219631359126e-03 9.891353867860623074e-04 2.433276217459231887e-04
0.000000000000000000e+00 2.110139522177564885e-04 2.948291899282263367e-04 7.002050437320986198e+00 2.168603286635467597e+01 1.929921058072420648e+00 1.416136086204469458e-01
0.000000000000000000e+00 2.110139522177564885e-04 2.948291899282263367e-04 6.929436471989293800e+00 1.149046256775806363e+01 5.304279314067286144e+00 8.030320434674787997e-03
0.000000000000000000e+00 2.110139522177564885e-04 2.948291899282263367e-04 1.156217516699837994e-01 3.875006843598668201e-03 1.215545922992410967e-03 2.927750565721865526e-04
0.000000000000000000e+00 2.110139522177564885e-04 2.948291899282263367e-04 5.159950840977832520e+00 8.568908456445770483e+00 2.040893971422336750e-01 1.749205455075837079e-01
0.000000000000000000e+00 2.110139522177564885e-04 2.948291899282263367e-04 4.969214592556772669e-02 3.871931808586778160e-03 9.993702636559534825e-04 2.451691870160407796e-04
0.000000000000000000e+00 2.110139522177564885e-04 2.948291899282263367e-04 2.052685033253940916e-01 1.790035199778318084e-02 3.858464336675204026e-02 4.223864839361130431e-04
0.000000000000000000e+00 2.110139522177564885e-04 2.948291899282263367e-04 1.154521864172312756e-01 1.490918770541225895e-02 1.179953840692415067e-02 2.966586583774235338e-04
0.000000000000000000e+00 2.110139522177564885e-04 2.948291899282263367e-04 1.186197317063857115e+00 1.590676985474459848e-01 2.864498909730177623e-01 1.477480241384617572e-03
0.000000000000000000e+00 2.110139522177564885e-04 9.632457581951780687e-03 1.186117370683526184e+00 4.731475701660723954e-01 2.163419967998568005e-01 1.800122742865291770e-03
0.000000000000000000e+00 2.110139522177564885e-04 2.948291899282263367e-04 8.847418870961011317e-01 6.486646572484494611e-01 2.582138852384798788e-01 1.800122742865291770e-03
0.000000000000000000e+00 2.110139522177564885e-04 2.948291899282263367e-04 7.002050437320986198e+00 2.368251238471748366e+01 2.309378958132770165e+00 3.631818332891465027e-03
0.000000000000000000e+00 2.110139522177564885e-04 2.948291899282263367e-04 1.244524805599016304e+01 4.292151315629346442e+01 1.005502704175444073e+00 1.092801686515678522e-03
0.000000000000000000e+00 2.110139522177564885e-04 9.632457581951780687e-03 1.948540356374741656e-01 5.546413822141509423e-03 6.327286724294596543e-02 4.247797594009869926e-04
0.000000000000000000e+00 2.110139522177564885e-04 2.948291899282263367e-04 2.052685033253940916e-01 1.790035199778318084e-02 3.858464336675204026e-02 4.223864839361130431e-04
0.000000000000000000e+00 2.110139522177564885e-04 9.632457581951780687e-03 5.100324629590206271e+00 3.203251921628721632e+00 3.918426879218551928e+00 7.107226826706938491e-03
0.000000000000000000e+00 2.110139522177564885e-04 2.948291899282263367e-04 7.002050437320986198e+00 1.878206265782697670e+01 8.697441916027239817e-01 7.433975523640549976e-03
0.000000000000000000e+00 2.110139522177564885e-04 2.948291899282263367e-04 7.840972026603217071e-02 3.945520023991937880e-03 1.029759522174994533e-03 2.505961851431170485e-04
0.000000000000000000e+00 2.110139522177564885e-04 2.948291899282263367e-04 7.002050437320986198e+00 1.968955334799187895e+01 2.059643230038286921e-01 1.734502906405207545e-01
0.000000000000000000e+00 2.110139522177564885e-04 2.948291899282263367e-04 7.002050437320986198e+00 1.914505893389293689e+01 7.038413203443796284e-01 7.437720022525148508e-03
0.000000000000000000e+00 2.110139522177564885e-04 9.632457581951780687e-03 3.018029587062984742e-01 9.192074174001543807e-02 2.242299564634642542e-03 5.172051836286385186e-04
0.000000000000000000e+00 2.110139522177564885e-04 9.632457581951780687e-03 5.100324629590206271e+00 8.568908456445770483e+00 2.040893971422336750e-01 7.135859245665948994e-03
0.000000000000000000e+00 2.110139522177564885e-04 2.948291899282263367e-04 7.001716781813832391e+00 2.894595838767392948e+01 3.381029559826986386e+00 1.069905513839462863e+00
0.000000000000000000e+00 2.110139522177564885e-04 2.948291899282263367e-04 6.929436471989293800e+00 3.399792736254769743e+00 3.342709216411243744e+00 7.126422437151037903e-03
0.000000000000000000e+00 2.110139522177564885e-04 2.948291899282263367e-04 6.929436471989293800e+00 1.149046256775806363e+01 5.122781176034308714e+00 8.025013633020947404e-03
0.000000000000000000e+00 2.110139522177564885e-04 9.632457581951780687e-03 6.089630798020846392e-01 1.086909640319614623e-01 1.474556385683772064e-01 8.025643033361913115e-04
0.000000000000000000e+00 2.110139522177564885e-04 2.948291899282263367e-04 7.001716781813832391e+00 2.894595838767392948e+01 3.381029559826986386e+00 1.069905513839462863e+00
0.000000000000000000e+00 2.110139522177564885e-04 2.948291899282263367e-04 1.154521864172312756e-01 4.431919353073161295e-03 3.293403411268757547e-02 2.985754010969273527e-04
0.000000000000000000e+00 2.110139522177564885e-04 2.948291899282263367e-04 1.234016139396924672e+01 4.909245174685896274e+01 2.445761956584722729e-01 4.436692139296911919e-02
0.000000000000000000e+00 2.110139522177564885e-04 2.948291899282263367e-04 1.223507473194833040e+01 4.945544893843291590e+01 2.663099037935537927e-01 1.092801686515678522e-03
0.000000000000000000e+00 2.110139522177564885e-04 2.948291899282263367e-04 2.909481019479997599e+00 1.995270976833015464e+00 1.049101663073173374e-01 3.443264822745008107e-03
0.000000000000000000e+00 2.110139522177564885e-04 2.948291899282263367e-04 2.951387212022420048e+00 9.837755329160133844e-01 4.487701342369065927e-01 3.402216636359461661e-03
0.000000000000000000e+00 2.110139522177564885e-04 2.948291899282263367e-04 5.100248830484790830e+00 1.898217379546397909e+00 2.745465341373450219e+00 5.966551867965602662e-03
0.000000000000000000e+00 2.110139522177564885e-04 9.632457581951780687e-03 5.100324629590206271e+00 3.413425245670556496e+00 6.434312498797459812e-01 1.287840465310546301e-01
0.000000000000000000e+00 2.110139522177564885e-04 9.632457581951780687e-03 1.948540356374741656e-01 7.961220509082636565e-02 1.608101095630513552e-02 4.295064437089658000e-04
0.000000000000000000e+00 2.110139522177564885e-04 2.948291899282263367e-04 7.767750813112740682e-02 4.074277540307133516e-03 1.029759522174994533e-03 2.505961851431170485e-04
0.000000000000000000e+00 2.110139522177564885e-04 9.632457581951780687e-03 3.016333775800143502e-01 3.497721234536085161e-02 8.575795945121454655e-02 5.198308652891495650e-04
0.000000000000000000e+00 2.110139522177564885e-04 2.948291899282263367e-04 5.033113146031586299e-02 3.040268269113545734e-03 1.030237811464388385e-02 2.469943230828653660e-04
0.000000000000000000e+00 2.110139522177564885e-04 2.948291899282263367e-04 9.701573596800794341e-02 4.653338783018354935e-03 1.193047644123033588e-03 2.888232524900767074e-04
0.000000000000000000e+00 2.110139522177564885e-04 2.948291899282263367e-04 1.156217516699837994e-01 3.830414992348124981e-03 1.215545922992410967e-03 2.927750565721865526e-04
0.000000000000000000e+00 2.110139522177564885e-04 9.632457581951780687e-03 1.640948260524633273e+00 5.646172658668883182e-01 2.586205685955907940e-01 2.194894494101930129e-03
0.000000000000000000e+00 2.110139522177564885e-04 9.632457581951780687e-03 1.234029481451751131e+01 4.745896660711801474e+01 4.619848279103788702e-01 1.092801686515678522e-03
0.000000000000000000e+00 2.110139522177564885e-04 2.948291899282263367e-04 2.225638822126354763e-02 3.839045578693846012e-03 9.685056823984724032e-04 2.395942883845946436e-04
0.000000000000000000e+00 2.110139522177564885e-04 2.948291899282263367e-04 4.090346831956372109e-02 3.861169783536324163e-03 9.891353867860623074e-04 2.433276217459231887e-04
0.000000000000000000e+00 2.110139522177564885e-04 2.948291899282263367e-04 5.159950840977832520e+00 8.424849614123314012e+00 4.758131039458129763e+00 7.930495430994112874e-03
0.000000000000000000e+00 2.110139522177564885e-04 2.948291899282263367e-04 6.929436471989293800e+00 3.399792736254769743e+00 3.342709216411243744e+00 7.126422437151037903e-03
0.000000000000000000e+00 2.110139522177564885e-04 2.948291899282263367e-04 7.002050437320986198e+00 1.914505893389293689e+01 7.038413203443796284e-01 7.437720022525148508e-03
0.000000000000000000e+00 2.110139522177564885e-04 2.948291899282263367e-04 5.980370456405630086e-02 4.053337044326792843e-03 1.009552332408318251e-03 2.469943230828653660e-04
0.000000000000000000e+00 9.538800276441742818e-03 3.313257082961330521e-04 6.929528664422468509e+00 2.495299935094835675e+01 4.697108152013792726e+00 1.424383673664019412e+00
0.000000000000000000e+00 2.110139522177564885e-04 2.948291899282263367e-04 9.701573596800794341e-02 4.653338783018354935e-03 1.193047644123033588e-03 2.888232524900767074e-04
0.000000000000000000e+00 2.110139522177564885e-04 2.948291899282263367e-04 1.055101930314952252e-01 4.566389464599666589e-03 1.204325591441321062e-03 2.908077860167684056e-04
0.000000000000000000e+00 2.110139522177564885e-04 2.948291899282263367e-04 4.476777895678871189e-01 7.588557645626122991e-03 2.242299564634642542e-03 1.723332253688951779e-02
0.000000000000000000e+00 2.110139522177564885e-04 2.948291899282263367e-04 5.159950840977832520e+00 5.378879622489973755e+00 5.068407433278405705e+00 3.708377351163187896e-01
0.000000000000000000e+00 2.110139522177564885e-04 2.948291899282263367e-04 5.159950840977832520e+00 5.502583207449808889e+00 5.068501668046513586e+00 7.850092750428557323e-03
0.000000000000000000e+00 2.110139522177564885e-04 2.948291899282263367e-04 3.141412120255282492e-01 6.348246172564442347e-02 3.564223496045462042e-02 5.172051836286385186e-04
0.000000000000000000e+00 2.110139522177564885e-04 2.948291899282263367e-04 5.040546819991748251e+00 5.626239456763340918e+00 4.732838060754560594e+00 7.823862526787931856e-03
