2.693041314539097897e+01 3.748578518532257303e-03
6.823804959399066838e+00 3.317080187731551888e+01
2.661510495137546783e+01 3.775498739505193154e-03
2.161042181959838615e+01 3.814568711469044655e-03
1.723584724948495861e+01 6.422454199549910633e-03
1.306456733563517147e+01 1.310403907677273883e-02
1.857790396406310407e+01 4.775247984486312609e-03
2.135797691586538605e+01 3.961691096937335586e-03
2.016618784129984121e+01 4.120937234278514855e-03
1.754947250658479163e+01 5.581501558081956513e-03
1.253827820559716244e+01 1.710435161305429511e-02
1.985781648831320823e+01 4.231900307593227176e-03
1.174012129680245842e+01 2.239379726783071942e-02
1.905371082778073344e+01 4.517381829130293069e-03
6.924813767437624890e+00 1.354642410278005649e+01
6.925711276525912119e+00 1.266713207214467829e+01
6.826357785147323831e+00 3.128047800804172596e+01
1.905371082778073344e+01 4.517381829130293069e-03
6.825082467419398391e+00 3.242077666067486064e+01
6.831977744391226182e+00 2.952153769337918376e+01
6.826156330153153817e+00 3.179124847539343790e+01
6.824969307610690983e+00 3.297035149821879685e+01
6.825429433806972312e+00 3.188999469235466577e+01
6.894517332948284505e+00 1.747244338624521021e+01
2.693041314539097897e+01 3.748578518532257303e-03
1.127888094302963395e+01 2.664291487127901439e-02
6.827283115156584259e+00 3.058930473700925745e+01
6.894092998197865363e+00 1.790490373594872864e+01
6.985227684209405652e+00 6.596479506241731627e+00
1.097885325783565591e+01 3.176031117321188174e-02
6.939267222121177525e+00 1.082142926261358085e+01
6.938924447682121688e+00 1.131021902831485804e+01
6.930088576500807562e+00 1.198754987186263676e+01
6.831639190091062908e+00 2.996237544476127823e+01
2.013979217054490434e+01 4.149783241538832976e-03
6.825105622550551310e+00 3.231942452617789030e+01
6.912145784905482593e+00 1.495695713166604968e+01
1.989903946075503072e+01 4.174806855381214300e-03
6.901716626121646492e+00 1.620041467952005121e+01
6.826691486028220623e+00 3.090224974759470911e+01
6.913712669674714206e+00 1.449498690639737575e+01
6.928854957154100269e+00 1.233742628756029269e+01
6.872639329908971639e+00 2.117697485769982890e+01
6.961983800708496872e+00 8.484036040702036985e+00
6.984591747973888154e+00 6.937498258090667669e+00
6.871382895931446910e+00 2.140899514572824813e+01
6.961164405122220344e+00 9.061652155186536106e+00
9.883678592541267349e+00 5.207420424529623365e-02
6.961888363337593866e+00 8.724396475188175515e+00
6.913318213902160281e+00 1.483199250594358354e+01
6.839452659150158986e+00 2.792326604979868776e+01
6.936315997116419219e+00 1.153862777264859218e+01
6.935127556591567988e+00 1.187281380755146998e+01
6.869567054000790485e+00 2.169572190182584492e+01
6.834468621394661270e+00 2.895201197471616439e+01
6.886745578534055667e+00 1.939237351554305633e+01
6.909650976225615970e+00 1.556096620269636510e+01
6.839511443224504106e+00 2.764857792497313937e+01
6.910508480600343617e+00 1.524020372649018462e+01
6.826743621808780915e+00 3.085568176483610259e+01
6.918680083902654765e+00 1.386775641065529641e+01
1.031633862461200124e+01 4.330472761382748309e-02
6.882737644562687329e+00 1.984187421026422626e+01
6.882806898050113809e+00 1.953737252211010755e+01
6.887099026790156842e+00 1.902316360552911334e+01
6.898459631844816364e+00 1.644409494307730313e+01
6.903396899010560084e+00 1.590670921772738744e+01
6.846124097668578656e+00 2.622917500063462626e+01
6.941645466929103669e+00 1.070092346696994667e+01
1.003856014872972580e+01 5.113104158275099537e-02
6.845522887232212916e+00 2.630185533994067981e+01
6.887210872885639823e+00 1.881278178333718287e+01
6.910508480600343617e+00 1.524020372649018462e+01
6.886786515558276811e+00 1.911628154840797933e+01
6.832829299572980020e+00 2.932932675757080432e+01
7.038411583418668016e+00 4.087079474353520148e+00
1.732929947584340624e+01 6.047135833008179286e-03
6.881424784926871041e+00 2.002344535381125468e+01
6.914740026992579836e+00 1.432720222013544920e+01
6.918128102286659420e+00 1.407446580135380998e+01
6.892141713184467555e+00 1.833490014835940229e+01
6.942530552258269871e+00 1.053313878070802900e+01
6.861782051207150346e+00 2.310916033866883623e+01
1.166420939185751848e+01 2.281491271615528060e-02
6.898158425086358569e+00 1.669738403242681812e+01
6.837197093591147912e+00 2.829134134998130889e+01
6.861748680552063107e+00 2.335860100150871332e+01
1.080383727267113336e+01 3.356775489427892695e-02
6.829258353775577994e+00 3.034998784278652195e+01
6.961888363337593866e+00 8.724396475188175515e+00
1.747822248949587021e+01 5.648829132356946760e-03
7.028131919126893834e+00 4.437186425383479182e+00
6.833826308085562573e+00 2.918402712241374530e+01
1.019936600137701532e+01 4.331820332456528394e-02
6.865742791737531547e+00 2.240637211407371510e+01
6.890236248734137980e+00 1.852632374351600575e+01
6.840980532609677311e+00 2.728550697222674515e+01
8.596031200862283228e+00 1.105845470045545009e-01
1.260923955496372706e+01 1.662236782173455094e-02
7.024370897159552207e+00 4.647359749425313602e+00
6.846579906450945607e+00 2.601144023067667987e+01
6.893786261290249406e+00 1.801377104702320864e+01
6.859640488633992561e+00 2.366969935530205404e+01
6.845037224070595450e+00 2.651297566311441756e+01
1.153667676915443607e+01 2.421178356944522075e-02
6.897838719777147354e+00 1.690280265691485440e+01
6.995541847976936012e+00 6.041389709711934231e+00
6.866666128261433855e+00 2.231112171060118143e+01
6.898158425086358569e+00 1.669738403242681812e+01
6.836587989442635127e+00 2.849542916013844263e+01
9.562650969250539035e+00 6.179008164542612591e-02
7.036809495612961207e+00 4.193220612831357386e+00
7.158305653790454137e+00 1.780301932716299440e+00
6.986692887704126775e+00 6.435887330580456478e+00
1.267086920508319103e+01 1.620365562220453873e-02
7.023326958976862322e+00 4.731586509784293959e+00
7.773806012230395801e+00 2.617571389762019529e-01
6.888551400142774561e+00 1.863120735024562435e+01
6.888258567554315981e+00 1.874007466132010080e+01
6.880128924670003698e+00 2.020501591915881434e+01
6.876377916190829609e+00 2.066948911574712611e+01
6.870643494001257956e+00 2.151415989575291832e+01
6.853887974842908015e+00 2.473646620295914644e+01
6.849777426873831843e+00 2.539411203302435993e+01
6.849137598579270403e+00 2.546679424800162650e+01
6.892885724084962362e+00 1.819526918505619406e+01
6.848902018694949412e+00 2.557566170688509644e+01
6.848038967320859705e+00 2.575721087376750162e+01
6.847188164991399262e+00 2.593875953441340698e+01
6.842537033973308702e+00 2.697454792421846292e+01
6.835370008872376779e+00 2.872707362561564892e+01
8.513551495237528854e+00 1.117489995393595309e-01
6.876016649011126525e+00 2.074588693599538303e+01
6.983829670862965244e+00 7.090096741798904034e+00
6.968847451265171244e+00 8.037020814733164542e+00
6.843377534061533929e+00 2.675274422973551580e+01
6.977172776790326658e+00 7.482745410141490972e+00
6.974652306923793788e+00 7.658518271861208149e+00
7.173025142129519693e+00 1.680289638140823882e+00
8.684053114929765727e+00 1.017968252427679243e-01
6.993071932116680323e+00 6.123998314197319992e+00
7.078428178903252821e+00 2.942157409972952387e+00
6.953884479009065700e+00 9.585792697529539552e+00
6.842117201350983002e+00 2.712946174405858102e+01
6.998152837769719525e+00 5.869640593850845356e+00
1.280711624049133235e+01 1.508694335486210000e-02
6.952476933599156084e+00 9.729851539851996023e+00
7.070128575338594956e+00 3.299334391560931667e+00
7.074758458164789765e+00 3.132641949452618313e+00
6.853151617724331679e+00 2.479932972488210652e+01
6.875417586581995089e+00 2.091420079586222869e+01
1.038459612307111968e+01 4.248006578418345169e-02
7.610095062859679516e+00 3.580901986980180030e-01
6.953953290595465297e+00 9.499801463191873907e+00
8.803948646718264825e+00 9.257876012381384412e-02
9.662188249288533370e+00 5.573346602468753908e-02
6.914322831235380384e+00 1.446281100884350757e+01
6.875615677963239136e+00 2.085000566558424140e+01
6.947283341796626210e+00 1.027638082439547773e+01
6.962939182650574210e+00 8.375306064686395047e+00
7.657771527873273421e+00 3.188685202870388258e-01
7.833638028189807478e+00 2.247675716788645472e-01
6.857939935709291390e+00 2.389156350167496257e+01
7.000573286571157183e+00 5.760796083674021517e+00
7.030223962003392835e+00 4.418396179439278981e+00
6.856511811217607111e+00 2.401438259845674494e+01
6.869198269736163098e+00 2.183912514743141742e+01
9.833938749564200776e+00 5.261320634098846233e-02
6.965812179545135763e+00 8.231236100641272202e+00
6.859948516131636254e+00 2.352845341532321299e+01
7.007411613310061682e+00 5.680520468768061271e+00
1.071279818047519861e+01 3.369174267138076023e-02
7.083461577541630305e+00 2.891987554386751924e+00
6.868061683086519764e+00 2.202068998347435880e+01
6.866940045105865309e+00 2.220225425171771150e+01
7.042911512762422888e+00 3.936290839997433011e+00
6.855544631708776926e+00 2.419593584231916239e+01
1.139779477928491325e+01 2.514275689751659104e-02
1.272565095809988023e+01 1.599614093941184242e-02
6.836120345206553317e+00 2.856809494591047738e+01
6.835828944499957593e+00 2.865440824379030715e+01
7.197022659540293077e+00 1.478485137971383701e+00
1.086123560790397491e+01 3.264241848645152433e-02
7.065641373365365574e+00 3.462289118219384676e+00
6.991743850344685818e+00 6.247701899157155125e+00
6.874679020663819529e+00 2.106271403789001440e+01
9.395119042853915303e+00 6.396954376807144349e-02
7.277335393959579513e+00 9.913044634229806196e-01
9.269629948138524256e+00 7.190610404521299848e-02
7.010493295959687288e+00 5.428493793090531483e+00
6.909304555688880356e+00 1.564932339629604385e+01
6.851559440397471334e+00 2.505356532238184997e+01
8.642169543838942758e+00 1.023758407941944004e-01
6.983964342263394798e+00 7.035083072132777282e+00
6.957827417576464057e+00 9.253960643491792482e+00
7.331827468067589670e+00 7.779347190784542398e-01
6.947406875513235214e+00 1.019205605146341220e+01
6.926667833002188246e+00 1.256591303264444193e+01
6.951644658696736201e+00 9.982726918421001017e+00
6.858176672532779072e+00 2.379251948059677702e+01
6.860787444256775558e+00 2.343009992446237533e+01
9.125280124412300964e+00 7.435518790019131352e-02
6.874842812095096178e+00 2.102173342541773593e+01
6.964935517102696316e+00 8.319920189518446918e+00
9.337142029679124988e+00 7.113785532247840493e-02
9.168972554376264128e+00 7.311942957055518610e-02
7.104478369711817010e+00 2.525733884230156878e+00
7.092514052802996183e+00 2.673849848759443759e+00
7.119343529752512723e+00 2.185341661264148971e+00
6.928058199520584104e+00 1.241575757544139691e+01
6.922697553313474472e+00 1.363616517741382950e+01
6.838973126220959209e+00 2.798438115024215733e+01
6.832955241028848548e+00 2.925160995535715358e+01
6.957503803706495127e+00 9.317949360887141097e+00
6.953869037377374163e+00 9.677957065659606783e+00
6.944595434809551548e+00 1.044635988556348849e+01
6.937932907047364317e+00 1.135255385008869666e+01
6.851366108149585799e+00 2.518498622500842998e+01
7.252358966681969221e+00 1.069382326666308725e+00
1.144879436762053260e+01 2.446918468533736818e-02
1.153667676915443607e+01 2.421178356944522075e-02
7.034954663966854760e+00 4.281584532644452601e+00
6.830584985816897436e+00 3.020765757418046604e+01
7.142040573535271442e+00 1.933266193182991310e+00
6.977391095072096761e+00 7.286933232521291437e+00
6.829258353775577994e+00 3.034998784278652195e+01
1.135241237584828511e+01 2.603212413185221688e-02
6.897114103520546990e+00 1.701501386313463371e+01
6.892300035029268912e+00 1.826790001201469238e+01
1.017618060485564868e+01 4.350838804512351804e-02
7.016291165023490706e+00 4.952830714305433091e+00
6.844522512121062441e+00 2.661482395836174319e+01
7.238300394956169725e+00 1.169165312878460483e+00
6.837652841682455573e+00 2.821603159473720979e+01
7.220550595712180275e+00 1.314046937715420693e+00
7.012320838698989256e+00 5.328213224328422370e+00
7.051869025318467266e+00 3.684842107982022608e+00
7.014355685658710371e+00 5.236003896401239643e+00
6.865170048992641050e+00 2.266921349177993505e+01
6.885734036545193781e+00 1.943732768276295531e+01
6.831639190091062908e+00 2.996237544476127823e+01
6.830781799774356067e+00 3.009879026310598960e+01
6.905574293936979302e+00 1.580307716980512467e+01
6.843114266452190009e+00 2.683905752761535624e+01
7.464493063227308767e+00 5.021350280867890037e-01
6.840595753054548922e+00 2.749253432830039401e+01
8.915304278124844828e+00 8.380473320962718298e-02
7.806159770944868903e+00 2.485646106649473108e-01
6.879779659175720319e+00 2.030589919676257438e+01
1.276753628526664919e+01 1.532841519578520377e-02
7.555287562490455855e+00 4.218176793397901969e-01
1.740401119418969600e+01 5.835086694483038530e-03
1.055200183044284401e+01 3.613549962057247683e-02
6.921642458500506301e+00 1.375062125398647339e+01
6.835161089071186247e+00 2.883594108449911886e+01
1.011493620395783566e+01 4.457211218412526071e-02
7.934915162746980499e+00 2.009518108991476537e-01
6.951821975914580953e+00 9.894184730176970533e+00
6.867785230959464471e+00 2.212955744235782873e+01
1.044939943594339127e+01 4.124414957991594244e-02
6.863288712494139077e+00 2.290091887014638417e+01
6.865428804153908438e+00 2.253779316450928860e+01
6.863396630723576308e+00 2.285581111759065109e+01
6.854083151561636278e+00 2.461777750484394289e+01
6.854343750677883484e+00 2.448635603276582984e+01
6.865428804153908438e+00 2.253779316450928860e+01
6.851565755884732489e+00 2.503101116137821336e+01
6.840766955462992627e+00 2.741692587178798490e+01
8.254488587897080620e+00 1.426283490706125034e-01
7.007921465172904263e+00 5.550310941720044688e+00
7.046893552103385083e+00 3.841281053568004644e+00
1.093093538322778002e+01 3.207864732830863208e-02
7.710322114875163280e+00 2.865405413812395219e-01
7.090699793920255622e+00 2.780904271679791595e+00
6.988207545946921506e+00 6.342868896593828687e+00
7.101985726862291237e+00 2.603224850334657781e+00
6.901462702584316489e+00 1.629718170132782973e+01
6.908063531493430887e+00 1.571409412851661713e+01
7.717400670381302064e+00 2.864373991257665453e-01
6.918091167195848712e+00 1.412876888416663235e+01
6.916410304450514523e+00 1.420083455106986570e+01
6.896428798627496803e+00 1.708844617905434049e+01
6.949859973163873939e+00 1.004252280484555016e+01
6.913318213902160281e+00 1.483199250594358354e+01
8.491458234904705193e+00 1.199021589760231044e-01
7.513617691594576264e+00 4.371272752057436817e-01
7.306621583772210826e+00 8.565588218030566470e-01
7.008885061870984146e+00 5.478563844100666103e+00
6.982569953724040879e+00 7.213800326758739168e+00
6.858885267258994389e+00 2.374238682968115910e+01
6.857507997081651041e+00 2.395853205121478169e+01
1.300100488311098879e+01 1.324296954752218584e-02
6.851806837116254378e+00 2.492214370249474342e+01
6.852920689977360702e+00 2.490819688730520909e+01
7.385626528151100878e+00 6.303728353185289457e-01
1.070559289497865763e+01 3.416592136482629605e-02
6.838450593448884618e+00 2.806860060564378401e+01
6.941475257351787498e+00 1.082092285389772357e+01
6.966786043052714206e+00 8.122506221542085569e+00
7.227983826775727039e+00 1.274811741404004994e+00
9.082863193035317195e+00 8.116438655835422900e-02
6.934615925481558918e+00 1.190498970510533994e+01
7.085745084240340219e+00 2.793359405762857239e+00
6.977286566712942673e+00 7.409116442721124685e+00
7.016142109898164669e+00 5.074685614580583426e+00
6.921587779638782578e+00 1.376839796861491294e+01
8.944184946137820447e+00 8.306664028651689069e-02
6.952217536118753038e+00 9.850736551377655914e+00
7.077029824603133790e+00 3.060027984120925026e+00
8.407957323206684208e+00 1.214543956934241997e-01
8.867096355300724042e+00 9.195767411607058683e-02
7.264740488561454157e+00 1.026972542374333885e+00
7.020945359319666679e+00 4.942571173067005219e+00
6.854083151561636278e+00 2.461777750484394289e+01
6.878183470138447220e+00 2.037721387118841321e+01
6.900720502656397137e+00 1.640183091334975884e+01
1.169069346460366177e+01 2.251323792242462124e-02
1.287384475651949245e+01 1.488865991572376792e-02
1.294479759747541259e+01 1.354032669833406081e-02
6.947192864244573940e+00 1.036070482024528161e+01
7.050045681365188166e+00 3.768606134960924336e+00
7.135522258026074205e+00 2.046034469157479219e+00
7.636797986168341268e+00 3.331370474377126079e-01
9.054983156716437165e+00 8.145516144793801816e-02
6.862853746442224789e+00 2.299518989892477450e+01
6.895670233260698723e+00 1.718287957099717289e+01
7.112160036732044333e+00 2.372765602469326218e+00
6.834767117445690765e+00 2.885992587411337595e+01
7.408540298687010583e+00 5.773587329789263700e-01
7.067382408770243707e+00 3.381679021993749590e+00
6.862598279926682920e+00 2.310405735780824443e+01
7.117550579004280564e+00 2.265979351710119882e+00
1.089981450348945202e+01 3.239011153265527326e-02
8.096015985321541208e+00 1.746778355894057499e-01
7.206999310146939841e+00 1.380004999630880747e+00
7.364008822348966810e+00 6.919849162813340726e-01
7.022460458311988951e+00 4.837484511046088009e+00
6.897360380412145275e+00 1.690694804102136573e+01
8.988164528156140420e+00 8.227530552223515092e-02
6.998152837769719525e+00 5.869640593850845356e+00
1.063777624125193100e+01 3.465192167364610637e-02
9.309538041027254351e+00 7.144039547760244746e-02
6.878062379269498372e+00 2.045574781343617232e+01
1.739697791348605094e+01 5.977647512607283005e-03
6.840225892284023779e+00 2.755241626839109514e+01
9.783412371815554565e+00 5.308020823595907545e-02
9.012006783652287467e+00 8.200572962435519198e-02
8.238337029383643539e+00 1.429182146266120002e-01
8.193919620523486103e+00 1.533736574877084813e-01
6.966701754966049265e+00 8.157835087848901878e+00
1.287384475651949245e+01 1.488865991572376792e-02
6.877538013237193937e+00 2.048792371099004228e+01
8.745664413022771200e+00 9.385860681756597046e-02
6.893991680110905129e+00 1.798013555148804343e+01
6.869088622225193674e+00 2.186167930843505047e+01
6.868919235242080035e+00 2.194799260631488735e+01
6.863585261679959082e+00 2.276949781971081421e+01
6.856260809242028742e+00 2.412325005734021488e+01
6.855295691537177660e+00 2.430480330120262877e+01
6.854343750677883484e+00 2.448635603276582984e+01
6.854590668420772914e+00 2.437748857388236345e+01
6.850014804143883751e+00 2.528524457414089710e+01
6.848272785567281140e+00 2.564834341488403879e+01
6.847420256874669597e+00 2.582989207552994060e+01
6.842334813338301736e+00 2.702059443298410102e+01
6.837866035406933385e+00 2.810716428366272979e+01
6.830781799774356067e+00 3.009879026310598960e+01
6.830584985816897436e+00 3.020765757418046604e+01
6.970826934224405136e+00 7.839605733967312418e+00
6.970719677821969107e+00 7.948563664610944102e+00
6.959960639632386759e+00 9.075543169994420012e+00
6.895435762557568182e+00 1.729094524821223189e+01
1.042006577211646068e+01 4.143088881154838310e-02
6.889613416809845070e+00 1.855849964106987215e+01
7.021309965008641463e+00 4.842032722893844898e+00
7.186042906254839657e+00 1.611993948572830737e+00
6.903396899010560084e+00 1.590670921772738744e+01
8.355105980030796076e+00 1.315594621183008572e-01
9.543286422557669013e+00 6.209133443138079023e-02
7.978962474600877819e+00 1.911422645802405285e-01
8.127772355488877665e+00 1.640676904655385682e-01
6.877173516206442905e+00 2.056432153123829920e+01
7.188133837765422918e+00 1.542452294151979597e+00
6.870643494001257956e+00 2.151415989575291832e+01
7.146972638956284207e+00 1.922077824554536685e+00
7.345069031071595589e+00 7.119436698734096236e-01
6.900856225966291113e+00 1.632935759888169969e+01
6.955274426368622365e+00 9.417179730120396997e+00
9.714793979248137035e+00 5.447368183700840305e-02
6.884211951110149386e+00 1.952603656657751685e+01
9.498162926841523301e+00 6.243298474465213549e-02
8.848110800280789334e+00 9.224817637494088507e-02
8.317322165414752888e+00 1.417623149108084568e-01
7.493727142667691687e+00 4.780826894362079638e-01
1.131298499898054999e+01 2.627038220071741328e-02
6.956369762746643204e+00 9.398019485814248952e+00
6.925796679145979518e+00 1.264935535751624052e+01
6.845037224070595450e+00 2.651297566311441756e+01
6.844522512121062441e+00 2.661482395836174319e+01
7.566888842459681186e+00 3.903950556541646022e-01
6.850932221685850365e+00 2.519837704095247943e+01
7.132363325532863563e+00 2.118711400657934174e+00
7.885590906485044904e+00 2.121788835327572398e-01
6.937743462615723722e+00 1.145427787063731984e+01
6.882288221518024329e+00 1.994296482020343220e+01
6.880128924670003698e+00 2.020501591915881434e+01
7.291184858788549938e+00 9.127876773161960333e-01
6.823811166004162487e+00 3.306945020761779830e+01
6.825105622550551310e+00 3.231942452617789030e+01
6.882737644562687329e+00 1.984187421026422626e+01
1.009589207815327327e+01 4.489305231528371853e-02
6.824231319115162897e+00 3.298928838658383711e+01
6.991671110639770426e+00 6.280993900008096986e+00
1.005408447704223285e+01 4.538280815478282215e-02
6.860001482274459050e+00 2.350589925431957639e+01
1.049990038065862663e+01 4.113146061292481670e-02
1.058770702944078401e+01 3.544831397604876477e-02
7.045155793686427970e+00 3.891579666165863927e+00
6.984591747973888154e+00 6.937498258090667669e+00
7.109319437012009857e+00 2.445318869561794006e+00
8.745664413022771200e+00 9.385860681756597046e-02
8.375921736177252441e+00 1.312933631332029449e-01
7.377016594224921953e+00 6.502701047731233031e-01
9.767183605876546437e+00 5.384015894567454469e-02
6.863663217064519984e+00 2.274694365870718116e+01
6.972723931134196640e+00 7.751148171105062268e+00
6.974652306923793788e+00 7.658518271861208149e+00
6.896112572161949394e+00 1.717464696600599439e+01
7.013874928771991257e+00 5.295713281882173717e+00
6.986771095202925608e+00 6.403424311121771240e+00
6.863064673689975415e+00 2.298723258966876415e+01
6.886786515558276811e+00 1.911628154840797933e+01
6.923424955955656657e+00 1.360647457879855793e+01
6.907923253017272280e+00 1.577709011586999033e+01
1.298894389295898577e+01 1.351618619058799452e-02
6.958150071873156151e+00 9.165417692191009991e+00
7.887951841701197786e+00 2.121641319867350051e-01
6.894868009128610531e+00 1.738215442365858721e+01
6.895435762557568182e+00 1.729094524821223189e+01
9.215166173709533837e+00 7.257454375504135413e-02
7.053898594846407910e+00 3.596478188168927392e+00
6.970826934224405136e+00 7.839605733967312418e+00
6.972723931134196640e+00 7.751148171105062268e+00
6.970719677821969107e+00 7.948563664610944102e+00
7.034954663966854760e+00 4.281584532644452601e+00
1.050978507123820549e+01 4.112913778296475864e-02
6.841218722902201677e+00 2.719503226616749458e+01
6.894868009128610531e+00 1.738215442365858721e+01
6.945605285035760801e+00 1.039188598599814739e+01
7.184329608936276479e+00 1.643408380996235874e+00
6.949012124067060370e+00 1.012718564902597862e+01
6.958150071873156151e+00 9.165417692191009991e+00
6.909650976225615970e+00 1.556096620269636510e+01
7.108358727517686049e+00 2.465987184699411028e+00
6.850014804143883751e+00 2.528524457414089710e+01
7.206999310146939841e+00 1.380004999630880747e+00
8.070436636767608363e+00 1.900374412417523695e-01
7.131026045920929590e+00 2.140943559767107374e+00
9.662188249288533370e+00 5.573346602468753908e-02
7.336660257625217341e+00 7.527568225722189865e-01
9.725044217126248114e+00 5.395247064782780072e-02
7.067773117144632522e+00 3.349383560525595271e+00
7.418481829669749672e+00 5.678568655802677112e-01
7.051299947584382721e+00 3.730325338489024034e+00
6.843322826672041614e+00 2.679301060924462874e+01
7.015790576814880275e+00 5.158453714634791964e+00
6.937743462615723722e+00 1.145427787063731984e+01
6.936315997116419219e+00 1.153862777264859218e+01
6.995448774797242031e+00 6.074681710562876980e+00
7.153298445286553786e+00 1.845911557865207664e+00
6.949570907369846395e+00 1.010651141274094300e+01
7.023527570933510766e+00 4.648483529512930978e+00
6.926987431668560014e+00 1.248157067125431574e+01
6.926894281743660287e+00 1.249934738588275351e+01
1.144868923083400958e+01 2.447380587790034742e-02
7.016142109898164669e+00 5.074685614580583426e+00
7.117550579004280564e+00 2.265979351710119882e+00
7.135522258026074205e+00 2.046034469157479219e+00
1.061192093582374518e+01 3.538457935516162167e-02
7.244892755174952903e+00 1.140049273417726328e+00
8.020626919868647065e+00 1.906421006139638885e-01
7.961845344196784247e+00 2.005665621962678946e-01
6.882288221518024329e+00 1.994296482020343220e+01
8.442304923728551458e+00 1.206905818960999632e-01
7.305878318540606209e+00 8.611980846081289664e-01
6.980711171897911349e+00 7.272148514980186995e+00
1.173596113974353727e+01 2.248398124805917747e-02
6.823811166004162487e+00 3.306945020761779830e+01
7.447656637708707450e+00 5.384781762078643119e-01
6.864471984526657522e+00 2.267424854731772399e+01
7.014412771292250603e+00 5.158565443262737915e+00
6.928854957154100269e+00 1.233742628756029269e+01
1.097885325783565591e+01 3.176031117321188174e-02
7.193201148388696176e+00 1.517347315323383183e+00
7.056952265274166969e+00 3.523803269561846641e+00
7.053898594846407910e+00 3.596478188168927392e+00
7.437672919929548598e+00 5.386422758143676326e-01
9.474312180681485174e+00 6.329135172291884548e-02
7.111137382738449197e+00 2.372810531041603443e+00
6.877173516206442905e+00 2.056432153123829920e+01
9.214248968940148998e+00 7.258418772156197130e-02
7.077029824603133790e+00 3.060027984120925026e+00
7.074758458164789765e+00 3.132641949452618313e+00
8.177750060300889245e+00 1.535371489637749887e-01
6.840766955462992627e+00 2.741692587178798490e+01
7.056952265274166969e+00 3.523803269561846641e+00
7.291184858788549938e+00 9.127876773161960333e-01
9.433587658909411644e+00 6.333547013628991473e-02
6.916410304450514523e+00 1.420083455106986570e+01
6.897023480327279188e+00 1.704731691399516080e+01
6.868813118993012168e+00 2.197054676731852396e+01
6.867685594117444836e+00 2.215211160336146534e+01
6.879761328437068890e+00 2.033975189960579399e+01
7.153298445286553786e+00 1.845911557865207664e+00
6.856227394777823392e+00 2.414580421834384794e+01
6.855295691537177660e+00 2.430480330120262877e+01
6.854590668420772914e+00 2.437748857388236345e+01
6.977172776790326658e+00 7.482745410141490972e+00
6.977286566712942673e+00 7.409116442721124685e+00
7.498115019880618348e+00 4.538620458475321473e-01
