0.000000000000000000e+00 2.948291899282263367e-04 2.391100587064585049e-03 2.351773257654759706e-04 3.974001085750019724e-04 2.150356535994840277e-04 2.150356535994840277e-04
0.000000000000000000e+00 2.948291899282263367e-04 3.566820820504548045e-03 2.934917512389371819e+00 9.837755329160133844e-01 2.922808217670964481e+01 2.016500529005249218e-02
0.000000000000000000e+00 3.025061749050248915e-04 2.330269946368406214e-03 2.311433306614446288e-04 4.017144440426067848e-04 2.150356535994840277e-04 2.948291899282263367e-04
0.000000000000000000e+00 4.517113468107878099e-04 2.300208623118810657e-03 2.351773257654759706e-04 3.974001085750019724e-04 2.150356535994840277e-04 2.150356535994840277e-04
0.000000000000000000e+00 2.110139522177564885e-04 3.528566292015173668e-03 3.025061749050248915e-04 1.553360168569208229e-03 2.432562323697734237e-04 5.837513794729743940e-04
0.000000000000000000e+00 2.948291899282263367e-04 2.391100587064585049e-03 2.351773257654759706e-04 3.974001085750019724e-04 9.543294229155686523e-03 2.422376362837622968e-04
0.000000000000000000e+00 2.948291899282263367e-04 2.643846456567278819e-03 2.311433306614446288e-04 1.147137121360105238e-03 2.150356535994840277e-04 2.432562323697734237e-04
0.000000000000000000e+00 4.517113468107878099e-04 2.300208623118810657e-03 3.025061749050248915e-04 3.974001085750019724e-04 2.948291899282263367e-04 2.150356535994840277e-04
0.000000000000000000e+00 3.025061749050248915e-04 2.391100587064585049e-03 2.311433306614446288e-04 3.974001085750019724e-04 2.150356535994840277e-04 5.837513794729743940e-04
0.000000000000000000e+00 2.110139522177564885e-04 3.528566292015173668e-03 2.839454541651371044e-04 1.127902849501565300e-03 2.190590579645674359e-04 2.110139522177564885e-04
0.000000000000000000e+00 2.948291899282263367e-04 2.270383296408223003e-03 9.538800276441742818e-03 3.912098351270302046e-03 8.505384529544251278e-04 2.377020460513788378e-04
0.000000000000000000e+00 3.025061749050248915e-04 2.421869812968675557e-03 2.311433306614446288e-04 4.277583299869554918e-04 2.150356535994840277e-04 6.335870054716421455e-04
0.000000000000000000e+00 3.025061749050248915e-04 2.270383296408223003e-03 1.885079793581502169e-02 4.817674623941156425e-04 2.441711991541659272e-04 2.441711991541659272e-04
0.000000000000000000e+00 3.025061749050248915e-04 2.391100587064585049e-03 2.311433306614446288e-04 1.166582130681997984e-03 2.110139522177564885e-04 2.150356535994840277e-04
0.000000000000000000e+00 2.948291899282263367e-04 3.566820820504548045e-03 2.893011319846949370e+00 1.559587184842857521e+00 7.208461118042979621e+00 1.881502830036837493e+00
0.000000000000000000e+00 2.948291899282263367e-04 3.566820820504548045e-03 2.851105127304527809e+00 1.103141851294036968e+00 8.504934046393447744e+00 2.040893971422336750e-01
0.000000000000000000e+00 2.948291899282263367e-04 3.566820820504548045e-03 3.754869352934655513e+00 1.196644119126297756e+00 2.505371383926757645e+01 1.271389046702765091e+00
0.000000000000000000e+00 3.025061749050248915e-04 2.391100587064585049e-03 2.311433306614446288e-04 1.166582130681997984e-03 2.110139522177564885e-04 2.150356535994840277e-04
0.000000000000000000e+00 2.948291899282263367e-04 3.566820820504548045e-03 2.893011319846949370e+00 1.850043046169629557e+00 2.741324111390836649e+01 2.606195307394804095e-01
0.000000000000000000e+00 2.948291899282263367e-04 3.566820820504548045e-03 3.854951945682905556e+00 2.604972683165966529e+00 2.251298414919881452e+01 5.447672653210663407e-01
0.000000000000000000e+00 2.948291899282263367e-04 3.566820820504548045e-03 3.804910649308780091e+00 1.269277161863460179e+00 2.668723155149825743e+01 2.596746271250833030e-02
0.000000000000000000e+00 2.948291899282263367e-04 3.566820820504548045e-03 3.604745463812280448e+00 1.196583410637473532e+00 2.813912934435495927e+01 2.603162940365656361e-02
0.000000000000000000e+00 2.948291899282263367e-04 3.566820820504548045e-03 3.804910649308780091e+00 1.341891127195153022e+00 2.650575042374346424e+01 2.335808420968341348e-01
0.000000000000000000e+00 2.948291899282263367e-04 3.566820820504548045e-03 2.893011319846949370e+00 9.240549231370936978e-01 1.342910302250631105e+01 2.224124707444239957e-01
0.000000000000000000e+00 2.948291899282263367e-04 2.391100587064585049e-03 2.351773257654759706e-04 3.974001085750019724e-04 2.150356535994840277e-04 2.150356535994840277e-04
0.000000000000000000e+00 2.948291899282263367e-04 2.360567276636679323e-03 1.884180812742967601e-02 4.009061439709705674e-03 8.970545491901322751e-04 2.395942883845946436e-04
0.000000000000000000e+00 2.948291899282263367e-04 3.566820820504548045e-03 3.804910649308780091e+00 1.414505092526845864e+00 2.378329521487556875e+01 1.582732130287632266e+00
0.000000000000000000e+00 2.948291899282263367e-04 3.566820820504548045e-03 2.934917512389371819e+00 1.850065667985691942e+00 1.307490507092963661e+01 4.115383463359809785e-02
0.000000000000000000e+00 2.948291899282263367e-04 5.922257392650321917e-01 2.124826557297139207e+00 1.414523600480779519e+00 2.315991869968445638e+00 1.486169100404063637e-01
0.000000000000000000e+00 2.948291899282263367e-04 2.360567276636679323e-03 9.538800276441742818e-03 1.907855771179682580e-02 2.460873183031039575e-04 2.414694001053035045e-04
0.000000000000000000e+00 2.948291899282263367e-04 1.234193880780603436e+00 1.819158350199574059e+00 2.251600303028589156e+00 5.479962729906145746e+00 3.621916950874060764e-02
0.000000000000000000e+00 2.948291899282263367e-04 3.566820820504548045e-03 2.214159157141553980e+00 1.103038578157183203e+00 5.942399403377699230e+00 2.046760239627990252e+00
0.000000000000000000e+00 2.948291899282263367e-04 3.566820820504548045e-03 2.214159157141553980e+00 2.212964029600195115e+00 7.352561179339796027e+00 2.040038557706583267e-01
0.000000000000000000e+00 2.948291899282263367e-04 3.566820820504548045e-03 3.754869352934655513e+00 1.487099980453069792e+00 2.469078590504047099e+01 2.575855632264922521e-02
0.000000000000000000e+00 3.025061749050248915e-04 2.360567276636679323e-03 2.948291899282263367e-04 3.930935669964432983e-04 2.150356535994840277e-04 5.837513794729743940e-04
0.000000000000000000e+00 2.948291899282263367e-04 3.566820820504548045e-03 2.893011319846949370e+00 1.850043046169629557e+00 2.723174297587538462e+01 3.407655342754910555e-01
0.000000000000000000e+00 2.948291899282263367e-04 3.566820820504548045e-03 2.179033518345393716e+00 1.043314321053944393e+00 9.513242009970992896e+00 2.217505632285285966e+00
0.000000000000000000e+00 3.025061749050248915e-04 2.391100587064585049e-03 2.351773257654759706e-04 3.974001085750019724e-04 2.150356535994840277e-04 6.335870054716421455e-04
0.000000000000000000e+00 2.948291899282263367e-04 3.566820820504548045e-03 2.767292742219683355e+00 2.140427336908631073e+00 1.124808125648330837e+01 4.075169389799352532e-02
0.000000000000000000e+00 2.948291899282263367e-04 3.566820820504548045e-03 3.754869352934655513e+00 1.414486015121376727e+00 2.414627462931471769e+01 1.582758100213526475e+00
0.000000000000000000e+00 2.948291899282263367e-04 3.566820820504548045e-03 2.893011319846949370e+00 1.043458944123177412e+00 8.504934046393447744e+00 2.049720946023368295e+00
0.000000000000000000e+00 2.948291899282263367e-04 3.566820820504548045e-03 2.893011319846949370e+00 1.043458944123177412e+00 8.360875204070993050e+00 3.621916950874060764e-02
0.000000000000000000e+00 2.948291899282263367e-04 1.328866530911664706e-02 2.893019770346890063e+00 1.704837737322306035e+00 1.652333582165130110e+01 4.219803388028704749e-02
0.000000000000000000e+00 2.948291899282263367e-04 8.648280177171461247e-01 1.724744297476173305e+00 2.251517003913584780e+00 3.468575693609054156e+00 1.740761987961504109e-01
0.000000000000000000e+00 2.948291899282263367e-04 8.648280177171461247e-01 1.151013050888460176e+00 1.922679633317385006e+00 2.849991503362860890e+00 1.486912236148867084e-01
0.000000000000000000e+00 2.948291899282263367e-04 3.566820820504548045e-03 2.934917512389371819e+00 4.989314755571021109e+00 1.343823629500332650e+01 4.266493275409656560e-02
0.000000000000000000e+00 2.948291899282263367e-04 8.449141483381912288e-01 2.415892092929266877e+00 2.163255544296353250e+00 3.607197779714196972e+00 3.009776071859974686e-02
0.000000000000000000e+00 2.948291899282263367e-04 2.330269946368406214e-03 4.675083168039347037e-02 1.542890914023710989e-03 9.055143188644613692e-04 2.498681957179608678e-04
0.000000000000000000e+00 2.948291899282263367e-04 8.648280177171461247e-01 2.177118540927645007e+00 2.163196077984613996e+00 3.344882810572691767e+00 1.740761987961504109e-01
0.000000000000000000e+00 2.948291899282263367e-04 3.566820820504548045e-03 2.179033518345393716e+00 7.744072396722931906e-01 9.657270007001745427e+00 2.217420090913718500e+00
0.000000000000000000e+00 2.948291899282263367e-04 3.566820820504548045e-03 3.704828056560530047e+00 1.487080327691671533e+00 2.269428952505085917e+01 3.320649048519419555e-02
0.000000000000000000e+00 2.948291899282263367e-04 3.566820820504548045e-03 2.179033518345393716e+00 1.222420352533069687e+00 5.942412260449143169e+00 2.190899991310552686e+00
0.000000000000000000e+00 2.948291899282263367e-04 1.328866530911664706e-02 2.851113577804468058e+00 1.043458944123177412e+00 7.928698677103616532e+00 3.595911402116371697e-02
0.000000000000000000e+00 2.948291899282263367e-04 3.566820820504548045e-03 2.934917512389371819e+00 5.094401417591938319e+00 1.361974808880011345e+01 4.279323303398513412e-02
0.000000000000000000e+00 2.948291899282263367e-04 3.566820820504548045e-03 3.854951945682905556e+00 1.414523600480779519e+00 2.323881751459444445e+01 4.398572639476017732e-01
0.000000000000000000e+00 2.948291899282263367e-04 1.328866530911664706e-02 3.504672962030218830e+00 1.850087683320782661e+00 1.398241247491236550e+01 4.161690078064682330e-02
0.000000000000000000e+00 2.948291899282263367e-04 3.566820820504548045e-03 2.893011319846949370e+00 1.043458944123177412e+00 1.158350532583460790e+01 3.712896288119708205e-02
0.000000000000000000e+00 2.948291899282263367e-04 3.566820820504548045e-03 3.854951945682905556e+00 2.516608763352870870e+00 2.069798748902930541e+01 5.751680768976239477e-01
0.000000000000000000e+00 2.948291899282263367e-04 3.566820820504548045e-03 2.214159157141553980e+00 1.401548630622392322e+00 1.158350532583460790e+01 3.712896288119708205e-02
0.000000000000000000e+00 2.948291899282263367e-04 3.566820820504548045e-03 3.754869352934655513e+00 1.341872049789683663e+00 2.396475948100355069e+01 1.790319231097777797e+00
0.000000000000000000e+00 2.948291899282263367e-04 1.328866530911664706e-02 2.767301192719624048e+00 2.140451818041317900e+00 7.064483645633868214e+00 1.881936259761442853e+00
0.000000000000000000e+00 3.025061749050248915e-04 2.360567276636679323e-03 2.814481597841760052e-02 1.136668620909935326e-02 8.868243530229014170e-04 2.433276217459231887e-04
0.000000000000000000e+00 2.948291899282263367e-04 3.566820820504548045e-03 3.854951945682905556e+00 1.414523600480779519e+00 1.452690688901131644e+01 4.163012507879351731e-02
0.000000000000000000e+00 2.948291899282263367e-04 1.328866530911664706e-02 2.851113577804468058e+00 1.922657011501322177e+00 1.470838831322648055e+01 4.163012507879351731e-02
0.000000000000000000e+00 2.948291899282263367e-04 3.566820820504548045e-03 2.934917512389371819e+00 2.604800218668365197e+00 1.343796732368029723e+01 4.161690078064682330e-02
0.000000000000000000e+00 2.948291899282263367e-04 3.566820820504548045e-03 2.893011319846949370e+00 1.922657011501322177e+00 1.158365062900715259e+01 4.091433271144631623e-02
0.000000000000000000e+00 2.948291899282263367e-04 3.566820820504548045e-03 2.809198934762105804e+00 2.140451818041317900e+00 1.091252733493163518e+01 4.066947998189569119e-02
0.000000000000000000e+00 2.948291899282263367e-04 3.566820820504548045e-03 3.854951945682905556e+00 1.269295669817393390e+00 2.106080628275402944e+01 4.025945236986503556e-02
0.000000000000000000e+00 2.948291899282263367e-04 1.234193880780603436e+00 1.819158350199574059e+00 2.251600303028589156e+00 5.191845045261231029e+00 2.038310585100189809e-01
0.000000000000000000e+00 3.025061749050248915e-04 2.643846456567278819e-03 3.744782382940554238e-02 1.013535400026168050e-02 3.563419345954297289e-04 2.451691870160407796e-04
0.000000000000000000e+00 2.948291899282263367e-04 3.566820820504548045e-03 3.854951945682905556e+00 1.341909635149086455e+00 2.106082314438083003e+01 4.030896471742687059e-02
0.000000000000000000e+00 2.948291899282263367e-04 3.566820820504548045e-03 2.934917512389371819e+00 1.850065667985691942e+00 1.398239576109454951e+01 4.154119185713806006e-02
0.000000000000000000e+00 2.948291899282263367e-04 3.566820820504548045e-03 2.214159157141553980e+00 1.401548630622392322e+00 1.158350532583460790e+01 3.712896288119708205e-02
0.000000000000000000e+00 2.948291899282263367e-04 3.566820820504548045e-03 2.934917512389371819e+00 2.516436298855269982e+00 1.361944918637225932e+01 4.161690078064682330e-02
0.000000000000000000e+00 2.948291899282263367e-04 3.566820820504548045e-03 3.854951945682905556e+00 2.516608763352870870e+00 2.251296886935912411e+01 4.409355291654716846e-01
0.000000000000000000e+00 2.948291899282263367e-04 6.256579739715540933e-01 1.402297466338260801e+00 6.852654804508043762e-01 1.091925718469466400e+00 2.816380059335062969e-01
0.000000000000000000e+00 2.110139522177564885e-04 3.528566292015173668e-03 2.311433306614446288e-04 1.506882012361496995e-03 2.513518166510525270e-04 3.181784291012539480e-04
0.000000000000000000e+00 2.948291899282263367e-04 3.566820820504548045e-03 3.854951945682905556e+00 1.414523600480779519e+00 1.470840502704429476e+01 4.170313059284400797e-02
0.000000000000000000e+00 2.948291899282263367e-04 3.566820820504548045e-03 2.893011319846949370e+00 1.043458944123177412e+00 8.504934046393447744e+00 1.881936259761442853e+00
0.000000000000000000e+00 2.948291899282263367e-04 3.566820820504548045e-03 2.809198934762105804e+00 1.162824248932164073e+00 8.216816361748533026e+00 1.881764605900575038e+00
0.000000000000000000e+00 2.948291899282263367e-04 3.566820820504548045e-03 2.893011319846949370e+00 1.777429080837936715e+00 1.361936561312358940e+01 4.123248454049513456e-02
0.000000000000000000e+00 2.948291899282263367e-04 1.234193880780603436e+00 1.819158350199574059e+00 2.251600303028589156e+00 5.191845045261231029e+00 3.604637224810126189e-02
0.000000000000000000e+00 2.948291899282263367e-04 3.566820820504548045e-03 3.854951945682905556e+00 2.339880923726680440e+00 1.670499747208128127e+01 2.054683471675357587e-01
0.000000000000000000e+00 2.948291899282263367e-04 2.452874851388446142e-03 9.538800276441742818e-03 9.915648000931436348e-03 3.685891983112616222e-04 2.441711991541659272e-04
0.000000000000000000e+00 2.948291899282263367e-04 1.328866530911664706e-02 2.851113577804468058e+00 1.704815115506243428e+00 1.208695751190561474e+01 4.091433271144631623e-02
0.000000000000000000e+00 2.948291899282263367e-04 3.566820820504548045e-03 3.854951945682905556e+00 1.341909635149086455e+00 2.305730266274363771e+01 3.331545639524672447e-02
0.000000000000000000e+00 2.948291899282263367e-04 3.566820820504548045e-03 3.804910649308780091e+00 1.898038802335784148e+00 1.761239180241270574e+01 3.939809744101209488e-02
0.000000000000000000e+00 3.025061749050248915e-04 2.240793918937820407e-03 2.818536493950783012e-02 1.705384047345754163e-03 8.922364134771967360e-04 2.414694001053035045e-04
0.000000000000000000e+00 2.948291899282263367e-04 3.566820820504548045e-03 3.804910649308780091e+00 1.487119057858539151e+00 2.450930448082531043e+01 5.447920047834613477e-01
0.000000000000000000e+00 2.948291899282263367e-04 8.648280177171461247e-01 2.177118540927645007e+00 2.163196077984613996e+00 3.344882810572691767e+00 1.740761987961504109e-01
0.000000000000000000e+00 2.948291899282263367e-04 3.528566292015173668e-03 2.311433306614446288e-04 1.127902849501565300e-03 2.513518166510525270e-04 2.150356535994840277e-04
0.000000000000000000e+00 2.948291899282263367e-04 8.648280177171461247e-01 1.151013050888460176e+00 9.837755329160133844e-01 1.417173254843975494e+00 2.010173982795567665e-02
0.000000000000000000e+00 2.948291899282263367e-04 3.566820820504548045e-03 3.854951945682905556e+00 2.604972683165966529e+00 2.269448228723179284e+01 2.575855632264922521e-02
0.000000000000000000e+00 2.948291899282263367e-04 2.452874851388446142e-03 3.744782382940554238e-02 2.042343066537776874e-03 8.323461492737474184e-04 2.479862380315442437e-04
0.000000000000000000e+00 2.948291899282263367e-04 3.566820820504548045e-03 3.804910649308780091e+00 1.487119057858539151e+00 1.706788082147305374e+01 4.259993542290963636e-02
0.000000000000000000e+00 2.948291899282263367e-04 1.328866530911664706e-02 2.893019770346890063e+00 1.777451702653998655e+00 1.380088076143475817e+01 4.138801458131190908e-02
0.000000000000000000e+00 2.948291899282263367e-04 3.566820820504548045e-03 3.854951945682905556e+00 2.516608763352870870e+00 2.033499121296334167e+01 5.750934002171945725e-01
0.000000000000000000e+00 3.025061749050248915e-04 2.515591760056040856e-03 1.025688787863209689e-01 3.776117380151743693e-03 1.130645117103945899e-03 2.908077860167684056e-04
0.000000000000000000e+00 3.025061749050248915e-04 2.391100587064585049e-03 9.543294229155686523e-03 3.785821924779708084e-03 3.619428597781702882e-04 2.377020460513788378e-04
0.000000000000000000e+00 2.948291899282263367e-04 8.648280177171461247e-01 1.151013050888460176e+00 9.837755329160133844e-01 1.417173254843975494e+00 2.302750638697899921e-01
0.000000000000000000e+00 2.948291899282263367e-04 3.566820820504548045e-03 3.854951945682905556e+00 1.414523600480779519e+00 2.069784358213269471e+01 4.025945236986503556e-02
0.000000000000000000e+00 2.948291899282263367e-04 3.566820820504548045e-03 2.934917512389371819e+00 1.777451702653998655e+00 1.325638634733580901e+01 4.115383463359809785e-02
0.000000000000000000e+00 2.948291899282263367e-04 1.328866530911664706e-02 3.754879443900843494e+00 1.341891127195153022e+00 1.851983235029227970e+01 3.951293941473139198e-02
0.000000000000000000e+00 2.948291899282263367e-04 3.566820820504548045e-03 3.754869352934655513e+00 1.487099980453069792e+00 2.106082314438083003e+01 2.063215353354302950e-01
0.000000000000000000e+00 3.025061749050248915e-04 2.330269946368406214e-03 1.886430121339024990e-02 1.596864695434114080e-03 8.736703401932600661e-04 2.441711991541659272e-04
0.000000000000000000e+00 2.948291899282263367e-04 3.566820820504548045e-03 2.934917512389371819e+00 9.837755329160133844e-01 1.275799812966805469e+01 2.222498319309797743e-01
0.000000000000000000e+00 2.948291899282263367e-04 6.089418566182930315e-01 2.024777142718811263e+00 1.487119057858539151e+00 1.895645221884777243e+00 2.461160144158560520e-02
0.000000000000000000e+00 2.948291899282263367e-04 3.566820820504548045e-03 3.854951945682905556e+00 1.341909635149086455e+00 1.706786410765523954e+01 4.253437210351613401e-02
0.000000000000000000e+00 2.948291899282263367e-04 1.328866530911664706e-02 2.851113577804468058e+00 1.704815115506243428e+00 1.208695751190561474e+01 4.091433271144631623e-02
0.000000000000000000e+00 2.948291899282263367e-04 3.566820820504548045e-03 3.804910649308780091e+00 1.414505092526845864e+00 2.323880080077661603e+01 3.335096751576442642e-02
0.000000000000000000e+00 3.025061749050248915e-04 2.360567276636679323e-03 5.605383953138140529e-02 1.887163390436911612e-03 9.390109489832413779e-04 2.469943230828653660e-04
0.000000000000000000e+00 2.948291899282263367e-04 6.256579739715540933e-01 1.360391273795838574e+00 7.449488916579685149e-01 1.091925718469466400e+00 3.700019257466017897e-01
0.000000000000000000e+00 2.948291899282263367e-04 2.894333356742449515e-01 1.001942029870435347e+00 2.273809449831927232e-01 2.529197392613509177e-01 8.331053737147228397e-03
0.000000000000000000e+00 2.948291899282263367e-04 8.648280177171461247e-01 1.151013050888460176e+00 1.850065667985691942e+00 2.421068854758823274e+00 1.486169100404063637e-01
0.000000000000000000e+00 2.948291899282263367e-04 2.330269946368406214e-03 9.538800276441742818e-03 2.928185484260918507e-03 8.738686791538682105e-04 2.377020460513788378e-04
0.000000000000000000e+00 2.948291899282263367e-04 8.648280177171461247e-01 9.414820881763498184e-01 1.222485482621715747e+00 1.682256138294002890e+00 2.023995378515118515e-02
0.000000000000000000e+00 2.948291899282263367e-04 3.490522795068585430e-03 2.011517356371158582e-01 1.790035199778318084e-02 2.619464160867128813e-02 1.272505774763482006e-02
0.000000000000000000e+00 2.948291899282263367e-04 3.566820820504548045e-03 2.934917512389371819e+00 1.850065667985691942e+00 1.380089762306156587e+01 4.146489679856184274e-02
0.000000000000000000e+00 2.948291899282263367e-04 3.566820820504548045e-03 2.934917512389371819e+00 1.777451702653998655e+00 1.398237889946773649e+01 4.146489679856184274e-02
0.000000000000000000e+00 2.948291899282263367e-04 3.566820820504548045e-03 3.854951945682905556e+00 1.414523600480779519e+00 1.488990316507728018e+01 4.177555790741727115e-02
0.000000000000000000e+00 2.948291899282263367e-04 3.566820820504548045e-03 2.893011319846949370e+00 5.199455341404331854e+00 1.253075926060222223e+01 4.240154388318769646e-02
0.000000000000000000e+00 2.948291899282263367e-04 3.566820820504548045e-03 2.934917512389371819e+00 5.094401417591938319e+00 1.343824995076712980e+01 4.272936499404612898e-02
0.000000000000000000e+00 2.948291899282263367e-04 1.328866530911664706e-02 3.804920740274968960e+00 1.269295669817393390e+00 1.960882117849017447e+01 3.984511987756613610e-02
0.000000000000000000e+00 2.948291899282263367e-04 3.566820820504548045e-03 3.854951945682905556e+00 1.341909635149086455e+00 2.015333245421592423e+01 4.005634796601099251e-02
0.000000000000000000e+00 2.948291899282263367e-04 3.566820820504548045e-03 3.854951945682905556e+00 1.414523600480779519e+00 2.015334916803374909e+01 4.010788379376054036e-02
0.000000000000000000e+00 2.948291899282263367e-04 3.566820820504548045e-03 2.934917512389371819e+00 1.777451702653998655e+00 1.325638634733580901e+01 2.226519726665843468e-01
0.000000000000000000e+00 2.948291899282263367e-04 3.566820820504548045e-03 3.854951945682905556e+00 1.341909635149086455e+00 2.033483059224891321e+01 4.010788379376054036e-02
0.000000000000000000e+00 2.948291899282263367e-04 3.566820820504548045e-03 3.854951945682905556e+00 1.341909635149086455e+00 2.051632873028188797e+01 4.015891264318949966e-02
0.000000000000000000e+00 2.948291899282263367e-04 3.566820820504548045e-03 3.854951945682905556e+00 1.341909635149086455e+00 2.069782686831487695e+01 4.020943525610445185e-02
0.000000000000000000e+00 2.948291899282263367e-04 3.566820820504548045e-03 3.854951945682905556e+00 1.341909635149086455e+00 2.160531755847978630e+01 1.685071348962510485e-01
0.000000000000000000e+00 2.948291899282263367e-04 3.566820820504548045e-03 3.854951945682905556e+00 1.414523600480779519e+00 2.342031565262741921e+01 3.342077681410974416e-02
0.000000000000000000e+00 2.948291899282263367e-04 2.911553900243270005e-03 1.025688787863209689e-01 4.517727166789613398e-03 1.165202710060678389e-03 2.908077860167684056e-04
0.000000000000000000e+00 2.948291899282263367e-04 3.566820820504548045e-03 2.893011319846949370e+00 5.094368679383413756e+00 1.271224374287139902e+01 4.240154388318769646e-02
0.000000000000000000e+00 2.948291899282263367e-04 8.847418870961011317e-01 1.624690036544945260e+00 2.251494481588164120e+00 1.685519016934889036e+00 6.433564904448756394e-01
0.000000000000000000e+00 2.948291899282263367e-04 8.449141483381912288e-01 1.724715388519443948e+00 2.339858401401259336e+00 3.097464938729552308e+00 2.977310855478870755e-02
0.000000000000000000e+00 2.948291899282263367e-04 3.566820820504548045e-03 3.804910649308780091e+00 1.487119057858539151e+00 2.142383613426461864e+01 3.301673829314679537e-02
0.000000000000000000e+00 2.948291899282263367e-04 9.046557564750559166e-01 1.574676502484227747e+00 2.251494481588164120e+00 2.726343385010125964e+00 2.528045539398942471e-02
0.000000000000000000e+00 2.948291899282263367e-04 8.449141483381912288e-01 1.774756684893569192e+00 2.163153084100489121e+00 2.850046969969961097e+00 2.535255536906953766e-02
0.000000000000000000e+00 2.948291899282263367e-04 3.141412120255282492e-01 4.073200606245138689e-01 6.133924289951268038e-01 3.367270205807610939e-01 8.414086724965760475e-03
0.000000000000000000e+00 3.025061749050248915e-04 2.980788225190484156e-03 9.326587093533302009e-02 3.810145410685379392e-03 1.143126383799235833e-03 2.943881128547921086e-04
0.000000000000000000e+00 2.948291899282263367e-04 6.089418566182930315e-01 2.074818439092936728e+00 1.414523600480779519e+00 2.000731883905694009e+00 2.468770490968873188e-02
0.000000000000000000e+00 2.948291899282263367e-04 3.141412120255282492e-01 1.350724447527817507e+00 7.243845900607309707e-01 5.395259889221983851e-01 1.308634224674862061e-02
0.000000000000000000e+00 2.948291899282263367e-04 3.566820820504548045e-03 2.179033518345393716e+00 1.162718342040027997e+00 6.066102988337534363e+00 1.740761987961504109e-01
0.000000000000000000e+00 2.948291899282263367e-04 3.566820820504548045e-03 3.854951945682905556e+00 1.269295669817393390e+00 2.196829697291893524e+01 3.305550562891653582e-02
0.000000000000000000e+00 2.948291899282263367e-04 6.423740913248149331e-01 1.924759007834820901e+00 1.487119057858539151e+00 1.790558559863859811e+00 2.453504777888198748e-02
0.000000000000000000e+00 3.025061749050248915e-04 2.270383296408223003e-03 9.538800276441742818e-03 1.877777661303379857e-03 8.552383095199641563e-04 2.422376362837622968e-04
0.000000000000000000e+00 2.948291899282263367e-04 3.566820820504548045e-03 2.179033518345393716e+00 1.162718342040027997e+00 6.066102988337534363e+00 3.181350411186077420e-01
0.000000000000000000e+00 2.948291899282263367e-04 3.141412120255282492e-01 1.350724447527817507e+00 6.743432936866058380e-01 9.466590799809738721e-01 1.317152915007831215e-02
0.000000000000000000e+00 2.948291899282263367e-04 3.017872738498865726e-01 1.385821423301661470e+00 6.743432936866058380e-01 5.395195162074695183e-01 2.308756132170665110e-01
0.000000000000000000e+00 2.948291899282263367e-04 3.566820820504548045e-03 3.804910649308780091e+00 1.341891127195153022e+00 1.960882117849017447e+01 3.984511987756613610e-02
0.000000000000000000e+00 2.948291899282263367e-04 3.566820820504548045e-03 2.851105127304527809e+00 5.304508378018916837e+00 1.271225739863520054e+01 4.246824189314987730e-02
0.000000000000000000e+00 2.948291899282263367e-04 3.528566292015173668e-03 2.814481597841760052e-02 1.002054046404498265e-02 2.433276217459231887e-04 2.479862380315442437e-04
0.000000000000000000e+00 3.025061749050248915e-04 3.452691739427951080e-03 2.011517356371158582e-01 7.961220509082636565e-02 7.305650241635461284e-02 5.145576393881573420e-04
0.000000000000000000e+00 2.948291899282263367e-04 8.847418870961011317e-01 2.535364405297124701e+00 1.721506129572109023e+00 4.327479863400325755e+00 3.041434863628450502e-02
0.000000000000000000e+00 2.948291899282263367e-04 2.911553900243270005e-03 8.396286308434509904e-02 3.979140062495758502e-03 1.143552650187923620e-03 2.868212366135504594e-04
0.000000000000000000e+00 2.948291899282263367e-04 3.452691739427951080e-03 4.675083168039347037e-02 3.999562896212061937e-03 2.451691870160407796e-04 9.903813317097900915e-04
0.000000000000000000e+00 2.948291899282263367e-04 1.328866530911664706e-02 2.851113577804468058e+00 1.043458944123177412e+00 8.504934046393447744e+00 2.049720946023368295e+00
0.000000000000000000e+00 2.948291899282263367e-04 1.328866530911664706e-02 2.893019770346890063e+00 1.559609806658919906e+00 1.634180321368445377e+01 4.198938039493007451e-02
0.000000000000000000e+00 2.948291899282263367e-04 1.210195598922230609e+00 1.819129124493275684e+00 2.163216563311642027e+00 5.047761836019115655e+00 3.578287245928677557e-02
0.000000000000000000e+00 2.948291899282263367e-04 8.648280177171461247e-01 1.724744297476173305e+00 2.163153084100489121e+00 3.592268479728967012e+00 3.001735647369310409e-02
0.000000000000000000e+00 2.948291899282263367e-04 1.328866530911664706e-02 2.968101728748564483e-01 6.272064008392950335e-03 1.775635895769698668e-03 4.271530089748412098e-04
0.000000000000000000e+00 2.948291899282263367e-04 3.566820820504548045e-03 2.011517356371158582e-01 1.790035199778318084e-02 1.494045845276483625e-03 3.597881882562314502e-04
0.000000000000000000e+00 2.948291899282263367e-04 3.566820820504548045e-03 3.804910649308780091e+00 1.341891127195153022e+00 1.870133048832526512e+01 3.956958683533141896e-02
0.000000000000000000e+00 2.948291899282263367e-04 6.423740913248149331e-01 1.924759007834820901e+00 1.487119057858539151e+00 1.685471897842955258e+00 2.077719962296335071e-02
0.000000000000000000e+00 2.948291899282263367e-04 6.089418566182930315e-01 1.360364021785352096e+00 1.103141851294036968e+00 1.328809335030880279e+00 1.684428552078854474e-02
0.000000000000000000e+00 2.948291899282263367e-04 3.566820820504548045e-03 3.854951945682905556e+00 1.414523600480779519e+00 1.870136406376989768e+01 3.968133851273039636e-02
0.000000000000000000e+00 2.948291899282263367e-04 3.566820820504548045e-03 3.854951945682905556e+00 1.414523600480779519e+00 1.652338640737411168e+01 4.240154388318769646e-02
0.000000000000000000e+00 3.025061749050248915e-04 2.330269946368406214e-03 4.675083168039347037e-02 2.049976374677179702e-03 9.297539689264196347e-04 2.498681957179608678e-04
0.000000000000000000e+00 2.948291899282263367e-04 8.449141483381912288e-01 1.774756684893569192e+00 2.339880923726680440e+00 3.097475640653025053e+00 1.739138738398777473e-01
0.000000000000000000e+00 2.948291899282263367e-04 3.566820820504548045e-03 3.804910649308780091e+00 1.341891127195153022e+00 1.833833421225930493e+01 3.945577654954017521e-02
0.000000000000000000e+00 9.632457581951780687e-03 6.256791971553454790e-01 1.924759007834820901e+00 1.414505092526845864e+00 1.685462220612415463e+00 2.048249305668247214e-02
0.000000000000000000e+00 3.025061749050248915e-04 2.240793918937820407e-03 2.814930993113154770e-02 1.865426832823865316e-03 8.922364134771967360e-04 2.414694001053035045e-04
0.000000000000000000e+00 2.948291899282263367e-04 3.141412120255282492e-01 1.350724447527817507e+00 6.743432936866058380e-01 5.395195162074695183e-01 1.296425574940284452e-02
0.000000000000000000e+00 2.948291899282263367e-04 3.566820820504548045e-03 3.854951945682905556e+00 1.414523600480779519e+00 1.670488454540709000e+01 4.246824189314987730e-02
0.000000000000000000e+00 2.948291899282263367e-04 3.566820820504548045e-03 3.854951945682905556e+00 1.414523600480779519e+00 1.688638268344007543e+01 4.253437210351613401e-02
0.000000000000000000e+00 2.948291899282263367e-04 6.089418566182930315e-01 9.646246508022646715e-01 1.222442599143266806e+00 9.467128181232694617e-01 1.932740861204107763e-01
0.000000000000000000e+00 2.948291899282263367e-04 3.566820820504548045e-03 3.854951945682905556e+00 1.414523600480779519e+00 1.888286220180287600e+01 3.973644434216621474e-02
0.000000000000000000e+00 3.025061749050248915e-04 2.391100587064585049e-03 1.884180812742967601e-02 2.489364544394401940e-03 8.783831753383111946e-04 2.395942883845946436e-04
0.000000000000000000e+00 2.948291899282263367e-04 2.452874851388446142e-03 9.538800276441742818e-03 2.579722050692807161e-03 8.922125249092411562e-04 2.377020460513788378e-04
0.000000000000000000e+00 2.948291899282263367e-04 3.566820820504548045e-03 3.804910649308780091e+00 1.487119057858539151e+00 2.323881751459444445e+01 3.338607413828265091e-02
0.000000000000000000e+00 2.948291899282263367e-04 3.566820820504548045e-03 3.854951945682905556e+00 1.341909635149086455e+00 2.342029893880960145e+01 3.338607413828265091e-02
0.000000000000000000e+00 3.025061749050248915e-04 3.766744476788710383e-01 6.108736298342292148e-01 1.880408083616603998e-01 2.119703267491275245e-01 9.062341917259064683e-02
0.000000000000000000e+00 2.948291899282263367e-04 2.676496003864652952e-03 2.110139522177564885e-04 2.859569593009429408e-02 2.414694001053035045e-04 6.229140102412913417e-04
0.000000000000000000e+00 2.948291899282263367e-04 3.141412120255282492e-01 1.315598808731657687e+00 1.162718342040027997e+00 6.562419264793082352e-01 1.329399975293471536e-02
0.000000000000000000e+00 2.948291899282263367e-04 6.089418566182930315e-01 2.074818439092936728e+00 1.414523600480779519e+00 2.000731883905694009e+00 1.483912898695236571e-01
0.000000000000000000e+00 2.948291899282263367e-04 3.566820820504548045e-03 3.804910649308780091e+00 1.414505092526845864e+00 1.579737714142437177e+01 4.205950461958321562e-02
0.000000000000000000e+00 2.948291899282263367e-04 2.676496003864652952e-03 5.605383953138140529e-02 3.715446715692127377e-03 9.819380041221628056e-04 2.469943230828653660e-04
0.000000000000000000e+00 2.948291899282263367e-04 2.259167316010457852e-02 8.568092549855124140e-01 8.321500571829647253e-02 8.185241940303459880e-04 2.757517617510866006e-02
0.000000000000000000e+00 2.948291899282263367e-04 2.643846456567278819e-03 6.535684738236934022e-02 2.370041524075752228e-03 9.869573507154307673e-04 2.535821415569615455e-04
0.000000000000000000e+00 2.948291899282263367e-04 6.256579739715540933e-01 1.924727092319336030e+00 1.487099980453069792e+00 1.370202234549663833e+00 2.051168260697993490e-02
0.000000000000000000e+00 2.948291899282263367e-04 2.259167316010457852e-02 2.851121927829199709e+00 9.837755329160133844e-01 1.175129001209652380e+01 4.024942110427414538e-02
0.000000000000000000e+00 2.948291899282263367e-04 3.566820820504548045e-03 3.804910649308780091e+00 1.414505092526845864e+00 1.979033617814996404e+01 3.995175238582528848e-02
0.000000000000000000e+00 2.948291899282263367e-04 3.528566292015173668e-03 9.326587093533302009e-02 3.854624740628675213e-03 1.143126383799235833e-03 2.888232524900767074e-04
0.000000000000000000e+00 2.948291899282263367e-04 8.847418870961011317e-01 1.674731332919070281e+00 2.251517003913584780e+00 1.580441528569217713e+00 6.433564904448756394e-01
0.000000000000000000e+00 2.948291899282263367e-04 3.566820820504548045e-03 2.179033518345393716e+00 1.222420352533069687e+00 5.818708675489308035e+00 2.993644711358812299e-02
0.000000000000000000e+00 2.948291899282263367e-04 3.189468101109250997e-02 5.687984744265721648e-01 1.486127142869825279e-01 2.480311173386080467e-02 3.530908430017918979e-03
0.000000000000000000e+00 2.948291899282263367e-04 1.210195598922230609e+00 1.878831134986317153e+00 2.163236383215493941e+00 4.903715232690155190e+00 3.578287245928677557e-02
0.000000000000000000e+00 2.948291899282263367e-04 3.566820820504548045e-03 2.893011319846949370e+00 9.837569336301356104e-01 8.648978418276614732e+00 3.630471088030798321e-02
0.000000000000000000e+00 2.948291899282263367e-04 3.566820820504548045e-03 2.143907879549233897e+00 1.162695550691784652e+00 6.066090021766132878e+00 6.061718164034173295e-01
0.000000000000000000e+00 2.948291899282263367e-04 1.328866530911664706e-02 3.804920740274968960e+00 1.414523600480779519e+00 1.851986592573690871e+01 3.962571960507345337e-02
0.000000000000000000e+00 2.948291899282263367e-04 3.566820820504548045e-03 3.804910649308780091e+00 1.487119057858539151e+00 1.743087709753901748e+01 7.033314697456061193e-01
0.000000000000000000e+00 2.948291899282263367e-04 3.528566292015173668e-03 6.535684738236934022e-02 3.977924404514403614e-03 9.482173805273653739e-04 2.488032508368130950e-04
0.000000000000000000e+00 2.948291899282263367e-04 3.566820820504548045e-03 2.893011319846949370e+00 1.559587184842857521e+00 1.652328389032256339e+01 4.198938039493007451e-02
0.000000000000000000e+00 2.948291899282263367e-04 8.449141483381912288e-01 1.724715388519443948e+00 2.251494481588164120e+00 3.468564894769131879e+00 2.993644711358812299e-02
0.000000000000000000e+00 2.948291899282263367e-04 2.643846456567278819e-03 6.535684738236934022e-02 1.655201610514306669e-03 9.383274322624317711e-04 2.488032508368130950e-04
0.000000000000000000e+00 2.948291899282263367e-04 2.484115560665806164e-03 6.535684738236934022e-02 3.767077449170797097e-03 9.677567375841994012e-04 2.488032508368130950e-04
0.000000000000000000e+00 2.948291899282263367e-04 3.766744476788710383e-01 9.147675690621412947e-01 5.646172658668883182e-01 5.991815319247949523e-01 7.019824050753317723e-02
0.000000000000000000e+00 2.948291899282263367e-04 3.141412120255282492e-01 9.438261615507179680e-01 5.646172658668883182e-01 8.379895738969621588e-01 1.298080622941845050e-02
0.000000000000000000e+00 2.948291899282263367e-04 3.141412120255282492e-01 9.438261615507179680e-01 5.646172658668883182e-01 3.521007490989054300e-01 1.036144353218078525e-02
0.000000000000000000e+00 2.948291899282263367e-04 3.566820820504548045e-03 2.934917512389371819e+00 1.632223771990613193e+00 7.640665243908746795e+00 2.040893971422336750e-01
0.000000000000000000e+00 2.948291899282263367e-04 3.566820820504548045e-03 2.767292742219683355e+00 1.222506131439715871e+00 7.928698677103616532e+00 1.713805976640380813e+00
0.000000000000000000e+00 2.948291899282263367e-04 3.566820820504548045e-03 3.804910649308780091e+00 1.269277161863460179e+00 2.233127623870671385e+01 5.750554503527718353e-01
0.000000000000000000e+00 2.948291899282263367e-04 3.566820820504548045e-03 3.854951945682905556e+00 2.516608763352870870e+00 2.233147073132614935e+01 5.447168649847954347e-01
0.000000000000000000e+00 2.948291899282263367e-04 3.566820820504548045e-03 2.179033518345393716e+00 1.162718342040027997e+00 5.942399403377699230e+00 2.993644711358812299e-02
0.000000000000000000e+00 2.948291899282263367e-04 8.250002789592363328e-01 2.475558915573778940e+00 2.163255544296353250e+00 4.183433149004025964e+00 3.041434863628450502e-02
0.000000000000000000e+00 2.948291899282263367e-04 1.234193880780603436e+00 1.878860360692616194e+00 3.833688427129363419e+00 3.463276015522876783e+00 3.604637224810126189e-02
0.000000000000000000e+00 2.948291899282263367e-04 1.186197317063857115e+00 1.878801280465191015e+00 3.203122096924984064e+00 5.047833615564426779e+00 3.630471088030798321e-02
0.000000000000000000e+00 2.948291899282263367e-04 3.566820820504548045e-03 3.754869352934655513e+00 1.414486015121376727e+00 1.997181745455613822e+01 3.995175238582528848e-02
0.000000000000000000e+00 2.948291899282263367e-04 2.259167316010457852e-02 8.568092549855124140e-01 1.552098512934161900e-01 9.843940543840250419e-04 3.349232398296309032e-02
0.000000000000000000e+00 3.025061749050248915e-04 2.330269946368406214e-03 1.884180812742967601e-02 1.857951599059533146e-03 8.970545491901322751e-04 2.395942883845946436e-04
0.000000000000000000e+00 3.025061749050248915e-04 2.330269946368406214e-03 1.886430121339024990e-02 1.596864695434114080e-03 8.736703401932600661e-04 2.441711991541659272e-04
0.000000000000000000e+00 2.948291899282263367e-04 6.256579739715540933e-01 1.360391273795838574e+00 7.449488916579685149e-01 1.091925718469466400e+00 4.583658455596973380e-01
0.000000000000000000e+00 2.948291899282263367e-04 3.566820820504548045e-03 3.854951945682905556e+00 1.269295669817393390e+00 2.505376531947963059e+01 2.578298919010544796e-02
0.000000000000000000e+00 2.948291899282263367e-04 3.141412120255282492e-01 9.438261615507179680e-01 5.646172658668883182e-01 1.018942672282803080e-01 8.492457321647965338e-03
0.000000000000000000e+00 2.948291899282263367e-04 8.847418870961011317e-01 1.109130584321687429e+00 1.922679633317385006e+00 3.344805843202200091e+00 2.528045539398942471e-02
0.000000000000000000e+00 2.948291899282263367e-04 3.566820820504548045e-03 3.804910649308780091e+00 1.487119057858539151e+00 2.450930448082531043e+01 5.447920047834613477e-01
0.000000000000000000e+00 2.948291899282263367e-04 2.391100587064585049e-03 1.884630208014361624e-02 3.313360944541044340e-03 9.423601310205800699e-04 2.441711991541659272e-04
0.000000000000000000e+00 2.948291899282263367e-04 3.566820820504548045e-03 2.893011319846949370e+00 9.837569336301356104e-01 1.309355064853629180e+01 4.083331111082222353e-02
0.000000000000000000e+00 2.948291899282263367e-04 3.566820820504548045e-03 2.934917512389371819e+00 1.850065667985691942e+00 1.307490507092963661e+01 4.041501106995620263e-01
0.000000000000000000e+00 2.948291899282263367e-04 2.484115560665806164e-03 3.744782382940554238e-02 2.071500019594390337e-03 9.667918237836319604e-04 2.433276217459231887e-04
0.000000000000000000e+00 2.948291899282263367e-04 6.256579739715540933e-01 1.402297466338260801e+00 1.486995841327227064e+00 1.417208004821486567e+00 2.037659865697575776e-02
0.000000000000000000e+00 2.948291899282263367e-04 3.566820820504548045e-03 3.804910649308780091e+00 1.341891127195153022e+00 2.142380255881999318e+01 4.035797302738291376e-02
0.000000000000000000e+00 2.948291899282263367e-04 3.141412120255282492e-01 6.246745599349639022e-01 1.881783647598875286e-01 1.216493972168535692e-03 4.065985299598381952e-02
0.000000000000000000e+00 2.948291899282263367e-04 3.566820820504548045e-03 3.854951945682905556e+00 1.269295669817393390e+00 2.251279138701788440e+01 5.751309422085952860e-01
0.000000000000000000e+00 2.948291899282263367e-04 3.141412120255282492e-01 5.868561252478261547e-01 1.589301513728681170e-01 2.470823721933463613e-01 6.742247685923664913e-03
0.000000000000000000e+00 2.948291899282263367e-04 4.336849464394381681e-01 2.374857280563568374e+00 4.465739620243023289e-01 1.947338945433291668e+00 1.254632606778929294e-01
0.000000000000000000e+00 2.948291899282263367e-04 5.922257392650321917e-01 6.532216769926147970e-01 1.024513532271315253e+00 1.309736779229977000e+00 1.048495510331554220e-01
0.000000000000000000e+00 2.948291899282263367e-04 6.423740913248149331e-01 1.724593822338321258e+00 1.414425306632552282e+00 1.328852586237729616e+00 1.254632606778929294e-01
0.000000000000000000e+00 2.948291899282263367e-04 3.566820820504548045e-03 3.704828056560530047e+00 1.487080327691671533e+00 1.743084352209439203e+01 4.259993542290963636e-02
0.000000000000000000e+00 2.948291899282263367e-04 3.566820820504548045e-03 2.893011319846949370e+00 2.516408770371853620e+00 1.380093090372008824e+01 2.231150388136330653e-01
0.000000000000000000e+00 2.948291899282263367e-04 3.566820820504548045e-03 3.754869352934655513e+00 1.487099980453069792e+00 2.469078590504047099e+01 2.575855632264922521e-02
0.000000000000000000e+00 2.948291899282263367e-04 3.566820820504548045e-03 3.854951945682905556e+00 1.341909635149086455e+00 2.487228404307345997e+01 2.578298919010544796e-02
0.000000000000000000e+00 2.948291899282263367e-04 3.566820820504548045e-03 2.851105127304527809e+00 1.995247741971019506e+00 1.091251188395946414e+01 4.035076655967953507e-02
0.000000000000000000e+00 2.948291899282263367e-04 3.566820820504548045e-03 3.854951945682905556e+00 1.341909635149086455e+00 2.160531755847978630e+01 3.301673829314679537e-02
0.000000000000000000e+00 2.948291899282263367e-04 1.328866530911664706e-02 4.279568115627965796e-01 4.109955309608204904e-02 1.723855225061279167e-02 2.256616678252698713e-03
0.000000000000000000e+00 2.948291899282263367e-04 3.566820820504548045e-03 3.854951945682905556e+00 1.269295669817393390e+00 2.233129324898489898e+01 3.313181380476477866e-02
0.000000000000000000e+00 2.948291899282263367e-04 3.528566292015173668e-03 7.465985523335726126e-02 4.074277540307133516e-03 9.966087688762809583e-04 2.505961851431170485e-04
0.000000000000000000e+00 2.948291899282263367e-04 1.324591871363184521e-02 1.905913882658118175e-01 4.255039056390134966e-02 3.711195719931520572e-04 1.510964359680938519e-03
0.000000000000000000e+00 2.948291899282263367e-04 3.566820820504548045e-03 2.934917512389371819e+00 9.837755329160133844e-01 1.634171437636796398e+01 4.163012507879351731e-02
0.000000000000000000e+00 2.948291899282263367e-04 2.300208623118810657e-03 9.538800276441742818e-03 2.106336607290619587e-03 8.505384529544251278e-04 2.377020460513788378e-04
0.000000000000000000e+00 2.948291899282263367e-04 1.328866530911664706e-02 3.851850368145602888e-01 6.505583883898657070e-03 1.603167612718255433e-02 5.118880151038018378e-04
0.000000000000000000e+00 2.948291899282263367e-04 3.566820820504548045e-03 2.839454541651371044e-04 1.127902849501565300e-03 2.190590579645674359e-04 3.425293224189933047e-04
0.000000000000000000e+00 2.948291899282263367e-04 2.515591760056040856e-03 2.814481597841760052e-02 3.977530096105613873e-03 9.612631959596882160e-04 2.414694001053035045e-04
0.000000000000000000e+00 2.948291899282263367e-04 3.566820820504548045e-03 2.893011319846949370e+00 1.043458944123177412e+00 7.928698677103616532e+00 1.881590662902298483e+00
0.000000000000000000e+00 2.948291899282263367e-04 3.566820820504548045e-03 3.854951945682905556e+00 1.341909635149086455e+00 2.360179707684258332e+01 3.342077681410974416e-02
0.000000000000000000e+00 3.025061749050248915e-04 2.515591760056040856e-03 3.744782382940554238e-02 3.142505380308085669e-03 9.156988014190194178e-04 2.479862380315442437e-04
0.000000000000000000e+00 2.948291899282263367e-04 1.328866530911664706e-02 1.800082471197840261e-01 5.535153773280689603e-03 1.469437252869257521e-03 3.554782541688216780e-04
0.000000000000000000e+00 2.948291899282263367e-04 3.566820820504548045e-03 2.179033518345393716e+00 1.162718342040027997e+00 5.942399403377699230e+00 6.061718164034173295e-01
0.000000000000000000e+00 2.948291899282263367e-04 3.566820820504548045e-03 3.854951945682905556e+00 1.341909635149086455e+00 1.688636596962225411e+01 4.246824189314987730e-02
0.000000000000000000e+00 2.948291899282263367e-04 2.270383296408223003e-03 2.814481597841760052e-02 9.927325042871330482e-03 3.634684505446419424e-04 2.433276217459231887e-04
0.000000000000000000e+00 2.948291899282263367e-04 3.566820820504548045e-03 3.754869352934655513e+00 1.487099980453069792e+00 1.761235852175418160e+01 4.272936499404612898e-02
0.000000000000000000e+00 2.948291899282263367e-04 3.566820820504548045e-03 3.754869352934655513e+00 1.487099980453069792e+00 1.724936224568822141e+01 4.259993542290963636e-02
0.000000000000000000e+00 2.948291899282263367e-04 3.566820820504548045e-03 3.854951945682905556e+00 1.341909635149086455e+00 1.761235852175418160e+01 4.272936499404612898e-02
0.000000000000000000e+00 2.948291899282263367e-04 3.566820820504548045e-03 3.804910649308780091e+00 1.341891127195153022e+00 1.942732304045719616e+01 3.979103787238166823e-02
0.000000000000000000e+00 2.948291899282263367e-04 3.566820820504548045e-03 3.854951945682905556e+00 1.341909635149086455e+00 1.924584176405102554e+01 3.979103787238166823e-02
0.000000000000000000e+00 2.948291899282263367e-04 3.566820820504548045e-03 3.754869352934655513e+00 1.487099980453069792e+00 1.724936224568822141e+01 4.259993542290963636e-02
0.000000000000000000e+00 2.948291899282263367e-04 3.566820820504548045e-03 3.854951945682905556e+00 1.341909635149086455e+00 1.979033617814996404e+01 3.995175238582528848e-02
0.000000000000000000e+00 2.948291899282263367e-04 3.566820820504548045e-03 3.804910649308780091e+00 2.516586241027450654e+00 2.051647393122412666e+01 5.750934002171945725e-01
0.000000000000000000e+00 2.948291899282263367e-04 3.490522795068585430e-03 1.118718866373088899e-01 1.490918770541225895e-02 1.176526408451714252e-02 2.966586583774235338e-04
0.000000000000000000e+00 2.948291899282263367e-04 6.423740913248149331e-01 1.924759007834820901e+00 1.487119057858539151e+00 1.370211911780203629e+00 1.255520437317383386e-01
0.000000000000000000e+00 2.948291899282263367e-04 5.420773872052500053e-01 1.569780573811122348e+00 9.837569336301356104e-01 7.288856985115086395e-01 1.648563122005989798e-02
0.000000000000000000e+00 2.948291899282263367e-04 2.391100587064585049e-03 9.538800276441742818e-03 1.921865585191936607e-02 2.460873183031039575e-04 3.891741046516025942e-04
0.000000000000000000e+00 2.948291899282263367e-04 3.566820820504548045e-03 2.011517356371158582e-01 1.784251421261815254e-02 6.324914258304217829e-02 4.354989380304945170e-04
0.000000000000000000e+00 2.948291899282263367e-04 3.017872738498865726e-01 9.438024303159117112e-01 5.645992885581924137e-01 9.573867325438850662e-01 1.303371722198753968e-02
0.000000000000000000e+00 2.948291899282263367e-04 8.648280177171461247e-01 1.109106858346038171e+00 1.922657011501322177e+00 2.421068854758823274e+00 2.491332508057146969e-02
0.000000000000000000e+00 2.948291899282263367e-04 3.766744476788710383e-01 9.147675690621412947e-01 5.227110733244663132e-01 6.588766800786759470e-01 1.299002510005749789e-01
0.000000000000000000e+00 2.948291899282263367e-04 1.328866530911664706e-02 2.809207385262046053e+00 1.850019811307633821e+00 1.158361931636111031e+01 4.075169389799352532e-02
0.000000000000000000e+00 2.948291899282263367e-04 3.566820820504548045e-03 2.934917512389371819e+00 9.837755329160133844e-01 1.175129001209652380e+01 4.024942110427414538e-02
0.000000000000000000e+00 2.948291899282263367e-04 3.528566292015173668e-03 2.011517356371158582e-01 1.778497250476961458e-02 6.324179656390714610e-02 4.354989380304945170e-04
0.000000000000000000e+00 2.948291899282263367e-04 3.566820820504548045e-03 2.851105127304527809e+00 1.486949984649168721e+00 8.072786090074554721e+00 1.714066032127949502e+00
0.000000000000000000e+00 2.948291899282263367e-04 3.566820820504548045e-03 2.851105127304527809e+00 1.103141851294036968e+00 8.360875204070993050e+00 1.881850718389875388e+00
0.000000000000000000e+00 2.948291899282263367e-04 3.566820820504548045e-03 2.893011319846949370e+00 1.043458944123177412e+00 1.292578281592998124e+01 2.223314491437999307e-01
0.000000000000000000e+00 2.948291899282263367e-04 3.566820820504548045e-03 2.143907879549233897e+00 1.222397561184826564e+00 6.066102988337534363e+00 6.062527257635222933e-01
0.000000000000000000e+00 2.948291899282263367e-04 3.566820820504548045e-03 2.179033518345393716e+00 7.744072396722931906e-01 9.657270007001745427e+00 2.217420090913718500e+00
0.000000000000000000e+00 2.948291899282263367e-04 2.515591760056040856e-03 1.118718866373088899e-01 3.786108876666108465e-03 1.140967455491645379e-03 2.927750565721865526e-04
0.000000000000000000e+00 2.948291899282263367e-04 4.119768886208043102e-02 3.852079340159113019e-01 7.667318389560481319e-03 5.172051836286385186e-04 2.242299564634642542e-03
0.000000000000000000e+00 3.025061749050248915e-04 2.259167316010457852e-02 6.022107399126869209e-01 2.031073506796459704e-01 7.959269864937089552e-04 2.755062488922058878e-02
0.000000000000000000e+00 2.948291899282263367e-04 6.256579739715540933e-01 1.974768388693461274e+00 1.487119057858539151e+00 1.265125249759286419e+00 1.255983446278970961e-01
0.000000000000000000e+00 2.948291899282263367e-04 8.847418870961011317e-01 1.624690036544945260e+00 2.251494481588164120e+00 1.685519016934889036e+00 7.670600754047106618e-01
0.000000000000000000e+00 2.948291899282263367e-04 1.328866530911664706e-02 3.754879443900843494e+00 1.414505092526845864e+00 1.851984921191909450e+01 3.956958683533141896e-02
0.000000000000000000e+00 2.948291899282263367e-04 1.328866530911664706e-02 3.804920740274968960e+00 1.414523600480779519e+00 1.851986592573690871e+01 2.056382902230768361e-01
0.000000000000000000e+00 3.025061749050248915e-04 2.300208623118810657e-03 2.110139522177564885e-04 9.944763420949812027e-03 2.377020460513788378e-04 2.467753302794023734e-04
0.000000000000000000e+00 2.948291899282263367e-04 3.566820820504548045e-03 3.854951945682905556e+00 1.414523600480779519e+00 1.960885475393479993e+01 3.995175238582528848e-02
0.000000000000000000e+00 2.948291899282263367e-04 3.566820820504548045e-03 3.804910649308780091e+00 1.269277161863460179e+00 1.979030230624497122e+01 3.984511987756613610e-02
0.000000000000000000e+00 2.948291899282263367e-04 3.189468101109250997e-02 5.855145917798331157e-01 9.228329372540122408e-03 6.375079494680861237e-04 2.802896015666823341e-03
0.000000000000000000e+00 3.025061749050248915e-04 2.709379117946833764e-03 2.814481597841760052e-02 1.838124155333908287e-03 9.296265381176255661e-04 2.414694001053035045e-04
0.000000000000000000e+00 2.948291899282263367e-04 3.566820820504548045e-03 3.704828056560530047e+00 1.632308258355057662e+00 2.269432310049549173e+01 3.327954022227111452e-02
0.000000000000000000e+00 2.948291899282263367e-04 1.210195598922230609e+00 1.819129124493275684e+00 2.251580483124737686e+00 5.335891759657530820e+00 2.038310585100189809e-01
0.000000000000000000e+00 2.948291899282263367e-04 8.449141483381912288e-01 1.774756684893569192e+00 2.251517003913584780e+00 3.221168523689387442e+00 2.985503151742381622e-02
0.000000000000000000e+00 3.025061749050248915e-04 1.328866530911664706e-02 8.568149132936242474e-01 3.625634619123639379e-01 1.211999925202578892e-03 4.063019478879256047e-02
0.000000000000000000e+00 3.025061749050248915e-04 2.484115560665806164e-03 7.465985523335726126e-02 2.442217907713787380e-03 1.025095496569231653e-03 2.505961851431170485e-04
0.000000000000000000e+00 2.948291899282263367e-04 3.566820820504548045e-03 2.893011319846949370e+00 1.043458944123177412e+00 7.928698677103616532e+00 3.595911402116371697e-02
0.000000000000000000e+00 2.948291899282263367e-04 3.141412120255282492e-01 9.438261615507179680e-01 5.646172658668883182e-01 9.573935948830456510e-01 1.308634224674862061e-02
0.000000000000000000e+00 2.948291899282263367e-04 9.046557564750559166e-01 1.624717798858352769e+00 2.251517003913584780e+00 2.602650598890213107e+00 2.528045539398942471e-02
0.000000000000000000e+00 2.948291899282263367e-04 8.449141483381912288e-01 1.724715388519443948e+00 9.788213005366880326e-01 1.505563349339356538e+00 2.037659865697575776e-02
0.000000000000000000e+00 2.948291899282263367e-04 3.566820820504548045e-03 2.851105127304527809e+00 1.103141851294036968e+00 7.928698677103616532e+00 1.881590662902298483e+00
0.000000000000000000e+00 3.025061749050248915e-04 2.911553900243270005e-03 7.465985523335726126e-02 3.945520023991937880e-03 9.966087688762809583e-04 2.505961851431170485e-04
0.000000000000000000e+00 2.948291899282263367e-04 8.250002789592363328e-01 2.415856905080736805e+00 2.251600303028589156e+00 4.327491991326484211e+00 3.049224379268071841e-02
0.000000000000000000e+00 2.948291899282263367e-04 3.017872738498865726e-01 1.385821423301661470e+00 6.743432936866058380e-01 5.395195162074695183e-01 1.582616478853735020e-01
0.000000000000000000e+00 3.025061749050248915e-04 3.490522795068585430e-03 1.118853746406383576e-01 4.336358308847204114e-03 1.146858717392843646e-03 2.927750565721865526e-04
0.000000000000000000e+00 3.025061749050248915e-04 2.643846456567278819e-03 7.465985523335726126e-02 1.291557173179058195e-02 1.143552650187923620e-03 2.923418692625123381e-04
0.000000000000000000e+00 3.025061749050248915e-04 5.980370456405630086e-02 7.771797623046093895e-01 1.552098512934161900e-01 9.843940543840250419e-04 3.349232398296309032e-02
0.000000000000000000e+00 2.948291899282263367e-04 5.420773872052500053e-01 1.105031307309430000e+00 1.222442599143266806e+00 1.947329916355400758e+00 1.253951338637298019e-01
0.000000000000000000e+00 2.948291899282263367e-04 3.566820820504548045e-03 3.804910649308780091e+00 1.341891127195153022e+00 1.942732304045719616e+01 3.979103787238166823e-02
0.000000000000000000e+00 2.948291899282263367e-04 3.566820820504548045e-03 2.767292742219683355e+00 3.399960874268937783e+00 1.416403910006977540e+01 4.205950461958321562e-02
0.000000000000000000e+00 2.948291899282263367e-04 3.566820820504548045e-03 2.851105127304527809e+00 1.922633776639326886e+00 1.158363504139399858e+01 4.059531800147099523e-02
0.000000000000000000e+00 2.948291899282263367e-04 2.391100587064585049e-03 1.884180812742967601e-02 5.017345304633752563e-04 2.395942883845946436e-04 2.441711991541659272e-04
0.000000000000000000e+00 3.025061749050248915e-04 2.240793918937820407e-03 9.561293362402318446e-03 1.691126103907260444e-03 8.552383095199641563e-04 2.377020460513788378e-04
0.000000000000000000e+00 2.948291899282263367e-04 2.360567276636679323e-03 9.538800276441742818e-03 4.922587049995616340e-04 2.377020460513788378e-04 6.161692042764718930e-04
0.000000000000000000e+00 2.948291899282263367e-04 1.210195598922230609e+00 1.759427114000233772e+00 2.163196077984613996e+00 5.191808327688989699e+00 3.578287245928677557e-02
0.000000000000000000e+00 2.948291899282263367e-04 5.420773872052500053e-01 1.569780573811122348e+00 9.837569336301356104e-01 6.562717331798157971e-01 1.642467794467271022e-02
0.000000000000000000e+00 2.948291899282263367e-04 3.141412120255282492e-01 9.147442743441410729e-01 6.063072874125257083e-01 2.019768599765296435e-01 8.570006208826714406e-03
0.000000000000000000e+00 2.948291899282263367e-04 1.328866530911664706e-02 2.968101728748564483e-01 2.052468869853473626e-02 1.789184921567516396e-03 4.295064437089658000e-04
0.000000000000000000e+00 3.025061749050248915e-04 2.676496003864652952e-03 7.465985523335726126e-02 2.540612354098727155e-03 1.025095496569231653e-03 2.505961851431170485e-04
0.000000000000000000e+00 2.948291899282263367e-04 3.566820820504548045e-03 3.704828056560530047e+00 1.632308258355057662e+00 1.743087709753901748e+01 2.233148364597344337e-01
0.000000000000000000e+00 2.948291899282263367e-04 3.566820820504548045e-03 2.893011319846949370e+00 9.837569336301356104e-01 1.326133533479820947e+01 4.091433271144631623e-02
0.000000000000000000e+00 2.948291899282263367e-04 3.141412120255282492e-01 9.438261615507179680e-01 5.646172658668883182e-01 4.797775109387114045e-01 7.010862289755195875e-02
0.000000000000000000e+00 2.948291899282263367e-04 3.566820820504548045e-03 3.854951945682905556e+00 1.414523600480779519e+00 2.287582123852847715e+01 7.107674394107806881e-01
0.000000000000000000e+00 3.025061749050248915e-04 3.566820820504548045e-03 4.421926099508440844e-01 1.079640225091253875e-01 6.345310980986808985e-04 2.269824242544867324e-02
0.000000000000000000e+00 2.948291899282263367e-04 2.770793974986032748e-01 1.456013758574796091e+00 1.341846620129350409e+00 2.932019065213506970e-01 1.324251007972074463e-02
0.000000000000000000e+00 2.948291899282263367e-04 3.566820820504548045e-03 3.704828056560530047e+00 1.559694293023364597e+00 1.761235852175418160e+01 2.233148364597344337e-01
0.000000000000000000e+00 2.948291899282263367e-04 3.141412120255282492e-01 9.147442743441410729e-01 5.645992885581924137e-01 4.021362935671077277e-01 7.006345402522259902e-02
0.000000000000000000e+00 2.948291899282263367e-04 2.676496003864652952e-03 2.110139522177564885e-04 2.859569593009429408e-02 2.414694001053035045e-04 3.706070564450377825e-04
0.000000000000000000e+00 3.025061749050248915e-04 3.566820820504548045e-03 1.118718866373088899e-01 3.624703439048732739e-02 2.232943832112522717e-02 3.601492450747393486e-04
0.000000000000000000e+00 2.948291899282263367e-04 3.141412120255282492e-01 6.108544071061996483e-01 1.589446883063108107e-01 2.470869404765441146e-01 4.868292252636957640e-02
0.000000000000000000e+00 2.948291899282263367e-04 3.566820820504548045e-03 6.356361432386563592e-01 9.228329372540122408e-03 2.055137732842297546e-02 2.270741633128186762e-02
0.000000000000000000e+00 2.948291899282263367e-04 5.420773872052500053e-01 1.105031307309430000e+00 1.222442599143266806e+00 1.947329916355400758e+00 2.030847184281263720e-02
0.000000000000000000e+00 2.948291899282263367e-04 3.566820820504548045e-03 2.893011319846949370e+00 1.043458944123177412e+00 1.292578281592998124e+01 4.083331111082222353e-02
0.000000000000000000e+00 3.025061749050248915e-04 2.484115560665806164e-03 7.465985523335726126e-02 3.572034293282125988e-03 1.006198074881827983e-03 2.505961851431170485e-04
0.000000000000000000e+00 2.948291899282263367e-04 6.423740913248149331e-01 1.924759007834820901e+00 1.487119057858539151e+00 1.790558559863859811e+00 2.453504777888198748e-02
0.000000000000000000e+00 2.948291899282263367e-04 2.391100587064585049e-03 2.814481597841760052e-02 2.631871152524475725e-03 9.478353656059132276e-04 2.414694001053035045e-04
0.000000000000000000e+00 3.025061749050248915e-04 2.643846456567278819e-03 6.535684738236934022e-02 1.950064780661552597e-03 9.383274322624317711e-04 2.488032508368130950e-04
0.000000000000000000e+00 2.948291899282263367e-04 1.328866530911664706e-02 2.851113577804468058e+00 5.199455341404331854e+00 1.234926112256924569e+01 4.233427715908315986e-02
0.000000000000000000e+00 2.110139522177564885e-04 3.490522795068585430e-03 2.311433306614446288e-04 1.506882012361496995e-03 2.432562323697734237e-04 2.948291899282263367e-04
0.000000000000000000e+00 2.948291899282263367e-04 3.566820820504548045e-03 3.804910649308780091e+00 2.516586241027450654e+00 2.051647393122412666e+01 7.105837968203052579e-01
0.000000000000000000e+00 3.025061749050248915e-04 2.360567276636679323e-03 4.675083168039347037e-02 2.515619598143409123e-03 9.055143188644613692e-04 2.451691870160407796e-04
0.000000000000000000e+00 3.025061749050248915e-04 2.643846456567278819e-03 7.465985523335726126e-02 3.142727499500692218e-03 1.006198074881827983e-03 2.505961851431170485e-04
0.000000000000000000e+00 2.948291899282263367e-04 3.490522795068585430e-03 1.118718866373088899e-01 1.519905326141175739e-02 1.176526408451714252e-02 2.966586583774235338e-04
0.000000000000000000e+00 3.025061749050248915e-04 3.490522795068585430e-03 1.118718866373088899e-01 1.510137559735721252e-02 2.230879088197184126e-02 2.985754010969273527e-04
0.000000000000000000e+00 2.948291899282263367e-04 8.449141483381912288e-01 1.774756684893569192e+00 2.163153084100489121e+00 3.344861309809300298e+00 2.985503151742381622e-02
0.000000000000000000e+00 3.025061749050248915e-04 2.240793918937820407e-03 9.561293362402318446e-03 1.691126103907260444e-03 8.552383095199641563e-04 2.377020460513788378e-04
0.000000000000000000e+00 2.948291899282263367e-04 3.566820820504548045e-03 2.893011319846949370e+00 5.199455341404331854e+00 1.234926112256924569e+01 4.233427715908315986e-02
0.000000000000000000e+00 2.948291899282263367e-04 3.528566292015173668e-03 8.396286308434509904e-02 4.641974364475995492e-03 1.143552650187923620e-03 2.868212366135504594e-04
0.000000000000000000e+00 2.948291899282263367e-04 3.566820820504548045e-03 3.554704167438154983e+00 9.240916230701486933e-01 1.309356750219189713e+01 4.039106087774101961e-01
0.000000000000000000e+00 2.948291899282263367e-04 3.566820820504548045e-03 3.804910649308780091e+00 1.487119057858539151e+00 1.652338640737411168e+01 4.240154388318769646e-02
0.000000000000000000e+00 2.948291899282263367e-04 3.566820820504548045e-03 3.854951945682905556e+00 1.341909635149086455e+00 1.670486783158927580e+01 4.240154388318769646e-02
0.000000000000000000e+00 2.948291899282263367e-04 3.566820820504548045e-03 3.804910649308780091e+00 1.487119057858539151e+00 1.743087709753901748e+01 4.272936499404612898e-02
0.000000000000000000e+00 2.948291899282263367e-04 3.566820820504548045e-03 3.854951945682905556e+00 1.341909635149086455e+00 1.888284548798506179e+01 3.968133851273039636e-02
0.000000000000000000e+00 2.948291899282263367e-04 3.566820820504548045e-03 3.854951945682905556e+00 1.341909635149086455e+00 1.906434362601803656e+01 3.973644434216621474e-02
0.000000000000000000e+00 2.948291899282263367e-04 3.566820820504548045e-03 3.854951945682905556e+00 1.341909635149086455e+00 1.924584176405102554e+01 3.979103787238166823e-02
0.000000000000000000e+00 2.948291899282263367e-04 3.566820820504548045e-03 3.854951945682905556e+00 1.414523600480779519e+00 1.906436033983586498e+01 3.979103787238166823e-02
0.000000000000000000e+00 2.948291899282263367e-04 3.566820820504548045e-03 3.854951945682905556e+00 1.414523600480779519e+00 1.997185103000076722e+01 4.005634796601099251e-02
0.000000000000000000e+00 2.948291899282263367e-04 3.566820820504548045e-03 3.854951945682905556e+00 1.414523600480779519e+00 2.033484730606673097e+01 4.015891264318949966e-02
0.000000000000000000e+00 2.948291899282263367e-04 3.566820820504548045e-03 3.854951945682905556e+00 1.414523600480779519e+00 2.051634544409971639e+01 4.020943525610445185e-02
0.000000000000000000e+00 2.948291899282263367e-04 3.566820820504548045e-03 3.854951945682905556e+00 1.341909635149086455e+00 2.178681569651276106e+01 3.305550562891653582e-02
0.000000000000000000e+00 2.948291899282263367e-04 3.566820820504548045e-03 3.854951945682905556e+00 1.341909635149086455e+00 2.233131011061171023e+01 5.751309422085952860e-01
0.000000000000000000e+00 2.948291899282263367e-04 3.566820820504548045e-03 3.854951945682905556e+00 1.341909635149086455e+00 2.487228404307345997e+01 2.578298919010544796e-02
0.000000000000000000e+00 2.948291899282263367e-04 3.566820820504548045e-03 3.854951945682905556e+00 1.269295669817393390e+00 2.505376531947963059e+01 2.578298919010544796e-02
0.000000000000000000e+00 2.948291899282263367e-04 8.449141483381912288e-01 1.774756684893569192e+00 2.339880923726680440e+00 2.850068470733356119e+00 2.969067708558669957e-02
0.000000000000000000e+00 2.948291899282263367e-04 8.449141483381912288e-01 1.724715388519443948e+00 2.251494481588164120e+00 3.097454139889630031e+00 2.969067708558669957e-02
0.000000000000000000e+00 2.948291899282263367e-04 8.449141483381912288e-01 1.724715388519443948e+00 2.163130561775068461e+00 3.592257583445912950e+00 7.502306587258745774e-01
0.000000000000000000e+00 2.948291899282263367e-04 3.566820820504548045e-03 2.893011319846949370e+00 9.240549231370936978e-01 1.342910302250631105e+01 4.091433271144631623e-02
0.000000000000000000e+00 2.948291899282263367e-04 2.240793918937820407e-03 1.884180812742967601e-02 1.931662064118181560e-02 2.433276217459231887e-04 4.935093123249228086e-04
0.000000000000000000e+00 2.948291899282263367e-04 3.566820820504548045e-03 2.934917512389371819e+00 1.777451702653998655e+00 1.380088076143475817e+01 4.138801458131190908e-02
0.000000000000000000e+00 2.948291899282263367e-04 5.922257392650321917e-01 1.486054814945033664e+00 1.414381875995533999e+00 1.328835509713165663e+00 2.023995378515118515e-02
0.000000000000000000e+00 2.948291899282263367e-04 3.017872738498865726e-01 4.272176800019892862e-01 6.133924289951268038e-01 2.110084429534949402e-01 5.829329358240501607e-02
0.000000000000000000e+00 2.948291899282263367e-04 3.566820820504548045e-03 2.809198934762105804e+00 2.140451818041317900e+00 1.091252733493163518e+01 4.066947998189569119e-02
0.000000000000000000e+00 3.025061749050248915e-04 2.643846456567278819e-03 1.118718866373088899e-01 1.524828124451041780e-02 1.198216327097471282e-03 2.947252779117725554e-04
0.000000000000000000e+00 3.025061749050248915e-04 2.676496003864652952e-03 5.605383953138140529e-02 1.887163390436911612e-03 9.243350077099310880e-04 2.469943230828653660e-04
0.000000000000000000e+00 2.948291899282263367e-04 3.528566292015173668e-03 1.800060768439857295e-01 5.523685266858015253e-03 1.435811417037304158e-03 3.532955704160820423e-04
0.000000000000000000e+00 2.948291899282263367e-04 3.490522795068585430e-03 1.118718866373088899e-01 1.519905326141175739e-02 3.291092287764725566e-02 3.004757041738715826e-04
0.000000000000000000e+00 2.948291899282263367e-04 3.566820820504548045e-03 2.893011319846949370e+00 5.094368679383413756e+00 1.253074560483842070e+01 4.233427715908315986e-02
0.000000000000000000e+00 2.948291899282263367e-04 3.141412120255282492e-01 9.438261615507179680e-01 1.920891919718300256e-01 4.338367278380667741e-02 4.871722663016858634e-02
0.000000000000000000e+00 2.948291899282263367e-04 3.566820820504548045e-03 2.934917512389371819e+00 5.094401417591938319e+00 1.343824995076712980e+01 4.272936499404612898e-02
0.000000000000000000e+00 2.948291899282263367e-04 2.894333356742449515e-01 6.828097207236838440e-01 4.380391262950841247e-01 2.529197392613509177e-01 2.585810734102444441e-01
0.000000000000000000e+00 2.948291899282263367e-04 3.566820820504548045e-03 6.356361432386563592e-01 6.896993750940480505e-02 6.462931478411279443e-04 2.829645967074426172e-03
0.000000000000000000e+00 2.948291899282263367e-04 3.566820820504548045e-03 2.851105127304527809e+00 1.850019811307633821e+00 1.158361931636111031e+01 4.075169389799352532e-02
0.000000000000000000e+00 2.948291899282263367e-04 3.566820820504548045e-03 2.214159157141553980e+00 1.103038578157183203e+00 6.066102988337534363e+00 3.001735647369310409e-02
0.000000000000000000e+00 3.025061749050248915e-04 2.775844154178533623e-03 4.675083168039347037e-02 3.422509505586055455e-03 9.721221262273509059e-04 2.498681957179608678e-04
0.000000000000000000e+00 2.948291899282263367e-04 1.328866530911664706e-02 2.767301192719624048e+00 1.995223887377931771e+00 1.470837145159966575e+01 4.155654038125050631e-02
0.000000000000000000e+00 3.025061749050248915e-04 2.391100587064585049e-03 5.605383953138140529e-02 2.524087032701119535e-03 9.144570955171264651e-04 2.469943230828653660e-04
0.000000000000000000e+00 3.025061749050248915e-04 2.643846456567278819e-03 7.465985523335726126e-02 1.320607399066088018e-02 1.143552650187923620e-03 2.923418692625123381e-04
0.000000000000000000e+00 2.948291899282263367e-04 2.452874851388446142e-03 1.118718866373088899e-01 4.577254649210752216e-03 2.226881092459471329e-02 2.966586583774235338e-04
0.000000000000000000e+00 2.948291899282263367e-04 3.566820820504548045e-03 4.136873605705604362e-01 4.107493560323410842e-02 1.723332253688951779e-02 2.225420715091127894e-03
0.000000000000000000e+00 2.948291899282263367e-04 2.360567276636679323e-03 1.884180812742967601e-02 3.591223187317660239e-03 9.423601310205800699e-04 2.395942883845946436e-04
0.000000000000000000e+00 2.948291899282263367e-04 3.566820820504548045e-03 2.179033518345393716e+00 1.222420352533069687e+00 5.818708675489308035e+00 1.739952894360454194e-01
0.000000000000000000e+00 2.948291899282263367e-04 3.566820820504548045e-03 2.893011319846949370e+00 1.043458944123177412e+00 8.504934046393447744e+00 2.040893971422336750e-01
0.000000000000000000e+00 2.948291899282263367e-04 3.566820820504548045e-03 3.754869352934655513e+00 1.487099980453069792e+00 2.106082314438083003e+01 2.063215353354302950e-01
0.000000000000000000e+00 2.948291899282263367e-04 3.566820820504548045e-03 3.804910649308780091e+00 1.341891127195153022e+00 2.142380255881999318e+01 4.035797302738291376e-02
0.000000000000000000e+00 2.948291899282263367e-04 1.328866530911664706e-02 2.968222217513272199e-01 6.471962965077282352e-03 7.300281879932699058e-02 5.145576393881573420e-04
0.000000000000000000e+00 2.948291899282263367e-04 3.566820820504548045e-03 3.754869352934655513e+00 2.516563025736570758e+00 1.888297512847706372e+01 4.010788379376054036e-02
0.000000000000000000e+00 2.948291899282263367e-04 3.141412120255282492e-01 8.856623871375642887e-01 6.062888897048011039e-01 3.020537008188572958e-01 1.027038178125511125e-02
0.000000000000000000e+00 3.025061749050248915e-04 3.490522795068585430e-03 2.011517356371158582e-01 5.431034329127943164e-03 1.445442206428177194e-03 3.576423901116470086e-04
0.000000000000000000e+00 2.948291899282263367e-04 3.566820820504548045e-03 2.214159157141553980e+00 1.103038578157183203e+00 5.942399403377699230e+00 2.190819081950451608e+00
0.000000000000000000e+00 2.948291899282263367e-04 3.566820820504548045e-03 2.934917512389371819e+00 9.837755329160133844e-01 1.597871810030200024e+01 4.169202458561531432e-02
0.000000000000000000e+00 2.948291899282263367e-04 3.566820820504548045e-03 3.854951945682905556e+00 1.414523600480779519e+00 1.488990316507728018e+01 4.177555790741727115e-02
0.000000000000000000e+00 2.948291899282263367e-04 1.328866530911664706e-02 6.189234571887459735e-01 2.511039143963928466e-01 2.481680605240377605e-02 4.360005179608501813e-03
0.000000000000000000e+00 2.948291899282263367e-04 3.566820820504548045e-03 2.934917512389371819e+00 9.837755329160133844e-01 2.904658403867667005e+01 1.003114736253102324e-01
0.000000000000000000e+00 2.948291899282263367e-04 3.566820820504548045e-03 2.893011319846949370e+00 1.850043046169629557e+00 2.723174297587538462e+01 3.407655342754910555e-01
0.000000000000000000e+00 2.948291899282263367e-04 3.566820820504548045e-03 3.854951945682905556e+00 1.414523600480779519e+00 1.452690688901131644e+01 4.163012507879351731e-02
0.000000000000000000e+00 3.025061749050248915e-04 2.515591760056040856e-03 3.744782382940554238e-02 3.412352489101935175e-03 9.667918237836319604e-04 2.479862380315442437e-04
0.000000000000000000e+00 2.948291899282263367e-04 3.566820820504548045e-03 2.934917512389371819e+00 9.837755329160133844e-01 2.904658403867667005e+01 2.014965259135275202e-02
0.000000000000000000e+00 2.948291899282263367e-04 5.922257392650321917e-01 2.124826557297139207e+00 1.414523600480779519e+00 2.000731883905694009e+00 1.483912898695236571e-01
0.000000000000000000e+00 2.948291899282263367e-04 2.484115560665806164e-03 3.744782382940554238e-02 3.945920129253695750e-03 9.667918237836319604e-04 2.433276217459231887e-04
0.000000000000000000e+00 2.948291899282263367e-04 3.566820820504548045e-03 3.854951945682905556e+00 1.269295669817393390e+00 1.833833421225930493e+01 3.945577654954017521e-02
0.000000000000000000e+00 2.948291899282263367e-04 2.391100587064585049e-03 1.884180812742967601e-02 1.910775023243923773e-02 2.479862380315442437e-04 2.479862380315442437e-04
0.000000000000000000e+00 2.948291899282263367e-04 2.421869812968675557e-03 2.814481597841760052e-02 3.402014339101292265e-03 9.433152555276708715e-04 2.414694001053035045e-04
0.000000000000000000e+00 2.948291899282263367e-04 5.587935045585106231e-01 1.527903810145271102e+00 1.043458944123177412e+00 6.562790271158216449e-01 1.048495510331554220e-01
0.000000000000000000e+00 2.948291899282263367e-04 8.648280177171461247e-01 1.151013050888460176e+00 1.922679633317385006e+00 2.849991503362860890e+00 1.486912236148867084e-01
0.000000000000000000e+00 2.948291899282263367e-04 3.141412120255282492e-01 9.147442743441410729e-01 6.065054811006145297e-01 5.394795214317531507e-01 7.015355146982889256e-02
0.000000000000000000e+00 2.948291899282263367e-04 3.528566292015173668e-03 8.396286308434509904e-02 4.641974364475995492e-03 1.143552650187923620e-03 2.868212366135504594e-04
0.000000000000000000e+00 3.025061749050248915e-04 2.360567276636679323e-03 1.118718866373088899e-01 1.524828124451041780e-02 1.215396521930132241e-03 2.947252779117725554e-04
0.000000000000000000e+00 2.948291899282263367e-04 3.189468101109250997e-02 5.854979918554725771e-01 9.228329372540122408e-03 6.375079494680861237e-04 2.271676539462171365e-02
0.000000000000000000e+00 3.025061749050248915e-04 2.391100587064585049e-03 4.676431968372293801e-02 3.266544352105020185e-03 8.658199521590103677e-04 2.498681957179608678e-04
0.000000000000000000e+00 2.948291899282263367e-04 3.566820820504548045e-03 3.854951945682905556e+00 1.414523600480779519e+00 1.743087709753901748e+01 4.272936499404612898e-02
0.000000000000000000e+00 2.948291899282263367e-04 8.449141483381912288e-01 1.774756684893569192e+00 2.251517003913584780e+00 2.850057768809882930e+00 2.960773595990590437e-02
0.000000000000000000e+00 2.948291899282263367e-04 8.449141483381912288e-01 1.774756684893569192e+00 2.163153084100489121e+00 2.850046969969961097e+00 2.535255536906953766e-02
0.000000000000000000e+00 2.948291899282263367e-04 3.566820820504548045e-03 2.934917512389371819e+00 1.269153945332147870e+00 1.292579952556259748e+01 4.091433271144631623e-02
0.000000000000000000e+00 2.948291899282263367e-04 6.089418566182930315e-01 2.074818439092936728e+00 1.124067739154007484e+00 1.152133174206598998e+00 3.354572436204087404e-01
0.000000000000000000e+00 2.948291899282263367e-04 8.648280177171461247e-01 1.151013050888460176e+00 1.922679633317385006e+00 2.315991869968445638e+00 1.486169100404063637e-01
0.000000000000000000e+00 2.948291899282263367e-04 3.566820820504548045e-03 3.804910649308780091e+00 1.341891127195153022e+00 1.779383979816035222e+01 4.272936499404612898e-02
0.000000000000000000e+00 2.948291899282263367e-04 3.566820820504548045e-03 2.934917512389371819e+00 2.516436298855269982e+00 1.361944918637225932e+01 4.161690078064682330e-02
0.000000000000000000e+00 2.948291899282263367e-04 3.566820820504548045e-03 2.893011319846949370e+00 1.043458944123177412e+00 7.784639834781161838e+00 1.881502830036837493e+00
0.000000000000000000e+00 2.948291899282263367e-04 1.328866530911664706e-02 2.893019770346890063e+00 1.414381875995533999e+00 1.141577033984474987e+01 4.033463518377265744e-02
0.000000000000000000e+00 2.110139522177564885e-04 2.484115560665806164e-03 9.632457581951780687e-03 7.086594134175088237e-04 2.422376362837622968e-04 2.377020460513788378e-04
0.000000000000000000e+00 2.948291899282263367e-04 3.566820820504548045e-03 2.214159157141553980e+00 1.222442599143266806e+00 5.695017838782169051e+00 2.993644711358812299e-02
0.000000000000000000e+00 3.025061749050248915e-04 3.490522795068585430e-03 2.011517356371158582e-01 5.431034329127943164e-03 1.430690660405925128e-03 3.576423901116470086e-04
0.000000000000000000e+00 2.948291899282263367e-04 3.566820820504548045e-03 2.851105127304527809e+00 1.043439840800995277e+00 1.326133533479820947e+01 2.224124707444239957e-01
0.000000000000000000e+00 2.948291899282263367e-04 3.566820820504548045e-03 2.893011319846949370e+00 9.240549231370936978e-01 1.342910302250631105e+01 4.091433271144631623e-02
0.000000000000000000e+00 3.025061749050248915e-04 2.330269946368406214e-03 6.535684738236934022e-02 3.363581372257427177e-03 9.677567375841994012e-04 2.535821415569615455e-04
0.000000000000000000e+00 2.948291899282263367e-04 5.922257392650321917e-01 6.532216769926147970e-01 1.024513532271315253e+00 1.309736779229977000e+00 1.648563122005989798e-02
0.000000000000000000e+00 2.948291899282263367e-04 8.449141483381912288e-01 1.774756684893569192e+00 2.339880923726680440e+00 2.850068470733356119e+00 2.969067708558669957e-02
0.000000000000000000e+00 2.948291899282263367e-04 8.449141483381912288e-01 1.774756684893569192e+00 2.251517003913584780e+00 2.850057768809882930e+00 2.960773595990590437e-02
0.000000000000000000e+00 2.948291899282263367e-04 8.449141483381912288e-01 1.724715388519443948e+00 2.251494481588164120e+00 3.097454139889630031e+00 2.969067708558669957e-02
0.000000000000000000e+00 2.948291899282263367e-04 6.256579739715540933e-01 1.360391273795838574e+00 7.449488916579685149e-01 1.091925718469466400e+00 4.583658455596973380e-01
0.000000000000000000e+00 3.025061749050248915e-04 2.391100587064585049e-03 1.884180812742967601e-02 1.909775041750238003e-02 2.479862380315442437e-04 2.479862380315442437e-04
0.000000000000000000e+00 2.948291899282263367e-04 3.566820820504548045e-03 3.854951945682905556e+00 2.604972683165966529e+00 2.069800276886898871e+01 3.324321843920186731e-02
0.000000000000000000e+00 2.948291899282263367e-04 3.566820820504548045e-03 2.851105127304527809e+00 1.043439840800995277e+00 1.326133533479820947e+01 2.224124707444239957e-01
0.000000000000000000e+00 2.948291899282263367e-04 1.210195598922230609e+00 1.878831134986317153e+00 2.074872463402398282e+00 5.191820678341572126e+00 3.587128115569905573e-02
0.000000000000000000e+00 2.948291899282263367e-04 2.894333356742449515e-01 9.437782554572818894e-01 1.920586914366202436e-01 1.690919160468043747e-01 4.875135319135610185e-02
0.000000000000000000e+00 2.948291899282263367e-04 1.210195598922230609e+00 1.819129124493275684e+00 2.163216563311642027e+00 4.903702993696658297e+00 3.064653941224416284e-02
0.000000000000000000e+00 2.948291899282263367e-04 3.566820820504548045e-03 2.214159157141553980e+00 1.222442599143266806e+00 5.695017838782169051e+00 2.993644711358812299e-02
0.000000000000000000e+00 2.948291899282263367e-04 3.566820820504548045e-03 2.893011319846949370e+00 1.043458944123177412e+00 1.158350532583460790e+01 3.712896288119708205e-02
0.000000000000000000e+00 2.948291899282263367e-04 3.766744476788710383e-01 9.147675690621412947e-01 5.646172658668883182e-01 5.394795214317531507e-01 7.015355146982889256e-02
0.000000000000000000e+00 2.948291899282263367e-04 3.566820820504548045e-03 3.854951945682905556e+00 1.414523600480779519e+00 1.997185103000076722e+01 4.005634796601099251e-02
0.000000000000000000e+00 2.948291899282263367e-04 3.141412120255282492e-01 6.108544071061996483e-01 1.589446883063108107e-01 2.470869404765441146e-01 4.868292252636957640e-02
0.000000000000000000e+00 3.025061749050248915e-04 2.611430897835240704e-03 1.800060768439857295e-01 5.408472052395312153e-03 1.355659702214993996e-03 3.532955704160820423e-04
0.000000000000000000e+00 2.948291899282263367e-04 2.894333356742449515e-01 9.728601426638587846e-01 6.065054811006145297e-01 2.019768599765296435e-01 6.987291116193124207e-02
0.000000000000000000e+00 2.948291899282263367e-04 3.452691739427951080e-03 4.675083168039347037e-02 3.999562896212061937e-03 2.451691870160407796e-04 9.903813317097900915e-04
0.000000000000000000e+00 2.948291899282263367e-04 1.328866530911664706e-02 6.022073398354851337e-01 1.087849755290727499e-01 2.739524763655801221e-02 7.857650720582636623e-04
0.000000000000000000e+00 3.025061749050248915e-04 2.452874851388446142e-03 4.675083168039347037e-02 3.266544352105020185e-03 9.345444020198013894e-04 2.451691870160407796e-04
0.000000000000000000e+00 2.948291899282263367e-04 3.141412120255282492e-01 1.350724447527817507e+00 7.243845900607309707e-01 8.740529872398190570e-01 8.578549448177130721e-02
0.000000000000000000e+00 3.025061749050248915e-04 2.259167316010457852e-02 4.136931851948479344e-01 1.079640225091253875e-01 6.345310980986808985e-04 2.267094744318617905e-02
0.000000000000000000e+00 2.948291899282263367e-04 6.423740913248149331e-01 8.944186183139216650e-01 9.239325466780577978e-01 1.164516655224533181e+00 1.047885977577682204e-01
0.000000000000000000e+00 2.948291899282263367e-04 3.566820820504548045e-03 3.854951945682905556e+00 1.341909635149086455e+00 2.142381942044679732e+01 1.684679579554077822e-01
0.000000000000000000e+00 2.948291899282263367e-04 5.587935045585106231e-01 1.569810002687693107e+00 1.486995841327227064e+00 1.417208004821486567e+00 1.253515320499468955e-01
0.000000000000000000e+00 2.948291899282263367e-04 3.566820820504548045e-03 2.214159157141553980e+00 1.103038578157183203e+00 5.942399403377699230e+00 2.190819081950451608e+00
0.000000000000000000e+00 2.948291899282263367e-04 3.566820820504548045e-03 2.179033518345393716e+00 1.222420352533069687e+00 5.942412260449143169e+00 2.190899991310552686e+00
0.000000000000000000e+00 2.948291899282263367e-04 5.922257392650321917e-01 2.074785260923014185e+00 1.487119057858539151e+00 1.895645221884777243e+00 2.461160144158560520e-02
0.000000000000000000e+00 2.948291899282263367e-04 3.141412120255282492e-01 9.147442743441410729e-01 6.065054811006145297e-01 1.811674480029838025e-03 8.414086724965760475e-03
0.000000000000000000e+00 2.948291899282263367e-04 3.566820820504548045e-03 2.143907879549233897e+00 1.162695550691784652e+00 6.189793606725968900e+00 6.062527257635222933e-01
0.000000000000000000e+00 2.948291899282263367e-04 8.648280177171461247e-01 1.109106858346038171e+00 1.043458944123177412e+00 1.505537174657071153e+00 1.252577054795697975e-01
0.000000000000000000e+00 2.948291899282263367e-04 3.566820820504548045e-03 2.893011319846949370e+00 1.043458944123177412e+00 8.504934046393447744e+00 3.630471088030798321e-02
0.000000000000000000e+00 2.948291899282263367e-04 3.566820820504548045e-03 2.851105127304527809e+00 1.103141851294036968e+00 8.504934046393447744e+00 3.630471088030798321e-02
0.000000000000000000e+00 3.025061749050248915e-04 2.330269946368406214e-03 1.884180812742967601e-02 1.857951599059533146e-03 9.016757417531126020e-04 2.395942883845946436e-04
0.000000000000000000e+00 2.948291899282263367e-04 8.449141483381912288e-01 1.724715388519443948e+00 9.788213005366880326e-01 1.505563349339356538e+00 2.037659865697575776e-02
0.000000000000000000e+00 2.948291899282263367e-04 3.141412120255282492e-01 9.147442743441410729e-01 5.645992885581924137e-01 4.021362935671077277e-01 7.006345402522259902e-02
0.000000000000000000e+00 2.948291899282263367e-04 3.141412120255282492e-01 9.147442743441410729e-01 6.063072874125257083e-01 2.019768599765296435e-01 8.570006208826714406e-03
0.000000000000000000e+00 3.025061749050248915e-04 2.643846456567278819e-03 2.814481597841760052e-02 3.095131722572153684e-03 9.568096225942565114e-04 2.414694001053035045e-04
0.000000000000000000e+00 2.948291899282263367e-04 3.141412120255282492e-01 6.246745599349639022e-01 1.590964775533107445e-01 1.211999925202578892e-03 4.063019478879256047e-02
0.000000000000000000e+00 2.948291899282263367e-04 3.377672391660942360e-03 1.800265212213247312e-01 5.125734651160777054e-03 3.532955704160820423e-04 1.464047589473130686e-03
0.000000000000000000e+00 2.948291899282263367e-04 1.324591871363184521e-02 1.800082471197840261e-01 5.192871640640884037e-03 3.623806825207418923e-04 1.462314849762164212e-03
0.000000000000000000e+00 2.948291899282263367e-04 3.566820820504548045e-03 2.934917512389371819e+00 9.837755329160133844e-01 1.597871810030200024e+01 4.169202458561531432e-02
0.000000000000000000e+00 3.025061749050248915e-04 2.360567276636679323e-03 1.118718866373088899e-01 4.675451847945363837e-03 1.187394902731820755e-03 2.927750565721865526e-04
0.000000000000000000e+00 2.948291899282263367e-04 2.259167316010457852e-02 5.854946225594259701e-01 1.286048334109163305e-01 1.234095619844177150e-01 8.025643033361913115e-04
0.000000000000000000e+00 2.948291899282263367e-04 9.046557564750559166e-01 1.574676502484227747e+00 2.339858401401259336e+00 1.685528190590134701e+00 7.671348348395807815e-01
0.000000000000000000e+00 3.025061749050248915e-04 2.360567276636679323e-03 1.885079793581502169e-02 4.817674623941156425e-04 2.441711991541659272e-04 2.441711991541659272e-04
0.000000000000000000e+00 2.948291899282263367e-04 3.566820820504548045e-03 2.934917512389371819e+00 9.837755329160133844e-01 2.904658403867667005e+01 1.003114736253102324e-01
0.000000000000000000e+00 9.632457581951780687e-03 3.912098351270302046e-03 4.136902861948439369e-01 1.078731006089954231e-01 6.315296495871500519e-04 2.738703821215781025e-03
0.000000000000000000e+00 2.948291899282263367e-04 3.566820820504548045e-03 3.854951945682905556e+00 1.341909635149086455e+00 1.743086038372120328e+01 4.266493275409656560e-02
0.000000000000000000e+00 2.948291899282263367e-04 5.587935045585106231e-01 1.569810002687693107e+00 1.486995841327227064e+00 1.417208004821486567e+00 1.254632606778929294e-01
0.000000000000000000e+00 2.948291899282263367e-04 3.566820820504548045e-03 2.893011319846949370e+00 1.043458944123177412e+00 8.360875204070993050e+00 3.621916950874060764e-02
0.000000000000000000e+00 2.948291899282263367e-04 2.360567276636679323e-03 9.538800276441742818e-03 1.907855771179682580e-02 2.460873183031039575e-04 2.414694001053035045e-04
0.000000000000000000e+00 2.948291899282263367e-04 3.017872738498865726e-01 9.728843175224886064e-01 1.922553061870328761e-01 1.477480241384617572e-03 4.864810833266225432e-02
0.000000000000000000e+00 2.948291899282263367e-04 5.922257392650321917e-01 6.532216769926147970e-01 1.024513532271315253e+00 1.237122813898283713e+00 1.642467794467271022e-02
0.000000000000000000e+00 2.948291899282263367e-04 5.922257392650321917e-01 6.532216769926147970e-01 1.024513532271315253e+00 1.309736779229977000e+00 1.648563122005989798e-02
0.000000000000000000e+00 9.632457581951780687e-03 3.997468780175705838e-03 4.136902861948439369e-01 1.079518297865932758e-01 6.315296495871500519e-04 2.738703821215781025e-03
0.000000000000000000e+00 3.025061749050248915e-04 3.415074495009799357e-03 5.605383953138140529e-02 2.267927990622722618e-03 1.005009207917025461e-03 2.469943230828653660e-04
0.000000000000000000e+00 2.948291899282263367e-04 3.141412120255282492e-01 9.438261615507179680e-01 5.646172658668883182e-01 5.394795214317531507e-01 1.045154097678707879e-02
0.000000000000000000e+00 2.948291899282263367e-04 3.566820820504548045e-03 2.893011319846949370e+00 5.094368679383413756e+00 1.253074560483842070e+01 4.233427715908315986e-02
0.000000000000000000e+00 3.025061749050248915e-04 2.330269946368406214e-03 6.535684738236934022e-02 3.363581372257427177e-03 9.774007041048146140e-04 2.535821415569615455e-04
0.000000000000000000e+00 2.948291899282263367e-04 3.017872738498865726e-01 1.385821423301661470e+00 6.743432936866058380e-01 5.395195162074695183e-01 1.582616478853735020e-01
0.000000000000000000e+00 2.948291899282263367e-04 3.017872738498865726e-01 1.385821423301661470e+00 6.743432936866058380e-01 5.395195162074695183e-01 2.308756132170665110e-01
0.000000000000000000e+00 2.948291899282263367e-04 3.490522795068585430e-03 1.118718866373088899e-01 4.675451847945363837e-03 3.290588309242698656e-02 2.985754010969273527e-04
0.000000000000000000e+00 2.948291899282263367e-04 3.566820820504548045e-03 3.804910649308780091e+00 2.516586241027450654e+00 2.051647393122412666e+01 5.750934002171945725e-01
0.000000000000000000e+00 2.948291899282263367e-04 5.922257392650321917e-01 6.532216769926147970e-01 1.024513532271315253e+00 1.237122813898283713e+00 1.642467794467271022e-02
0.000000000000000000e+00 2.948291899282263367e-04 1.328866530911664706e-02 6.189234571887459735e-01 2.511039143963928466e-01 2.481680605240377605e-02 4.360005179608501813e-03
0.000000000000000000e+00 2.948291899282263367e-04 2.643846456567278819e-03 5.605383953138140529e-02 3.161822407569644163e-03 9.341382277604921543e-04 2.469943230828653660e-04
0.000000000000000000e+00 2.948291899282263367e-04 3.566820820504548045e-03 2.851105127304527809e+00 1.103141851294036968e+00 8.360875204070993050e+00 1.881850718389875388e+00
0.000000000000000000e+00 2.948291899282263367e-04 1.328866530911664706e-02 2.893019770346890063e+00 1.341767910663840935e+00 1.275803140577393968e+01 4.091433271144631623e-02
0.000000000000000000e+00 2.948291899282263367e-04 3.566820820504548045e-03 3.804910649308780091e+00 1.414505092526845864e+00 1.670486783158927580e+01 4.240154388318769646e-02
0.000000000000000000e+00 2.948291899282263367e-04 3.566820820504548045e-03 3.804910649308780091e+00 1.414505092526845864e+00 1.688636596962225411e+01 4.246824189314987730e-02
0.000000000000000000e+00 2.948291899282263367e-04 3.566820820504548045e-03 2.851105127304527809e+00 5.094335053977081529e+00 1.216773554138172742e+01 2.227145269320215115e-01
0.000000000000000000e+00 2.948291899282263367e-04 3.141412120255282492e-01 9.147442743441410729e-01 6.065054811006145297e-01 1.811674480029838025e-03 8.414086724965760475e-03
0.000000000000000000e+00 2.948291899282263367e-04 3.566820820504548045e-03 3.804910649308780091e+00 1.414505092526845864e+00 1.888284548798506179e+01 3.968133851273039636e-02
0.000000000000000000e+00 2.948291899282263367e-04 3.566820820504548045e-03 3.854951945682905556e+00 1.341909635149086455e+00 1.906434362601803656e+01 3.973644434216621474e-02
0.000000000000000000e+00 2.948291899282263367e-04 3.566820820504548045e-03 3.854951945682905556e+00 1.414523600480779519e+00 1.906436033983586498e+01 3.979103787238166823e-02
0.000000000000000000e+00 2.948291899282263367e-04 9.046557564750559166e-01 1.574676502484227747e+00 2.251494481588164120e+00 2.726343385010125964e+00 2.528045539398942471e-02
0.000000000000000000e+00 2.948291899282263367e-04 9.046557564750559166e-01 1.624717798858352769e+00 2.251517003913584780e+00 2.602650598890213107e+00 2.528045539398942471e-02
0.000000000000000000e+00 2.948291899282263367e-04 4.119768886208043102e-02 3.852079340159113019e-01 2.438343574282136189e-02 5.198308652891495650e-04 2.258327171501667546e-03
