-6.678685216932437996e+00 4.937978496280422291e+01
6.621485798964367397e+00 2.048432760922758999e-01
-6.677014657218237836e+00 4.728937276373174114e+01
6.062756416936032622e+00 2.482187934097983273e-01
-6.349020930933029661e+00 3.793548739174276108e+01
-6.326944908864787998e+00 3.667639924815382813e+01
6.357801860829774832e+00 2.481970402897388794e-01
5.335408434729133731e+00 3.104614936269177172e-01
-6.114167336476979742e+00 3.618153012252383149e+01
-6.257611350975511577e+00 3.660768205526130004e+01
6.372054293687803295e+00 2.481526677344083331e-01
6.617771179075563559e+00 2.048796411031968134e-01
-6.592246391520292903e+00 4.295550345151396954e+01
-6.462968942732058686e+00 3.952723757645223657e+01
-6.455428670834177929e+00 3.892261348920499842e+01
5.868429715737380370e+00 2.641897785533538490e-01
-6.613376770968439899e+00 4.332798313727386841e+01
-5.694825307384565605e+00 3.517218135372867494e+01
5.633781491470716496e+00 2.761474650796338359e-01
5.839349370987625854e+00 2.644173134413519421e-01
5.144364344525468979e+00 3.240522611114234341e-01
-5.837822885206938039e+00 3.538541653784589158e+01
-3.255686453375178147e+00 1.844733740760461060e+01
-6.661041748884948710e+00 4.595024227605595968e+01
-4.535458318209371953e+00 2.976929853765882683e+01
-4.561343095345326226e+00 3.018481669482850194e+01
-5.574952717741257224e+00 3.460166925411233763e+01
-5.409050192625504572e+00 3.453498807223595435e+01
-3.218492329826330600e+00 1.791736997529902098e+01
5.626276759908829916e+00 2.806117867603675209e-01
4.711639101144609043e+00 3.850330914199753263e-01
-2.586566226493320464e+00 1.180661828429202842e+01
5.457151446412076723e+00 2.970439456921291077e-01
-6.568097453450193690e+00 4.197973019526101268e+01
-6.667345924091931053e+00 4.668265626244886590e+01
-5.154971997434455666e+00 3.325902181651815681e+01
-5.167857894709809052e+00 3.336773222163112251e+01
-6.567701371463145144e+00 4.138602014120293404e+01
-4.458529285823375155e+00 2.898001819735624096e+01
-6.615980087720329195e+00 4.369497237384435095e+01
-2.627651290921294347e+00 1.211457956283101112e+01
-6.539757963842654398e+00 4.060248053271514834e+01
5.021643513535229530e+00 3.456865357594600674e-01
-6.590995537184706876e+00 4.244769643032768869e+01
4.892477735229522118e+00 3.591076191567880715e-01
-6.577422042962592919e+00 4.199893034482384024e+01
3.006733942226588852e+00 5.846858653134296979e-01
-3.682780247259569872e+00 2.234319812357841428e+01
-4.466358336568189813e+00 2.944309971794578829e+01
-3.073606784936609326e+00 1.649453620356448624e+01
-2.668921137277367350e+00 1.247146815858336844e+01
-6.647539907642314283e+00 4.497185201045178360e+01
-6.656074048816466693e+00 4.566976278892482810e+01
-2.556693742832885086e+00 1.150506528853420818e+01
4.576029928694861582e+00 3.850569992991217383e-01
-3.709229688219744858e+00 2.271684070214713458e+01
-6.589917514165419377e+00 4.242273251284834856e+01
-5.045122091074797588e+00 3.312385864362764210e+01
-5.013000894069710611e+00 3.275500643408693691e+01
-3.169570171130082770e+00 1.734316641712761253e+01
-5.289805638325663750e+00 3.433644850693418249e+01
-5.363525116771857171e+00 3.445841252941512067e+01
-5.062420412803950498e+00 3.313191905337425425e+01
-6.631516240591893485e+00 4.445958766995907041e+01
-6.646163696091941908e+00 4.478727445412176422e+01
-5.216883143555327784e+00 3.365149636721554316e+01
4.010886418251298657e+00 4.476441616069761764e-01
-4.312165156722874926e+00 2.829348026095655655e+01
-3.137723309829239415e+00 1.717227398535536764e+01
3.629532502560584017e+00 5.097377045712282451e-01
5.420245521049249504e+00 3.050426677298245237e-01
-2.983010635604027794e+00 1.565260548102271621e+01
-3.080755938454617926e+00 1.690406529849344253e+01
3.958964433670032756e-02 1.585354070174940455e+00
-3.728769939154822133e+00 2.285240081954896851e+01
2.328302640478543406e+00 6.871197601906697816e-01
4.226560388773126675e+00 4.219497293614634659e-01
1.295501775960156143e-01 1.567176767047257169e+00
4.360545400817776418e+00 4.144674015942295120e-01
-4.212599719432835066e+00 2.704898229044050950e+01
-6.526054974225909078e+00 4.037779674640835026e+01
4.331336972125664708e+00 4.186919992251812994e-01
-6.664789854247517020e+00 4.636311703365673509e+01
2.410575833092328146e+00 6.849531011472460573e-01
4.455786118064445134e+00 4.126424323111124171e-01
-6.651513197957097390e+00 4.535783884550608036e+01
-2.607371785112127860e+00 1.197328486289010563e+01
-3.987622018333996543e+00 2.516500017926829358e+01
4.764512564328782673e+00 3.715622408876240734e-01
4.161373798280788350e+00 4.361938872496966546e-01
-3.904154542542388473e+00 2.438778483327968516e+01
-6.589137488115623942e-01 2.526544237429601214e+00
3.374737150804678620e+00 5.425098504462910753e-01
-6.437433106503843483e+00 3.877279474934186254e+01
-4.020908198242366005e+00 2.537101905529903334e+01
-4.096349800004968067e+00 2.609584598788228149e+01
3.540439531335711987e+00 5.157779787817567962e-01
3.835390436938208580e+00 4.733396076276711884e-01
3.738839032823218389e+00 4.878262250570220004e-01
-4.755783745413410202e+00 3.163290904683731597e+01
-5.903980881806896619e+00 3.553037933115685121e+01
-2.989130985249722094e+00 1.580505415758644716e+01
-1.460335634627468737e+00 4.548125510261812998e+00
-4.750430040527001019e+00 3.158753085912243108e+01
-3.326839524533597992e+00 1.916026604226919261e+01
-5.617528622617917300e+00 3.479599323699972757e+01
2.930527313711040804e+00 5.961869401293555804e-01
2.704502837810174309e+00 6.344363199403156850e-01
-6.430835573854360554e+00 3.846264900525971342e+01
-5.936645026777533474e+00 3.576524994751352438e+01
2.248850832731815075e+00 6.947348365373811063e-01
-2.968022907541035149e+00 1.543175327243117323e+01
-1.977629968051191733e+00 7.241742539919669319e+00
-5.574952717741257224e+00 3.460166925411233763e+01
-4.850606463348387187e+00 3.168669914298384427e+01
4.857086510451783745e+00 3.634245838832008690e-01
-2.933724225551310738e+00 1.517389872833816788e+01
-4.238261558059996936e+00 2.763523260876933918e+01
-6.031473018593288549e-01 2.467294847335334662e+00
-6.061258015420302847e+00 3.600045054373569542e+01
-4.729286247921847597e+00 3.136415855464570157e+01
-2.513776842249117571e+00 1.105619380344216829e+01
2.072863201279065759e+00 7.320167329082380991e-01
-6.374561301540624392e+00 3.817984588633154885e+01
-4.365521188059622304e+00 2.839844106603942109e+01
-2.236707195293612838e+00 8.708108348831505197e+00
4.085444599372506147e+00 4.365602166149519792e-01
-2.253927686404855191e+00 8.870431805738881792e+00
3.295770008018356734e+00 5.462742941873848235e-01
-6.031189631464842549e+00 3.580829455835388586e+01
-3.905236810983486961e+00 2.468565823695077199e+01
-4.716311560208024112e+00 3.102451828544285561e+01
1.267542789537025261e+00 9.330549874635184482e-01
-4.838137781761140843e+00 3.163361308018159335e+01
-6.667345924091931053e+00 4.668265626244886590e+01
-6.664789854247517020e+00 4.636311703365673509e+01
3.531285509293606406e+00 5.190848409567789812e-01
-2.258203345839396192e+00 8.965410181826243274e+00
-4.673335262475236895e+00 3.095415990714797871e+01
-3.292547223377399579e+00 1.867957914887813331e+01
-6.474420847211260543e+00 4.020601374283666019e+01
-2.171143006937792830e+00 8.320160784012543331e+00
2.660949356991639814e+00 6.411966889590809959e-01
-6.423581858704575431e+00 3.818026729161752542e+01
-2.186095897591447734e+00 8.531183303704073850e+00
3.455687649058064359e+00 5.279757386141699094e-01
-5.256667138333000366e+00 3.410319017981387191e+01
-4.285340839897066267e+00 2.802318659459455930e+01
2.003775616545249605e+00 7.388633228058625324e-01
-2.156364215664507977e+00 8.143589752013101091e+00
-6.489530963906383398e+00 4.036026823994854595e+01
-6.430065032790095891e+00 3.844271487691149503e+01
-6.620117245793030847e+00 4.407584989296087485e+01
-4.878709755796227121e+00 3.204102175515743056e+01
-2.953094567347798627e+00 1.526725044692411259e+01
-2.440536692690122855e+00 1.053846660285595682e+01
-2.748437422866141677e+00 1.341931023230626074e+01
-4.718276849164575459e+00 3.126317378343276232e+01
-4.946311690795432092e+00 3.247639333735610734e+01
-4.107405252150925001e+00 2.635911889259718421e+01
-3.057459527127613708e+00 1.634423526610315847e+01
-3.767066034008255571e+00 2.322046050255115901e+01
2.295121212338432137e+00 6.946117708430283866e-01
-3.279376817324801241e+00 1.849865982100090278e+01
-3.745167338146577762e+00 2.305266195706220600e+01
-3.960541269716574053e+00 2.487343270420219454e+01
-3.113543706356466156e+00 1.700606176208825104e+01
-6.463103858452535988e+00 3.974575357373618800e+01
-4.281669624896068171e+00 2.793957178931751173e+01
-2.740304141798766580e+00 1.319289346806532137e+01
-2.264654493783856193e+00 9.152937435734283866e+00
-1.886541414013533702e+00 6.796408840504198245e+00
-4.488878947829681110e+00 2.947836086958864854e+01
-2.350767392155320934e+00 9.729219073463655221e+00
-2.385301910711420170e+00 1.013087916400713873e+01
3.900178725457115636e+00 4.726079100300601410e-01
-3.653942170832895631e+00 2.216102745522835704e+01
-3.825558384898042341e+00 2.382384351993293947e+01
3.067167935034866399e+00 5.786263309816466194e-01
3.395998189889622765e+00 5.369649211708813485e-01
-5.850807181970092863e+00 3.549816356510881121e+01
-2.353519026165042938e+00 9.925715461792655958e+00
-6.620665439276016251e+00 4.419541957495724915e+01
-6.551839779724884849e+00 4.084178462558853084e+01
-4.063779398193088532e+00 2.576314006224597719e+01
-1.122978941231707717e+00 3.501168453089886778e+00
-1.047723865258051834e+00 3.339683308301740983e+00
2.441191091741270025e+00 6.842724817465463127e-01
-3.779023114381583781e+00 2.338826675632889618e+01
-2.919213231944548959e+00 1.478768657238640216e+01
-2.684860228547651939e+00 1.261192670134662386e+01
-2.483823238922636456e+00 1.090172836594991601e+01
-4.878257303660166855e+00 3.186021584057498046e+01
7.621283890272837480e-01 1.101537086045185854e+00
-6.272354239320423908e+00 3.660804065518772177e+01
-2.750509144371718229e+00 1.367500215701728550e+01
-1.811294772932981578e+00 6.133041371401957598e+00
-3.199134725370302412e+00 1.777799415653250392e+01
-2.015751108264586033e+00 7.471842099144244465e+00
-4.075859605717900180e+00 2.594322090173301376e+01
-6.313819492669378697e+00 3.667471059938691269e+01
-4.985500485284239502e+00 3.273194576542371692e+01
-4.947530735525429435e+00 3.260361440453510085e+01
-2.688371899381372554e+00 1.285349059018897755e+01
-3.425382064833147666e+00 2.007744263186718570e+01
-6.471846887145034088e+00 3.994801362427474345e+01
-2.538927904055003903e+00 1.130573609607298202e+01
-2.527182145090536292e+00 1.108217872018693484e+01
-3.862114787525391169e+00 2.419645092874014480e+01
-2.098185334274010216e+00 7.734718010720996517e+00
-2.540976592360353337e+00 1.147162965686000824e+01
-4.528500683710601216e+00 2.961361083319331300e+01
2.913238877989313025e+00 5.991593992558704729e-01
-1.028551866333670572e+00 3.307972333942721832e+00
2.862249902466218909e+00 6.080186318373772547e-01
-5.715289908135128272e-01 2.396051276434923771e+00
3.911493501281958718e+00 4.652562478819373126e-01
-3.319230157885240118e+00 1.897876790423621784e+01
-1.958749779220256171e+00 7.032198140402851294e+00
-3.886258825480184864e+00 2.428093355784295682e+01
-2.024615713201372458e+00 7.538993852476118640e+00
3.678767787587689408e+00 5.021922108792962192e-01
-1.382114671844264064e+00 4.285919058790017999e+00
4.894686851533885386e-01 1.258985783581805462e+00
-5.390996317645398994e-01 2.360626991946373376e+00
-2.745598415919806357e+00 1.338770000633342683e+01
-1.873632931848318472e+00 6.625274714222419092e+00
-5.663634759668866536e+00 3.479921018646916053e+01
-3.122170644794520111e+00 1.706199850902176962e+01
4.214443618850789441e+00 4.219501578720000756e-01
-4.125173216387098662e+00 2.653858606933140862e+01
-1.529374863524535888e+00 4.908271298551045270e+00
-3.307019944719645554e+00 1.881128613038798392e+01
-2.798703555771939300e+00 1.390814624054712922e+01
-2.814944672235563106e-01 1.966823399543740969e+00
8.211514015319795190e-01 1.101227234514626119e+00
-2.896981705304714882e+00 1.471427096122570610e+01
-2.448616852953031220e+00 1.071325444988124076e+01
-3.787593361323918550e+00 2.361772769211611944e+01
-1.096386474830328916e+00 3.408764492385401468e+00
-4.666384127164345585e+00 3.077721400776968963e+01
-1.830447204110728476e+00 6.255775804836871679e+00
-4.818293751279558584e-02 1.752525816280030790e+00
-3.047357652196045930e+00 1.620971643307584742e+01
-2.112235770598489104e+00 7.760432673770246481e+00
-3.038304021892687334e+00 1.616792140681511114e+01
-2.891613431082329377e+00 1.463921307747195044e+01
-4.213302030095177564e+00 2.725082908574216489e+01
-5.371191256442139128e+00 3.450526063920008113e+01
-3.647027224221229602e+00 2.200654440189413208e+01
-1.560183938608836307e+00 5.036989377577092419e+00
-4.630514518724148765e+00 3.053021968787120954e+01
-2.427664769675634382e+00 1.034330784799487368e+01
-1.547392621074266561e+00 4.998804251338131444e+00
-4.409568796042141692e+00 2.876299645275644323e+01
-3.177461686256754181e+00 1.750649052299742081e+01
4.472829644492088086e+00 4.095374739129565844e-01
5.035307346493968161e+00 3.416509796853349767e-01
3.835390436938208580e+00 4.733396076276711884e-01
-4.233701276788809587e+00 2.741290774086778015e+01
3.239066062085903752e+00 5.612656252877594731e-01
-2.933026632258073363e+00 1.499161231218478108e+01
-4.032960671672563890e+00 2.568451557457875722e+01
-2.779876364866946670e+00 1.378042215590893527e+01
3.467350773234200711e-01 1.398000183213554459e+00
-4.310050139412551218e+00 2.814685459600221407e+01
-6.744896627741497896e-01 2.589716123824800320e+00
-2.059981688319224347e+00 7.567311359428924966e+00
3.728194174101142622e+00 4.952519582907694562e-01
-1.352380972669775749e+00 4.256247067437525899e+00
-2.298914383841986098e+00 9.386239342239109718e+00
1.925224378009813497e+00 7.510880643514643573e-01
4.680244467277551723e-01 1.281268477219502877e+00
-3.420382000165685721e+00 1.989760602673651135e+01
-6.471747985888141486e+00 3.979177317419865290e+01
5.307161436963629964e-01 1.255677887478290122e+00
1.606925402598399888e+00 8.305303900098749414e-01
-5.676303072421388762e+00 3.483497235494331079e+01
-2.993604224598394925e+00 1.598176516060606644e+01
2.590853989412312597e+00 6.567771320066819740e-01
5.973222725202401717e-01 1.184190493526593668e+00
-3.190614364195091923e+00 1.762156594853029290e+01
-2.298255324616327755e+00 9.314209490602182839e+00
1.571049030373147692e+00 8.451538877423806495e-01
2.755731574739278766e+00 6.315457961348142080e-01
2.143541187225976863e+00 7.201099055556099415e-01
-2.727382546195911583e+00 1.315906086695109423e+01
4.519353711028513132e+00 4.014801790723731556e-01
-2.168280398376697615e+00 8.276771230787794309e+00
-2.074151442827734559e+00 7.635575257210098776e+00
4.113074890002597961e+00 4.362258150991984995e-01
-1.919487361854070429e+00 6.915741043711491898e+00
6.775786855339979153e-01 1.151181864645328234e+00
-3.482229889476244011e+00 2.038630167546040184e+01
-2.213244854663674488e+00 8.683819405616333142e+00
3.448825441249998569e+00 5.290828571838439576e-01
-4.693187823033084349e+00 3.102440011139683307e+01
-6.564340105227363331e+00 4.124883461550150088e+01
-3.962070949310955825e+00 2.500855739113980647e+01
-5.900536746942897537e+00 3.553029929640970153e+01
-9.880530686976215504e-01 3.264078925651888508e+00
2.622856484478016448e+00 6.516213036351873322e-01
-1.168658677882943531e+00 3.665695465317201585e+00
-6.969145660045161783e-01 2.622892624816908658e+00
4.576029928694861582e+00 3.850569992991217383e-01
1.208594625898814945e+00 9.334589241701937157e-01
-5.224837413359989746e+00 3.380945119570466773e+01
-2.405573416918060037e+00 1.022588047452826387e+01
-2.867951937208499835e+00 1.457559769832530527e+01
-2.856016166922635602e+00 1.439465734562787702e+01
1.138554455367879248e+00 9.538159716372196506e-01
1.085066173833790115e+00 9.808788168099029647e-01
3.288552939928422791e+00 5.568748975619610686e-01
1.362777475687594997e+00 9.050270684330905535e-01
1.457128645933263300e+00 8.747395858197285490e-01
-1.486636665725040718e+00 4.674895816776970747e+00
-4.638580991132220888e+00 3.065606253945533766e+01
-5.234986605910374458e+00 3.381046686673239066e+01
-4.200645936811232772e+00 2.686955298521489155e+01
-3.084092088315346647e+00 1.690485797778104526e+01
-3.225690888124608802e-01 1.980055185560626541e+00
-4.024856169056252320e+00 2.540168510371197996e+01
-5.255609720195151269e+00 3.395811686197260570e+01
-4.624555943074701858e+00 3.046512145478445532e+01
9.866660648570645398e-01 1.017625787590169528e+00
-2.967836133674731869e+00 1.535504368331962688e+01
-7.730656331563631189e-01 2.747838639234269298e+00
-6.559917111826272240e+00 4.113512457988298365e+01
2.546383105624268062e-01 1.444174783212612834e+00
-1.200963067235842341e-01 1.795999210374806587e+00
-4.370195498247000820e+00 2.860828239223590685e+01
2.541020704155417587e+00 6.598655476976635903e-01
-2.611896758734312929e+00 1.211009685836155647e+01
-4.411803574306552456e+00 2.892178053106216495e+01
9.561611490714081452e-01 1.023058765287028216e+00
1.418159814820717735e+00 8.799635704052009011e-01
-2.132962545833378076e+00 8.096757867940658215e+00
-1.740286528260324150e-01 1.833857687959933758e+00
3.969085624391960998e+00 4.652075003730428704e-01
-3.317254648217873303e+00 1.893358306364433830e+01
2.201458197211851431e+00 7.039049580101478520e-01
-6.100196947318872631e+00 3.615265668994189241e+01
-4.902922315777122009e+00 3.222314894905917981e+01
5.132486942376598194e+00 3.323179219187736289e-01
-3.216343088398514016e+00 1.791485285798552241e+01
-3.753570998892055588e+00 2.317905982838030354e+01
-3.570418297125617535e+00 2.134894537047048857e+01
-6.488497659164241149e+00 4.020722509257294064e+01
-3.058763332256918321e+00 1.647148683246383527e+01
-2.121322991718563422e+00 7.895923070373357611e+00
5.085255635352124770e+00 3.403640176970892939e-01
-6.616203306433413367e+00 4.390337378580152006e+01
4.756090057608518329e+00 3.810599982963051024e-01
-3.489638964605345173e+00 2.056779981349339081e+01
-2.324564036056149252e+00 9.637690604122028049e+00
-1.739319470846060686e-02 1.705858685344461945e+00
1.889293309500093221e+00 7.578760080034963043e-01
-1.206498246993618517e+00 3.880344618825653402e+00
-4.031132732486023329e+00 2.555475421720008455e+01
-3.712972854758600505e+00 2.273054482384361918e+01
1.657216489958496908e+00 8.170758472167072295e-01
-3.656193943844721073e+00 2.226179153800338639e+01
1.992612791221768598e+00 7.461255283206391642e-01
-6.652973139661556345e+00 4.547583804974713217e+01
4.002135712706579307e-01 1.321628268485250945e+00
-2.441605003697044918e+00 1.059829260985041444e+01
-3.923958792401827544e+00 2.472859802879017721e+01
-4.616955145577420261e+00 3.036030438190927683e+01
-4.586917502792980272e+00 3.026579265038237665e+01
-1.691230916938763373e+00 5.621949352593814453e+00
-1.441375075006098738e+00 4.474886245106591609e+00
-2.131483438199165192e+00 8.021566638210408939e+00
-4.672638173338881984e+00 3.077872824335567259e+01
-2.753999060339649585e+00 1.377228569994625396e+01
-2.211250532867744312e+00 8.572366863446543306e+00
-3.579490611829429625e+00 2.150455244926078180e+01
-2.272567536782512665e+00 9.251088796326309094e+00
-2.379636483736437214e+00 1.003131987366505484e+01
6.603861401521349261e-01 1.177709431019847486e+00
-2.920628067565271380e+00 1.490695046446754368e+01
-1.392567335662347583e+00 4.366080879823975636e+00
3.101103680357751191e+00 5.754371333050216641e-01
-2.009863768727870870e+00 7.322824113153545866e+00
-4.266719255775326403e+00 2.779542192007172829e+01
1.629179001036032526e+00 8.258137866117314374e-01
-2.678768825317001667e+00 1.261084239388756600e+01
-2.420455843988481348e+00 1.022667787558867580e+01
-4.516475075068144385e+00 2.957514775007758701e+01
-2.475260107722828451e+00 1.073571579533192022e+01
-2.480729384577411878e+00 1.090118697145714144e+01
-1.596381852559981329e+00 5.194230914163557422e+00
-2.794549101924336476e+00 1.386069486466115563e+01
-3.638446683463987696e+00 2.197390694146867318e+01
-3.025738545836591076e+00 1.604300960267051224e+01
-3.435700718604171477e+00 2.010933793067161446e+01
4.380519637344974515e-01 1.304027355446577330e+00
-2.825573959709595240e+00 1.424326821349398919e+01
-2.722549876016389092e+00 1.302682833940680140e+01
-1.637887221507139390e+00 5.425090949715943189e+00
2.492051458691633137e+00 6.704776016704822039e-01
-7.119108365811538386e-01 2.677638419430321548e+00
1.742390739639906982e+00 7.858801972050728502e-01
-4.230225353663155552e+00 2.728937061233035166e+01
-4.392568442869135836e+00 2.861802569983882805e+01
-3.540780777908788313e+00 2.097912672414455670e+01
-1.733712546221076733e+00 5.675105160638155510e+00
-3.799681433156342880e+00 2.367572589086921653e+01
-2.305537617479173074e-01 1.912965884613506251e+00
-1.835225986777414109e+00 6.292221866401173536e+00
-1.430940520806173621e+00 4.453101716160481338e+00
3.136318429798658602e+00 5.752016916759673526e-01
-1.194322079611183751e+00 3.850981387275305590e+00
-4.047925911760740902e+00 2.576311634662051020e+01
-3.510576144711907709e+00 2.081570016230127962e+01
-9.577256117352095366e-01 3.185029679755295717e+00
-3.494150317447637821e+00 2.071872092072024429e+01
-4.367817222973470415e+00 2.849166075858188663e+01
-1.096386474830328916e+00 3.408764492385401468e+00
-2.809909540528439553e+00 1.405719941865044476e+01
-5.965575983767753776e+00 3.576711140191100924e+01
-8.970897207961657793e-01 3.081177106247714903e+00
-1.266444926689638706e+00 4.014763052032429336e+00
-6.646241763853926621e+00 4.487065056037859989e+01
3.661239368328968791e+00 5.065179535958004298e-01
-4.702951813419429250e-01 2.210060034818845498e+00
-3.573085242710160703e+00 2.141012357300538937e+01
3.199266802669700649e+00 5.724755946242594540e-01
-5.898610641734287618e-01 2.435919300592286341e+00
-3.198371481433915697e+00 1.771042722947340664e+01
-5.216883143555327784e+00 3.365149636721554316e+01
-4.165513954542422681e+00 2.686899411042746877e+01
-6.616203306433413367e+00 4.390337378580152006e+01
-1.745106339848174759e+00 5.813257553839445535e+00
-2.694372057211667837e+00 1.292184070346979574e+01
2.820816370737345924e+00 6.197417636417424935e-01
-1.612407327345083408e+00 5.199576384032002174e+00
-3.298696806542335214e+00 1.874883075589916004e+01
-2.303089009004052556e+00 9.531967825604100497e+00
-6.024447793258067563e+00 3.580442953296869035e+01
-3.563068087435119491e+00 2.123651036233865597e+01
-1.858460289724299885e+00 6.346581959221072822e+00
-1.865689387040428082e+00 6.504066569042649348e+00
-3.970491246687076092e+00 2.506559107185733382e+01
-4.082516840401330782e+00 2.607796639045244547e+01
5.089480088122249057e+00 3.323442271832651174e-01
-4.878257303660166855e+00 3.186021584057498046e+01
7.113869594139554664e-01 1.136282310270589457e+00
-3.624288891024237014e+00 2.179317136355792783e+01
-4.438760393631134171e+00 2.895745431122242408e+01
-6.414853885994314275e+00 3.817995553822925103e+01
-1.325011095681623896e+00 4.194123359571234388e+00
-1.978538345491320238e-01 1.901175747180783082e+00
-8.573072282124668542e-01 2.940095608198620702e+00
-2.601116120633530371e-01 1.957809533438073624e+00
-1.739096766169018871e+00 5.754280341185936010e+00
7.468346136526419210e-01 1.101837454348621792e+00
4.518220779120103892e+00 4.026424096145722609e-01
2.093754125672060873e+00 7.318876523084840713e-01
-5.275793354790980771e+00 3.419628294052648698e+01
-9.124137689724819422e-01 3.143544447032832423e+00
-3.833975538451396492e+00 2.408756608278890710e+01
1.679834531454883484e+00 8.054373184344071346e-01
-8.804181241900070898e-01 3.071725903927828849e+00
1.093216379259399646e-03 1.635913522239366813e+00
-4.601661621465060747e+00 3.034522853035064927e+01
-5.284164034913791497e+00 3.428069005305729888e+01
-2.847570532770169471e+00 1.429668805416365451e+01
2.190411519339829027e+00 7.174264775896408430e-01
-2.668921137277367350e+00 1.247146815858336844e+01
-5.681718679612195011e+00 3.496641571184410680e+01
-5.688078051963321613e+00 3.511835505635509236e+01
-4.205528726637677850e-01 2.174549071109728615e+00
-1.751703810413102191e+00 5.962056566113652423e+00
-6.437433106503843483e+00 3.877279474934186254e+01
-1.786147315259189794e+00 6.087993393884262083e+00
-3.547842011383160354e+00 2.111641169947839458e+01
-5.991748509173600468e+00 3.576968655001372355e+01
-2.538927904055003903e+00 1.130573609607298202e+01
-3.379294156755233924e+00 1.963078454928738381e+01
-3.453085269223068465e+00 2.017205523215937291e+01
1.848755100544434704e+00 7.672301208667478001e-01
-1.745785802856676394e+00 5.916492949887126152e+00
-3.898702364566744460e+00 2.432130882578470832e+01
-4.939060110159845252e+00 3.233026348872309086e+01
-3.829862721844741635e+00 2.398051448420012122e+01
3.177189860614226813e+00 5.724844086111648966e-01
3.969085624391960998e+00 4.652075003730428704e-01
-4.125075614720945083e+00 2.643245076866524812e+01
-5.409050192625504572e+00 3.453498807223595435e+01
-6.552224171781565687e+00 4.099543703938307004e+01
-3.489638964605345173e+00 2.056779981349339081e+01
3.188507767386527525e-01 1.400823834794483469e+00
-3.365986062156095304e+00 1.955647884722969110e+01
-3.612416015466973551e+00 2.167785349965060959e+01
2.483704195489055522e+00 6.748184620935453459e-01
-1.613996110384667171e+00 5.314752670020986614e+00
-3.558293496701394165e+00 2.120940766018529544e+01
-1.305626447997788597e+00 4.151484539604685331e+00
-1.910055882580333542e+00 6.828568627414697723e+00
7.190376620328965407e-01 1.122348599819825266e+00
-4.143189155843024274e+00 2.678625639765395761e+01
9.344121215504884725e-01 1.040319706077613704e+00
-4.165205045203698830e+00 2.681327053747420663e+01
-6.069063855689001308e+00 3.601105945933483099e+01
1.381839152149429539e+00 8.975162527461422179e-01
-1.280684137377113840e+00 4.040505803645837446e+00
2.847242466416894935e+00 6.187628528725865884e-01
-2.331260094235896752e+00 9.716764013005528611e+00
1.047698693888153398e+00 9.928215931103722136e-01
-3.189884610544026611e+00 1.750920889591345286e+01
-8.367502226188362480e-01 2.892017805633623428e+00
-6.623631346226932060e+00 4.434787746942037501e+01
-1.328485863214950546e+00 4.247740903536208812e+00
-2.127831434981200864e+00 7.912763403377446991e+00
3.686301334525360351e-01 1.346865744584000435e+00
-3.979316465893335319e+00 2.512815413038570966e+01
-2.712470985291435710e+00 1.296537080479976467e+01
-3.455479257230221979e+00 2.020954787088946247e+01
-1.183148181030883039e+00 3.762113362175139919e+00
2.012404291840662052e-01 1.487402838494790380e+00
-7.406434656193566779e-01 2.706182671207693069e+00
2.534364767655232331e+00 6.654845356380777455e-01
5.810660838237261538e-01 1.228837580778548988e+00
-3.396259669246187496e+00 1.968559567254426312e+01
-2.303089009004052556e+00 9.531967825604100497e+00
-5.838791839174050757e+00 3.547163963820037935e+01
-5.617528622617917300e+00 3.479599323699972757e+01
-1.507113783354363523e+00 4.853099630421779054e+00
-4.081902974337785928e+00 2.596651857024113141e+01
1.873204775844467873e+00 7.670246241243809937e-01
-3.616245228245094978e+00 2.174112776146705528e+01
1.950412717797003648e+00 7.486440283638718940e-01
3.225684748876775032e+00 5.634508303592165035e-01
-1.586002788733300584e+00 5.099739489217105515e+00
-3.943813611614800152e+00 2.477743218875505704e+01
-3.500120749554740396e+00 2.072021122592149567e+01
4.237151504772635469e-01 1.314278868251313126e+00
-3.751965163534751735e+00 2.306560257915985801e+01
-3.401756283030784811e+00 1.970897793913318807e+01
-4.258526757349600622e+00 2.768191310683770823e+01
-3.850519916667956011e+00 2.414618339863190144e+01
-6.471846887145034088e+00 3.994801362427474345e+01
5.499889971753212370e-01 1.248164125476450836e+00
9.223250471612168822e-01 1.063294009419969877e+00
-3.330505051238600522e+00 1.930273993094263929e+01
-9.880530686976215504e-01 3.264078925651888508e+00
1.784308654840920605e+00 7.849678751727552362e-01
-4.638580991132220888e+00 3.065606253945533766e+01
-3.493897432654640145e-01 2.071942667413063877e+00
-1.881275701918876664e-01 1.889393978724610790e+00
-6.551839779724884849e+00 4.084178462558853084e+01
-6.552224171781565687e+00 4.099543703938307004e+01
1.510410580169385952e-01 1.562275134619924621e+00
-3.004156589335536420e+00 1.598332644328938201e+01
-2.403845207086039992e-01 1.938495513793953684e+00
3.153323010654895064e+00 5.749942369770775219e-01
1.174878922849302398e+00 9.414371194956289157e-01
-1.636261391644165286e+00 5.377916509358148467e+00
-1.937153686554779819e+00 6.978348478935675558e+00
-4.767681668451569932e-01 2.269829598100683299e+00
-3.330505051238600522e+00 1.930273993094263929e+01
-3.355135791298367476e+00 1.936376302552199391e+01
-1.959533736807505200e+00 7.156562918002886242e+00
1.403730759301145437e+00 8.914299124593625390e-01
-3.807880498229634370e+00 2.377357095358665617e+01
-1.300586271475329347e+00 4.053480669686142512e+00
-5.255609720195151269e+00 3.395811686197260570e+01
-5.681718679612195011e+00 3.496641571184410680e+01
-5.189313082805758759e-01 2.322664394169687618e+00
-2.867951937208499835e+00 1.457559769832530527e+01
-1.868568773913930725e+00 6.606491021653961404e+00
1.085066173833790115e+00 9.808788168099029647e-01
-6.567701371463145144e+00 4.138602014120293404e+01
-3.784588909564008841e+00 2.348246099643766271e+01
-9.290113696731081561e-01 3.155991603202591644e+00
-6.374561301540624392e+00 3.817984588633154885e+01
-2.009863768727870870e+00 7.322824113153545866e+00
-4.126360262096472553e+00 2.668294475040985247e+01
1.043863188815130183e+00 9.928413914702193255e-01
-3.476694855356244673e+00 2.038569157357039430e+01
-4.077898700722532577e-01 2.089136757239743236e+00
2.740231517382862303e-01 1.425889752355970153e+00
-7.109262377829822510e-02 1.754678593414539467e+00
1.170038273123829908e+00 9.446908809725084177e-01
-1.416458533374529427e+00 4.372864079816638494e+00
-4.893614854262172464e+00 3.211109295961694698e+01
1.325505613884990108e+00 9.136592959327634045e-01
-7.806188834594633974e-01 2.777163774258189388e+00
-1.771777773611449724e+00 6.024358398159674444e+00
-1.624433643279497019e+00 5.321235963779500366e+00
-1.232787582003933347e+00 3.916890797353926423e+00
1.475795024984437820e+00 8.689582890776255120e-01
-4.266719255775326403e+00 2.779542192007172829e+01
-1.661501360005527284e+00 5.481285053262197060e+00
-2.427664769675634382e+00 1.034330784799487368e+01
2.796969088542181847e+00 6.197787065968130005e-01
3.748315561936233498e-01 1.338887106364100354e+00
-3.403777534871091692e+00 1.981521924387448763e+01
-3.524770081552761170e+00 2.094490588224962124e+01
-2.820042155579641552e+00 1.415456984423927800e+01
-4.922985215046907781e-01 2.280837857282544956e+00
-1.858460289724299885e+00 6.346581959221072822e+00
2.119615011812853833e+00 7.251107974967836434e-01
1.701928735521235581e+00 8.053309071214816983e-01
-3.019200907295792824e+00 1.604144183691882830e+01
-3.684668522688456238e-01 2.077676616135572196e+00
8.887598782526910934e-01 1.073609684731888780e+00
8.371824926079419749e-01 1.099663935821016070e+00
1.799910005772143995e+00 7.849436873144305382e-01
-3.365905207547874145e+00 1.945734522781653553e+01
-3.260808401759002884e+00 1.849793828011287999e+01
-3.459434130764900139e+00 2.032233211351460866e+01
-4.107405252150925001e+00 2.635911889259718421e+01
-7.581649445005859619e-03 1.693840891267224036e+00
-1.673491634421088836e+00 5.551802574726362849e+00
-1.790069870828706611e+00 6.130780893638469564e+00
-1.511850419390547096e+00 4.875129063098437854e+00
-1.141693862034518059e+00 3.556702085199209051e+00
-1.769548274541696165e+00 6.003485692490946768e+00
-4.031488180543230548e+00 2.558525418747441904e+01
-4.233701276788809587e+00 2.741290774086778015e+01
5.455208735286874777e+00 2.980646054420526547e-01
-1.679644975497386561e+00 5.552430694856069771e+00
-4.415681973981806507e+00 2.895662539170517036e+01
-9.577256117352095366e-01 3.185029679755295717e+00
1.523650985055423845e+00 8.627696214048184986e-01
4.884388662766918188e+00 3.634236857643686758e-01
-1.502363328236377527e+00 4.750272823311200376e+00
-2.818194572297757272e+00 1.412947329809223973e+01
-7.301137910996192693e-01 2.696509828710583534e+00
-2.834870136297686471e+00 1.429654159456016771e+01
1.010122809015906009e+00 1.002597787619746272e+00
9.002162763983815319e-01 1.070082915262104306e+00
5.682428159666182976e-01 1.238090437391198728e+00
-2.197543743147039486e+00 8.539586689120840290e+00
2.287070447597915612e-01 1.476774471434409319e+00
-4.594667421553062070e+00 3.026605293938799335e+01
-3.427790901631362908e-01 2.017028066487572158e+00
-3.355135791298367476e+00 1.936376302552199391e+01
3.061448343865813548e-01 1.415518373611891034e+00
-3.664507242111775920e+00 2.232955724091015526e+01
-4.396769896494058472e+00 2.870611932830119173e+01
-3.629993618246714959e+00 2.187227109178320816e+01
-1.586002788733300584e+00 5.099739489217105515e+00
-4.154522985986831562e-01 2.131808513933144411e+00
-4.929794548717596925e+00 3.223244096415509574e+01
-4.939060110159845252e+00 3.233026348872309086e+01
-1.508196434414155740e-01 1.813175956570281633e+00
-4.947530735525429435e+00 3.260361440453510085e+01
-3.549566353507842109e+00 2.112038078373650762e+01
-4.310050139412551218e+00 2.814685459600221407e+01
-6.080793698887402954e+00 3.609347755788228795e+01
-1.152609008588507011e+00 3.619021785122839674e+00
-2.928203615435399865e+00 1.495560862860988927e+01
-4.200645936811232772e+00 2.686955298521489155e+01
-1.186291894878652720e+00 3.762294417875263974e+00
-6.563827189647659210e+00 4.117109829963344225e+01
1.493269048641750585e+00 8.638081413887886972e-01
-2.856016166922635602e+00 1.439465734562787702e+01
2.894839245387596516e-01 1.425530914129439441e+00
1.717103325925323221e+00 8.035136831700663285e-01
6.320493993255544840e-01 1.184087528269697653e+00
-3.801651995533652961e+00 2.376040725527763087e+01
-1.937025824904914151e+00 6.959464859769863843e+00
-2.270921382298121571e+00 9.213792562239415673e+00
-3.456480855014592901e+00 2.032158590347755478e+01
-1.959533736807505200e+00 7.156562918002886242e+00
1.674179902092576278e-01 1.507833841817413090e+00
-6.080793698887402954e+00 3.609347755788228795e+01
1.138554455367879248e+00 9.538159716372196506e-01
-4.893614854262172464e+00 3.211109295961694698e+01
1.208594625898814945e+00 9.334589241701937157e-01
-5.013000894069710611e+00 3.275500643408693691e+01
-4.985500485284239502e+00 3.273194576542371692e+01
-1.132687534711223742e+00 3.556037844965534767e+00
-8.023793651330733967e-01 2.796187136203052148e+00
2.783939856090364096e+00 6.258594620262131203e-01
-8.515309625624480905e-01 2.892365582594444096e+00
-3.514844853386963841e+00 2.090208958498762826e+01
-3.366336431467661150e+00 1.962286898239401722e+01
2.603367629077286693e+00 6.567618037355642535e-01
-6.652557111926734379e+00 4.537257470981942475e+01
-2.371329496392959424e+00 9.981116534226183390e+00
8.651480661100038327e-01 1.090841796768113880e+00
-3.829862721844741635e+00 2.398051448420012122e+01
-3.943813611614800152e+00 2.477743218875505704e+01
-3.589342923216253478e+00 2.166001887324207686e+01
-4.254985891937116627e+00 2.768174665041529892e+01
1.293345628693689742e+00 9.162910531816457205e-01
1.325505613884990108e+00 9.136592959327634045e-01
-2.362759874634583923e+00 9.970423773048160854e+00
-2.472163539670537702e+00 1.073517440083914565e+01
-2.067878829600820811e+00 7.615579647417551890e+00
-3.847014828795399133e+00 2.409555271283735678e+01
-1.905629054734712113e+00 6.801451246329981437e+00
-1.489761126659231438e+00 4.684466531732952355e+00
-4.472971556548554162e+00 2.944461421351938668e+01
-1.719732979358757463e+00 5.631027243035113372e+00
-9.663188268203755371e-02 1.795299379333332945e+00
1.829386029961062032e+00 7.782915103735622564e-01
-1.301625746098673764e+00 4.114749394496953094e+00
-3.411098052088791910e+00 1.989538695298734083e+01
1.820124722275054951e+00 7.782918906506691714e-01
-5.276532745925297974e+00 3.420895341759850083e+01
1.625245490549244443e-01 1.534184284918341801e+00
-1.661501360005527284e+00 5.481285053262197060e+00
-3.780825241590088481e+00 2.344979444938583768e+01
-1.713839382765919073e+00 5.630194198160257457e+00
-8.192978479521320079e-01 2.848021188871224574e+00
-4.475282448822999193e-01 2.188483447032611995e+00
1.509220216349095978e+00 8.629149769511637036e-01
-1.865689387040428082e+00 6.504066569042649348e+00
-5.218897956369639157e-01 2.322844686425007854e+00
-1.498454826111005334e+00 4.750193951533720593e+00
4.341358981557812413e+00 4.185588738500005679e-01
1.293345628693689742e+00 9.162910531816457205e-01
-3.913086351263574070e+00 2.468642796217506685e+01
-3.379385128319428722e-01 1.980787225042969668e+00
-1.249289030931424627e+00 3.966727299139460872e+00
-8.686518787254119411e-01 3.009406204004195562e+00
1.548244255670494063e+00 8.461132745275845579e-01
6.320493993255544840e-01 1.184087528269697653e+00
1.734996601622537105e+00 7.989540823899198285e-01
-1.235722136068678756e+00 3.917204631359481048e+00
-2.752541357601592686e+00 1.367884713123006790e+01
2.765609632435404475e+00 6.285275628815050197e-01
-5.936645026777533474e+00 3.576524994751352438e+01
-4.929794548717596925e+00 3.223244096415509574e+01
-4.130224901235290957e+00 2.676093279295711014e+01
-8.192978479521320079e-01 2.848021188871224574e+00
5.843070255051183715e+00 2.643809484304310287e-01
1.541249905411834265e+00 8.461670821888149785e-01
-3.410911654397872805e+00 1.981682763158304539e+01
2.287070447597915612e-01 1.476774471434409319e+00
-1.510645241147841877e-01 1.813378043825168318e+00
2.047827269024130384e-02 1.607300733054449760e+00
-1.157191635584296607e+00 3.629913273895414960e+00
-8.686518787254119411e-01 3.009406204004195562e+00
-4.475282448822999193e-01 2.188483447032611995e+00
-6.652973139661556345e+00 4.547583804974713217e+01
-8.726491818444058468e-02 1.754754745954699269e+00
8.680979073424385239e-01 1.090781682755088910e+00
-4.404620124386363855e+00 2.870637961730681553e+01
-2.330751249263950164e+00 9.638501769330325430e+00
-3.593019031154510046e+00 2.166018514153112307e+01
-2.809909540528439553e+00 1.405719941865044476e+01
-1.041442072413021114e+00 3.330444544858340183e+00
-3.514808266433098627e+00 2.085773361934505132e+01
-4.720793932315955566e+00 3.131281368177603142e+01
1.010122809015906009e+00 1.002597787619746272e+00
-4.365780691858029527e+00 2.843387446917120087e+01
-4.222507025133454661e+00 2.725798872381631099e+01
4.857086510451783745e+00 3.634245838832008690e-01
-3.583433479692779589e+00 2.157398125931589306e+01
1.991365366244194149e-02 1.618680685759208870e+00
-3.629993618246714959e+00 2.187227109178320816e+01
-1.249289030931424627e+00 3.966727299139460872e+00
-7.996490326380683022e-01 2.795954945778983625e+00
-5.987278324889794945e+00 3.576817109870267331e+01
-4.841226028448180507e+00 3.164660084815194807e+01
