-6.648285558191338041e+00 5.817732864768245804e+01
9.342205270785120419e+00 7.462890784900878816e-02
-6.630587744630466851e+00 4.771795140064138252e+01
-6.611373787029423355e+00 4.571826319769992608e+01
-6.595704550188977500e+00 4.367591219710380557e+01
8.838892862540403073e+00 9.564082429028193666e-02
-6.612401664511299515e+00 4.726268173425997077e+01
9.195953998961199360e+00 7.469297249996069421e-02
8.609891085215934936e+00 9.583592917506718323e-02
-5.729937403087250303e+00 3.413920900489135590e+01
-6.525306831878495473e+00 4.123334953685116488e+01
-5.416345938781333302e+00 3.399325386183147657e+01
-6.529116864238091900e+00 4.249602316880062602e+01
7.978120302440057543e+00 1.174826742037789473e-01
7.773556366275456320e+00 1.179479291002886177e-01
7.450379110214745637e+00 1.391717792482181359e-01
-6.508373160907102495e+00 4.083403158319317328e+01
-6.099801158100335741e+00 3.519453770765566958e+01
-6.486676954626391378e+00 4.001886810123586713e+01
-4.680077404755526693e+00 3.054626390076923670e+01
-4.595776024512620239e+00 2.993876164842381016e+01
5.679845770176116027e+00 2.619360990633186059e-01
-6.489198180218394896e+00 4.026115970632228169e+01
-6.537947061922905867e+00 4.298478788972475684e+01
-6.473822682365199199e+00 3.933176816282270494e+01
8.424765536941180244e+00 9.606858431176172608e-02
7.295940845418587450e+00 1.397489178375465602e-01
8.361382487039215050e+00 9.617137916966046751e-02
5.873201163739325104e+00 2.484790211807276217e-01
-6.158709688438832153e+00 3.552188501584833347e+01
8.164843628607277637e+00 1.171115770804828510e-01
7.830576257429430420e+00 1.177206194163166880e-01
6.473498039770481327e+00 2.044637448372972899e-01
7.121339943162571906e+00 1.605455692292303560e-01
-2.700560287330602272e+00 1.312861459232553862e+01
-2.725118481593977293e+00 1.315129493651800630e+01
-5.085334757962140628e+00 3.235112171251714130e+01
8.163787858141768439e+00 1.174784385933271141e-01
-3.594778600161344873e+00 2.207584882428707118e+01
-6.181488848874220565e+00 3.608090732200543727e+01
-2.726979507897360655e+00 1.371643326494535664e+01
-5.306698307378444390e+00 3.377390784292730785e+01
-5.416345938781333302e+00 3.399325386183147657e+01
-2.683300970134235630e+00 1.261156584505389944e+01
-3.672229855145100696e+00 2.269298518638533579e+01
-6.285332221169467992e+00 3.658959467640241314e+01
-5.937272134301410986e+00 3.518832203627906097e+01
-3.626257392502803878e+00 2.249381598346018052e+01
-6.200315298301326550e+00 3.627797084941217065e+01
-1.889089196926042602e+00 6.838935553464675188e+00
-5.097855172075760777e+00 3.287797579239772006e+01
-6.544876227927507450e+00 4.352357893732015270e+01
-3.997195960138275606e+00 2.541095830883622853e+01
-6.139865218018229598e+00 3.544361347719492272e+01
4.013168563351001694e+00 4.428206410712160479e-01
9.342205270785120419e+00 7.462890784900878816e-02
-3.906128925878757485e+00 2.479763401708011727e+01
6.367492533178685576e+00 2.045363710301734694e-01
-6.619061374252668273e+00 4.771786592059709875e+01
-6.537175211573225120e+00 4.267735753479743011e+01
-4.108830446228326494e+00 2.641758441785362521e+01
-4.935920125545734116e+00 3.227177327063911605e+01
-6.271093865433239323e+00 3.634011228093990553e+01
-5.062728851306792066e+00 3.229148214541063311e+01
-4.700197854887077753e+00 3.094778237615020089e+01
-3.903388200980792533e+00 2.434514181056508164e+01
-6.292006899686175103e+00 3.706034145690635739e+01
-4.375228391486222002e+00 2.876747587330708100e+01
4.452303207975294441e+00 3.936997161512990062e-01
6.940998640989724855e+00 1.825399247366464306e-01
-4.683899795763860396e+00 3.054639367952361795e+01
-4.013845429086249972e+00 2.573986685993308043e+01
-6.387231997475866230e+00 3.819243688559714656e+01
-4.509763457742851145e+00 2.965137237572699647e+01
-1.867928507042391661e+00 6.465408439638436811e+00
-6.509078338293724286e+00 4.122799218589417336e+01
2.402581477664927245e+00 6.783710036252841302e-01
6.594000888878317923e+00 1.831536667929123952e-01
4.297273324745662926e+00 4.131018401571727172e-01
-3.960794361270191466e+00 2.496181463091231123e+01
-5.266821128903505844e+00 3.319800059716923357e+01
-4.195881155917229322e+00 2.754507912575287776e+01
-2.942878016937796826e+00 1.571888704776708323e+01
-6.396767210846619811e+00 3.859371025399158128e+01
-8.289165661747474045e-01 2.981925848441015603e+00
-2.917885677519855392e+00 1.547544712080605933e+01
6.825297280130756761e+00 1.825857348134668767e-01
2.355165359719173068e+00 6.878142628532750713e-01
2.501951260970625146e+00 6.722272928737516029e-01
-3.965034615105160754e+00 2.525761228442838302e+01
4.543628649780858453e+00 3.934750977173500641e-01
-3.716509293143727799e+00 2.295011856695305141e+01
4.614906100701346325e+00 3.696137199587389288e-01
-3.409987647753390139e+00 2.042289551614117826e+01
-4.066666800681601579e+00 2.594757096347342795e+01
-4.147476567783169976e+00 2.697224931049446894e+01
2.267600337234205732e+00 6.954634735800223622e-01
2.042755004743326275e+00 7.296049814073483075e-01
3.914915461219500958e+00 4.636251696913472053e-01
-5.139114138235641782e+00 3.305788851838710940e+01
-3.319343340860597458e+00 1.952784816850493144e+01
7.371496108844000084e+00 1.393496214866080662e-01
-5.160223835121874991e+00 3.319692493124830435e+01
-4.714527083289724807e+00 3.112454362945793562e+01
-3.441561925370472341e+00 2.057672381885041801e+01
-5.811857340956920304e+00 3.418393736294837737e+01
4.158217880317956805e+00 4.343013252145517811e-01
6.287716018665708617e+00 2.259282756133898229e-01
-5.853453659488344840e+00 3.457966089573328361e+01
-8.182398606672245875e-03 1.674135930343534806e+00
3.928246153912589911e+00 4.540085661370870107e-01
-3.358260208191787388e+00 1.981345379513217608e+01
-3.454427494651149733e+00 2.084391374453047163e+01
-2.585433879782532696e+00 1.178893369667565416e+01
-4.130671790509353514e+00 2.670309610233215736e+01
-4.212828924929779006e+00 2.765750550557639542e+01
-4.125980170547818737e+00 2.668223528221328777e+01
-6.310996433935138761e+00 3.748598966945140631e+01
3.524950317483642070e+00 5.248864839120116477e-01
-4.788115807225770126e+00 3.149203108784036331e+01
2.122277244705367050e+00 7.279032542457986033e-01
-3.048539575656602718e+00 1.701333485168973425e+01
4.848312174780822659e+00 3.459774833905190916e-01
-2.832125735733066030e+00 1.455230845228838454e+01
5.964194632552844766e+00 2.480738873635048303e-01
4.756077764236398941e+00 3.583125303579027254e-01
-4.719584722001537891e+00 3.145338907316438792e+01
-1.015036202127337139e+00 3.374290809667770397e+00
-4.186335714998427271e+00 2.730974746292328703e+01
-5.751763727184533437e+00 3.414150736286050147e+01
3.822849281101699859e+00 4.676396601618180715e-01
-2.878681879580389236e+00 1.485911352096546523e+01
4.363793927834976216e+00 4.035066643310916135e-01
-4.394769605483088704e+00 2.898026097877908214e+01
-5.097855172075760777e+00 3.287797579239772006e+01
1.389452131224678588e+00 8.847265673344548720e-01
-3.047244121068161338e+00 1.676333841682090409e+01
8.240569145440455046e-01 1.109009429443469807e+00
-2.527991301639028188e-01 1.986670279518935711e+00
-2.337256810532760909e+00 9.843797147916818702e+00
2.303524642482980556e-01 1.435727434334893804e+00
6.562783907178332043e+00 2.043953739115847990e-01
6.143546520216308870e+00 2.264181907173430930e-01
-5.353329452141013522e-01 2.407402962121253598e+00
5.214405456369787473e+00 3.066632674765717992e-01
4.082752127769569306e+00 4.378674471718828620e-01
-2.316359036922790438e+00 9.632239668476762162e+00
-5.852247521013080878e+00 3.427857645012492327e+01
6.681858104960246791e+00 1.830545354736689001e-01
-1.582174825515083594e+00 5.274999294519891357e+00
-3.765804305323047441e+00 2.336924038332054110e+01
-6.322764403790298360e+00 3.761625845728539019e+01
-6.386712830598550994e+00 3.816158089655226604e+01
5.114538801731137951e+00 3.191985535863908208e-01
-1.147545381762352656e+00 3.694902831092120365e+00
-6.353061749881709908e+00 3.779167988046350501e+01
-4.015144866964090120e+00 2.590403236710185197e+01
6.216668983540977855e+00 2.262545084317450217e-01
-3.264749104491457832e+00 1.914711093659414232e+01
1.964797202232766160e-01 1.475489171449865911e+00
-1.093519682815624394e+00 3.635874705361203940e+00
6.329044195926264216e+00 2.050376645586943769e-01
-3.087350894843647442e+00 1.735501829206396707e+01
-3.664276199184149263e+00 2.254108281673985914e+01
-2.122716636860812578e+00 8.356662420516755674e+00
-1.442911693572513032e+00 4.572953170210252161e+00
-5.855531497464876445e+00 3.464606549448264872e+01
-3.839090308644558469e+00 2.391432770763712057e+01
-2.233999397606964532e+00 8.859495207053395660e+00
2.018349061478514894e+00 7.498714315884770221e-01
-3.246875804628470252e+00 1.897794158569638512e+01
-4.329562561042179958e+00 2.844189733808440579e+01
7.003709245612805390e+00 1.612456043223375879e-01
1.839101835625436721e+00 7.783327479198701715e-01
-4.573674604816556410e+00 2.972047107599351534e+01
-6.271717177498309148e+00 3.653576604109761661e+01
-6.622681709692458396e-01 2.635038477803551160e+00
-3.520299102765952703e+00 2.140308387934972245e+01
-7.767970315381867996e-01 2.888010613149778028e+00
-4.891184481468076051e+00 3.199793541079162651e+01
-2.168346701637947405e+00 8.660389484365815349e+00
-5.283574576702873671e+00 3.357475302857334043e+01
-3.779808431080869724e+00 2.357292030533988125e+01
-3.367417219697133479e+00 1.997488162940772938e+01
-3.131468362657482185e+00 1.754818732506588219e+01
7.084586215253356301e+00 1.612004240053344084e-01
-5.905131759212811637e+00 3.469978746227969424e+01
-4.262421556928017274e+00 2.814593537260727629e+01
-4.905410614064370733e+00 3.216453355291720584e+01
6.044575946778133257e+00 2.480112939481964041e-01
-3.385222555071800254e+00 2.011724107526048755e+01
-3.017334923597517982e+00 1.636109264849188705e+01
3.002941538979132741e+00 5.931542009459104259e-01
2.923579246989208347e+00 5.964654294366535936e-01
-4.719584722001537891e+00 3.145338907316438792e+01
-2.330048084556070709e+00 9.802158433939911930e+00
7.450379110214745637e+00 1.391717792482181359e-01
5.432970718162740908e+00 2.799256144582904504e-01
-2.964172056586548365e+00 1.603195895387678505e+01
2.659477944817541850e+00 6.423827403115862644e-01
5.036289950440945518e+00 3.197101163211533703e-01
-1.941384443941709836e+00 7.134917954118590977e+00
-2.165368149001119846e+00 8.470243461824036757e+00
-3.020352207252901433e+00 1.659593118598924022e+01
1.251110761804934413e-01 1.555588355183176397e+00
-4.224921668314540746e+00 2.780697115295118849e+01
-6.363968266149244712e+00 3.796052971252230179e+01
-4.442926882178373837e+00 2.937566196143686525e+01
-2.960984055319447528e+00 1.584428521909261711e+01
-6.307726245546011690e+00 3.727550714621955308e+01
-5.277991522056431961e+00 3.335290168334181971e+01
-4.152396988580722592e+00 2.702797507876208627e+01
5.585428524666090411e+00 2.749539301606006569e-01
-6.468310825871808944e+00 3.925092312401713457e+01
-2.108179083453180169e+00 7.940725211795022886e+00
-8.470494673426987031e-01 3.065142927043042587e+00
-1.309589975772572412e+00 4.217887101510434888e+00
-1.060214883144892317e+00 3.455999083749457412e+00
2.734326136250192718e+00 6.376425023771012945e-01
3.392541150841733799e+00 5.371871362564620833e-01
-2.619731943554153286e+00 1.221355607874976457e+01
6.772489986595310540e+00 1.827284681198310112e-01
-1.670536857843692546e+00 5.517574445553957041e+00
-2.117078141478815123e+00 8.149338342024943671e+00
-4.335194349846757111e-01 2.261605628406464952e+00
3.465818629576239651e+00 5.282118661740753396e-01
7.343141025175736303e+00 1.394292385304187476e-01
-2.010724327818446344e+00 7.487150101538053271e+00
-2.303592791713614751e+00 9.577136844371279878e+00
-5.304179619844521021e+00 3.357589129379142179e+01
-2.362652994720750410e+00 1.000974038737563454e+01
-6.295532815855674258e+00 3.725937451815892842e+01
1.213503099585520717e+00 9.363091170158940324e-01
1.886482376757804058e+00 7.680552661514801205e-01
3.588555541878927002e+00 5.106541163727211785e-01
-3.970250285393328582e+00 2.534599551297062803e+01
-2.138658825985559009e+00 8.379327514779726371e+00
-3.436037787347881345e+00 2.052511156468494846e+01
-5.919889075524480404e+00 3.494877455318371062e+01
-6.181488848874220565e+00 3.608090732200543727e+01
-2.069902504798101006e+00 7.735776047584759674e+00
-2.890561866340829456e-01 2.015065175630953220e+00
-3.134226333122137387e+00 1.778831077745707745e+01
-1.235670840035007600e+00 4.097550274820689786e+00
-4.817833946809495949e+00 3.156383279829029576e+01
2.592601866785957831e+00 6.484023961167180161e-01
-2.013499139150330297e+00 7.609059752193350512e+00
-3.807264780844082264e+00 2.367696509357674017e+01
3.339608143531346940e+00 5.502074749546180810e-01
1.964859275628578761e+00 7.517617072674226408e-01
-4.291089317356041377e+00 2.842066651890345241e+01
-3.232054080856398670e+00 1.896257019343903849e+01
6.229834480134275765e+00 2.262129347236613575e-01
4.072030904625260739e+00 4.427748309943956295e-01
-5.795390314592351738e-02 1.719859898738415049e+00
-2.909702459084238413e+00 1.534331057040700941e+01
-2.087986681292534730e+00 7.854526521504089587e+00
-2.971328434347908498e+00 1.609331694967439574e+01
-2.453131073897305114e+00 1.076746271682972278e+01
-2.439301036338221707e+00 1.058263807180551908e+01
1.700149189018988816e+00 8.133690258034877996e-01
-3.549781226700112313e+00 2.175920282109953519e+01
-3.572091901483151144e+00 2.192092020713609557e+01
-3.817818084122542643e+00 2.376844004639056251e+01
1.450771931205210086e+00 8.761909040652388070e-01
-1.755569842215856990e+00 6.147866465602098707e+00
-3.203192745022955368e+00 1.841370168271004459e+01
-5.650999078348271087e-01 2.444191731612763707e+00
2.923579246989208347e+00 5.964654294366535936e-01
2.857751623569355193e+00 6.082255590197898076e-01
7.698227020835952672e-01 1.133482503007620990e+00
5.626722498059684163e+00 2.623415399625135813e-01
2.656913172095630493e+00 6.424013078984787128e-01
5.120922889255959731e+00 3.108344447894855200e-01
-4.095980401777405078e+00 2.627060433011059004e+01
4.411774561369345982e+00 4.030680445001927903e-01
-2.908728270223634560e+00 1.516334678377205059e+01
4.682663801692870997e+00 3.638832206425239857e-01
3.562712425990964604e+00 5.181215057939531077e-01
-3.333618381322809743e+00 1.969776329242180779e+01
-2.220438523338187586e+00 8.663685014196893519e+00
6.273963095618891872e-01 1.198468410479714086e+00
-1.931334374382116303e+00 7.011450872774647181e+00
-2.639033615715234760e+00 1.238137635829876615e+01
-5.917679775664564268e+00 3.478096944176297711e+01
9.839710383694971751e-01 1.039986777053105715e+00
-2.892411617943748681e+00 1.515934193284985554e+01
-2.110165560410262042e+00 8.126582217232304117e+00
-4.072672761387647000e+00 2.610092355937114306e+01
-6.442944350355796601e+00 3.869084370688302243e+01
-4.160993973594522721e+00 2.720452036344356728e+01
3.634457328973707657e+00 5.080401500537438109e-01
6.938122357546137875e-02 1.606787181547183918e+00
-3.161506975339286818e+00 1.790677922789963716e+01
-1.229327252807105975e+00 4.016901174332252467e+00
-2.420252431960367545e+00 1.041552289020036604e+01
-4.819059685348559441e+00 3.171602699900159550e+01
-2.673513744230386457e+00 1.260925916373949107e+01
-9.945814912067640901e-01 3.348110843091975486e+00
-1.490397091196263180e+00 4.969501430444318579e+00
-2.439544514562839606e+00 1.060152105364128339e+01
-1.842941360961895425e+00 6.392125274921481193e+00
-6.024214810162964451e-01 2.494970142581325323e+00
-2.248634034615775601e+00 9.011980436773292524e+00
-3.004872836041347028e+00 1.636033040900253255e+01
-3.479833190588789815e+00 2.110439721159252713e+01
-3.288208555596785931e+00 1.932617905653413359e+01
5.179586326252532125e+00 3.067835758170994742e-01
-1.704174518664910210e+00 5.934242584034708834e+00
-2.771730283944880302e+00 1.413159833997274717e+01
1.527134807900711433e+00 8.541619024625500822e-01
-1.318985104314962298e+00 4.298092551962558794e+00
-3.166243085291312820e+00 1.820614001435270524e+01
-2.469906901082850492e+00 1.100190570847126814e+01
-2.510936290089035516e+00 1.113630025670196311e+01
1.735570750238072391e+00 8.018450238277217146e-01
-1.270980547770850233e+00 4.193695323198566527e+00
-3.532816366962542975e+00 2.168549572575906836e+01
-2.799269022956140773e+00 1.431662882607049880e+01
3.215027965252946540e+00 5.692173353701097671e-01
-1.677481913620579856e+00 5.717578855353974809e+00
-2.764712540264524954e+00 1.398520202256046829e+01
-3.451983238486212024e-01 2.080051178466136630e+00
5.537343228274408169e+00 2.757021444765109242e-01
-2.522917623792900521e+00 1.125363159223692122e+01
5.710756658933325847e-01 1.244902425029720705e+00
-5.822934815234235728e+00 3.426785423340917447e+01
-3.214657184932097955e+00 1.856642285144178928e+01
-2.789619388774182696e+00 1.414896127453601160e+01
-3.582242200533432452e+00 2.200288640947724872e+01
-1.676218839813186090e+00 5.621381135246122263e+00
-1.991064296133366662e+00 7.415686563828687738e+00
5.897238827995016308e+00 2.482448730241107460e-01
-1.253298926013117320e+00 4.193332670711044763e+00
-2.366501760789418096e+00 1.000984241049842538e+01
-4.366444413400476954e+00 2.858888122905445073e+01
-2.614170842167168107e+00 1.209575802499153241e+01
-1.406953443859035646e+00 4.495017066859705146e+00
-3.522132653333407415e+00 2.160566232088470784e+01
1.009952375830485360e+00 1.028267940020278992e+00
1.808878689069288059e+00 7.874703464697265787e-01
-4.252503262473720014e+00 2.804655459036403897e+01
-3.230539067299526224e+00 1.877855688281187341e+01
-4.279890088524345160e+00 2.836231413159396908e+01
4.908350652846814377e+00 3.330969195776694591e-01
-2.265039264660237084e+00 9.121234307614185965e+00
4.185432202301727855e+00 4.291552725606953556e-01
4.243471271298735026e+00 4.198466414738966090e-01
-2.367327198506097741e+00 1.021719101705212829e+01
-2.398513123400692670e+00 1.032366560871749073e+01
-2.999729367397836022e+00 1.619102585241684267e+01
7.267675450176451779e-01 1.146975008111704497e+00
6.763787842663828709e-01 1.182772578960380683e+00
-2.301551795134449296e+00 9.411533224554002430e+00
2.743086318182314312e-02 1.651502383712306843e+00
3.465818629576239651e+00 5.282118661740753396e-01
3.135222873952842715e+00 5.724203028871913679e-01
2.170156494370946376e+00 7.165102844273961713e-01
-1.352558895389612603e+00 4.412756715455149248e+00
-5.152726928430405806e+00 3.307159323828818742e+01
-2.760354105360559362e+00 1.384174119144721082e+01
-2.479525645885190865e+00 1.108149700213201960e+01
-8.967540871881788389e-01 3.208366138912014609e+00
-3.914432346091438308e+00 2.483507680526497552e+01
-2.289471876602715561e+00 9.409903984557244527e+00
-3.462526651932520405e+00 2.087456496704694331e+01
-8.668075702880044808e-01 3.123350909434116307e+00
-3.078532740545913082e+00 1.717360421388162095e+01
-1.433853694379068622e-01 1.837007681712801155e+00
-1.800413873614884475e+00 6.355506779838321130e+00
5.475409812913355267e+00 2.797521829146829564e-01
3.645627358602978596e-01 1.368363931430364833e+00
1.669033755909297811e+00 8.152141205338598873e-01
-3.042422195152306053e+00 1.670756661495843076e+01
-6.292006899686175103e+00 3.706034145690635739e+01
-5.934360995802625105e+00 3.501281718363635065e+01
-1.912683395057150904e-01 1.907428504157207660e+00
-1.970300803178312243e+00 7.221105725325438485e+00
-3.100171443768071189e+00 1.748370522756460588e+01
1.073817145118331151e+00 1.011085957441824723e+00
2.219869631090942264e+00 7.164641426184251705e-01
-9.514467495996561386e-01 3.209642701348346172e+00
-6.529116864238091900e+00 4.249602316880062602e+01
-2.367327198506097741e+00 1.021719101705212829e+01
-1.485428772422737076e+00 4.934526867829900354e+00
-3.392321755962581786e+00 2.027770715852777528e+01
-2.599044474623840362e+00 1.192873824070814592e+01
-2.280025616836255598e+00 9.275570470538314183e+00
-6.355176760403845826e+00 3.781374135825869587e+01
1.134433139839224891e+00 9.939095272319472540e-01
-4.230325886246342648e+00 2.787771529230561640e+01
-3.187098164594711847e+00 1.830302472048689566e+01
-3.729796856757747303e+00 2.331300149391703513e+01
-3.721310824490914992e+00 2.313635582035150051e+01
7.776735616443306576e+00 1.178835508145139321e-01
-1.772981729048923816e+00 6.190449920332265599e+00
-5.304374252053281502e+00 3.377189054085607012e+01
-3.377408393599980574e+00 2.003991958202615109e+01
-3.493862538208915236e+00 2.134447800790359651e+01
-3.850994950677386175e+00 2.413847031780329289e+01
-4.168438152141463182e-01 2.225016008136331713e+00
-3.847001729525442393e+00 2.397021175851541130e+01
5.305739254028766005e+00 2.973650354150906283e-01
3.227209971754033124e-01 1.385659590570774036e+00
6.074996848222392387e+00 2.269817278350354517e-01
-1.534290296980415524e+00 4.992073652159835895e+00
3.392198224761176828e+00 5.372947935478472603e-01
-3.333970361953288997e+00 1.971982253601093404e+01
-4.400649224235611889e+00 2.900772954872044807e+01
-4.438217771846024284e+00 2.924424643635372689e+01
-3.791312899663485059e+00 2.357316088616720506e+01
-3.147106075716962881e+00 1.788647722097001491e+01
-3.721310824490914992e+00 2.313635582035150051e+01
-3.716509293143727799e+00 2.295011856695305141e+01
-6.257658888204002956e-01 2.574698716243609908e+00
-3.863707616289658642e+00 2.429255956664707838e+01
-3.089416350700950886e-01 2.047204185760139517e+00
4.992381876163259236e+00 3.242087320654013505e-01
4.243471271298735026e+00 4.198466414738966090e-01
-2.612181831441844349e+00 1.201681360164194423e+01
-2.038702916903135876e+00 7.647653886231111642e+00
-2.166717825176219581e+00 8.561998765867382843e+00
-2.991099904543760957e+00 1.619089485939466755e+01
1.705741137314047695e-01 1.530272715074691980e+00
-3.858209447162115335e+00 2.425666170534158184e+01
5.269389444182174032e+00 2.975678337736571977e-01
-4.083720345302048749e+00 2.612615860507805365e+01
-4.587952510139592377e+00 2.983156687566676268e+01
-2.670258973357058085e+00 1.242337674559318295e+01
5.365620733612813886e+00 2.933627894154048898e-01
-3.900157435903917946e+00 2.430771098767469240e+01
4.571860263639106137e+00 3.760870190945082014e-01
2.764264763289458582e+00 6.317131216640287095e-01
-4.494493700821671212e+00 2.954548058407201694e+01
-1.448190783357292011e+00 4.653114991244213350e+00
-2.580920779772795548e+00 1.162292112605764949e+01
6.763787842663828709e-01 1.182772578960380683e+00
-2.220438523338187586e+00 8.663685014196893519e+00
6.127850244782675482e+00 2.268405177410999229e-01
6.825297280130756761e+00 1.825857348134668767e-01
1.780917222377931486e+00 7.901044091647942968e-01
-6.445518421156499755e+00 3.882607526399692688e+01
-6.457009645658268404e+00 3.897570325948391456e+01
-1.954898753528676814e+00 7.210629512611648195e+00
-2.960550658309867078e+00 1.576220269480585934e+01
-1.828285196794890988e+00 6.363521061988993921e+00
-3.492686877364237663e+00 2.120708017381793553e+01
-7.027855125125417324e-01 2.728693473936741665e+00
-2.811180424327900162e+00 1.443768796014616207e+01
-1.168384782728429938e+00 3.772504066890656205e+00
1.577738529744316665e-01 1.535253832012055453e+00
2.811787620002249799e+00 6.199771330611950626e-01
-4.084880891649358858e+00 2.625586048898814440e+01
-1.739239256490561436e+00 6.060342636969387797e+00
-1.475722878972052010e+00 4.813105913714643691e+00
4.746670968439050675e-01 1.292734440250938643e+00
-4.469650529859507948e+00 2.946027690337943028e+01
-4.701976670884095100e+00 3.099312247618006211e+01
-1.203776093500513067e+00 3.909061540517217548e+00
3.110230653760511110e+00 5.810293745810216626e-01
-1.982341961526485452e+00 7.322215022839910326e+00
-1.910658963160265289e+00 7.002603640099624549e+00
-4.972896219482286218e-01 2.368555947650976101e+00
-3.755731755047691856e+00 2.334196632589966569e+01
5.934961573890576325e+00 2.482323815402836809e-01
2.769442105467712079e-01 1.423927584103994892e+00
-5.909775156265948404e-01 2.456173442891096848e+00
-1.696750360202706753e+00 5.774881727911668428e+00
1.259408599388694983e+00 9.167772247671172048e-01
-3.392321755962581786e+00 2.027770715852777528e+01
-5.937272134301410986e+00 3.518832203627906097e+01
6.749428664459036220e+00 1.828841226781722784e-01
-4.858093405897141004e+00 3.194470300543138208e+01
-3.631282351382775442e+00 2.253281633333351763e+01
-3.278909592578608034e+00 1.927480880161936838e+01
-1.620929938558422156e+00 5.318635771014397662e+00
-2.533420120231314687e+00 1.135177832247545382e+01
-3.849362284324375771e+00 2.408279369978496476e+01
1.610527863127934944e+00 8.328582992153749087e-01
-7.351147871942464995e-01 2.755300075301846618e+00
-2.734200779854343288e+00 1.382423131443823650e+01
2.379477049132106004e+00 6.815628807251058463e-01
-4.462081575095101726e+00 2.944066623468064492e+01
2.735557902613247050e-01 1.429796143045235501e+00
-2.459466215732875494e+00 1.078544150979470118e+01
-1.557735790870088399e+00 5.079534399107121345e+00
-6.461151438248646350e+00 3.909651603729072633e+01
-4.802061559507762922e+00 3.151527869698503537e+01
1.569600823736788220e+00 8.438609167950376078e-01
1.190978064216621446e+00 9.403838903463689336e-01
-3.272046791045915004e+00 1.920001471749197819e+01
-8.858279702724543014e-01 3.137814188705704943e+00
2.857751623569355193e+00 6.082255590197898076e-01
-6.363968266149244712e+00 3.796052971252230179e+01
-4.913385989648958230e+00 3.221041730391178248e+01
-4.667071125200244475e-01 2.319425477038763006e+00
-2.889043442086388858e+00 1.499325730046213678e+01
-3.127752557474840600e+00 1.751653614132581183e+01
3.980878869918980101e-01 1.353091131024048765e+00
6.965557085775173185e+00 1.613366587477022551e-01
3.255267103745538293e+00 5.607074712778138403e-01
5.491123657681388437e+00 2.788347230066736682e-01
-4.707133650206378306e+00 3.111078315423015894e+01
-2.232571210613487067e-01 1.927889580886139154e+00
1.757983121444448571e+00 7.943996238677953903e-01
3.778583384174512894e+00 4.817053629303850171e-01
4.953133084883231341e+00 3.275642344557117003e-01
-4.490458880623071636e+00 2.952585437059763862e+01
-3.097103438180355273e+00 1.741681971472716484e+01
3.795433000629818920e+00 4.816459975295609985e-01
4.386699975734615009e+00 4.032793057187393782e-01
3.170824533004395374e+00 5.692453672925807950e-01
-4.870780995080318476e+00 3.199150482788439831e+01
-6.318588297343415761e+00 3.759977827323397293e+01
2.787889448033552764e+00 6.226649034930397120e-01
-3.176239061053647283e+00 1.824687507108889406e+01
-1.540597975964322019e+00 4.992552295369875104e+00
5.007034534208539833e-01 1.283499956435301348e+00
-2.889043442086388858e+00 1.499325730046213678e+01
4.882933492811077691e+00 3.417530458545128269e-01
5.523154598108729552e+00 2.761246732776331814e-01
-3.162953658987212258e+00 1.806578041364750575e+01
-2.398513123400692670e+00 1.032366560871749073e+01
-2.420252431960367545e+00 1.041552289020036604e+01
-1.626563501413271107e+00 5.422442460706562883e+00
-2.834357887429611367e+00 1.470238286744860723e+01
-6.577331317391878152e+00 4.357592298933725061e+01
-6.544876227927507450e+00 4.352357893732015270e+01
3.037044052367101621e+00 5.927978493422016992e-01
7.653858390628470731e-01 1.146599660327970449e+00
4.724321274491076750e+00 3.638082203130096892e-01
-3.200553747242992575e+00 1.836614309041199888e+01
-6.427225204218594001e+00 3.862794091874268076e+01
-4.014497560551975042e+00 2.582194982344814704e+01
-2.261951323129051783e+00 9.120542378553173180e+00
-2.280025616836255598e+00 9.275570470538314183e+00
-2.542616104734090943e+00 1.148696412360059504e+01
-3.303391675157083984e+00 1.941740569956915152e+01
3.188239092919034068e-01 1.407869548181375441e+00
8.510109598302889600e-01 1.100593718350471484e+00
-1.720532082224522030e+00 6.001944587007051801e+00
-1.185924754189483510e+00 3.854016557240532048e+00
-6.577331317391878152e+00 4.357592298933725061e+01
-4.852689990762402594e+00 3.187146995705642638e+01
1.153553651926377155e+00 9.640944721910471582e-01
-4.333567219338814169e+00 2.856919769565357115e+01
-4.177072848652497505e+00 2.727089538390455559e+01
1.456136997978128678e+00 8.742192688421129843e-01
1.553394424013740505e+00 8.538921954225442423e-01
-3.271477204446137654e-01 2.079951838711680434e+00
-6.228743933613384298e-01 2.574596862657504204e+00
-3.066126865314649841e+00 1.706584897775970333e+01
-2.806213733200422222e+00 1.431756886849502486e+01
2.249091187420423577e+00 7.043187738724726588e-01
-1.864991988708954995e+00 6.464987061447325267e+00
5.036289950440945518e+00 3.197101163211533703e-01
-1.234275950476531325e-01 1.783206764998009675e+00
2.516298927577279354e+00 6.721968236095777760e-01
-1.794866555100034011e+00 6.272364678508236757e+00
-4.582762891956018159e+00 2.977587077032612584e+01
5.612874647649358728e+00 2.688455194908286883e-01
-4.232117743600604776e+00 2.798846068595338110e+01
-3.748502279135375592e-01 2.134511467640072713e+00
-7.496759021537205969e-01 2.846831407297789607e+00
-2.917444205062428964e+00 1.538922497811163481e+01
-1.778840399876039813e+00 6.270662696375738143e+00
5.915536572438802043e-01 1.240023212506159878e+00
-4.423589481675329615e+00 2.918782176132129891e+01
8.380534164396415520e+00 9.612676106296438872e-02
-4.667071125200244475e-01 2.319425477038763006e+00
-9.543366311398459034e-01 3.209882028048690383e+00
3.086051501968179789e+00 5.815741317543033917e-01
-3.464631525645703203e+00 2.102058927734139715e+01
1.597118412779852115e+00 8.333659408130887902e-01
1.170785135488154882e+00 9.603254510683307821e-01
-2.096695154482330903e+00 7.895939535672636289e+00
-2.760680897491620822e+00 1.394371557540934958e+01
3.710863285467466799e+00 4.819962753106232234e-01
-1.571713517204340604e-01 1.884708985249842206e+00
-3.925538051830327557e+00 2.494177917781048137e+01
-4.268531360530529284e+00 2.828150317164215721e+01
9.115063883978882231e-01 1.070135637005382723e+00
4.682663801692870997e+00 3.638832206425239857e-01
1.041744685722006514e+00 1.026582153939520792e+00
-4.418281851044535635e+00 2.909945784150820103e+01
-2.670258973357058085e+00 1.242337674559318295e+01
-2.855971491691437603e+00 1.477601415739623114e+01
-5.267343372753389374e+00 3.325335756372271589e+01
-3.499496419271880487e+00 2.138843116726359028e+01
5.400117428920466089e+00 2.929116650297996505e-01
2.585865164486822465e+00 6.610384907173039171e-01
-1.404363223843931863e+00 4.489290803058083590e+00
9.501870942901942119e-01 1.053258455164454599e+00
-1.152773273240264018e+00 3.736955269562129089e+00
-8.852929541103969624e-02 1.756838046969688261e+00
-3.034566967358238720e+00 1.659744747836578327e+01
-3.078532740545913082e+00 1.717360421388162095e+01
2.548051886123221088e+00 6.635157337053586568e-01
-5.160223835121874991e+00 3.319692493124830435e+01
-2.837519877502578503e+00 1.470316070321170976e+01
-1.642132014916563021e+00 5.469318142525016135e+00
1.360938534713495685e+00 9.096618366345714524e-01
-2.855971491691437603e+00 1.477601415739623114e+01
-4.972896219482286218e-01 2.368555947650976101e+00
-2.631140188173204830e+00 1.231028089192366259e+01
-9.815386900377863766e-01 3.260500781741910714e+00
-3.483483799800089820e+00 2.119125674320994435e+01
2.139642585324489588e+00 7.203153995635044327e-01
-4.822334297709254258e+00 3.178325876048229404e+01
5.340569111235700994e+00 2.962107976801920395e-01
-3.928395348702596657e+00 2.494252538784753526e+01
1.948375540522792937e+00 7.561943555228224367e-01
1.909227699313375659e+00 7.620535034565527610e-01
-5.979775211960609155e-02 1.744213840579754926e+00
5.351102173672210860e-01 1.262063121226078444e+00
-1.692956763467235171e-01 1.901585956653049303e+00
5.351102173672210860e-01 1.262063121226078444e+00
-3.303391675157083984e+00 1.941740569956915152e+01
-1.576767384029001295e+00 5.160113582433850432e+00
-3.162953658987212258e+00 1.806578041364750575e+01
-1.175154191172795848e+00 3.846167356316595232e+00
9.336696187214713061e-02 1.585469316842580412e+00
-3.137975209868125948e+00 1.778847704574612010e+01
-6.396767210846619811e+00 3.859371025399158128e+01
-6.445518421156499755e+00 3.882607526399692688e+01
-7.480977384968016120e-01 2.814273300362391428e+00
-2.542616104734090943e+00 1.148696412360059504e+01
-7.179555841299619656e-01 2.741538011079649451e+00
-2.545087909430650885e+00 1.162195709564397994e+01
6.714940540197881447e+00 1.830198946509015989e-01
3.067045738799327737e+00 5.842207340026033258e-01
-2.247377558103265116e+00 8.939397507110761865e+00
1.493121820639769393e+00 8.653636030676895574e-01
-4.925201093595342527e+00 3.227106928195918556e+01
-5.066037856182654231e+00 3.231601546664335700e+01
-1.076510738778169829e+00 3.518320324520189057e+00
8.778923187599091404e-01 1.083578866292629783e+00
7.267675450176451779e-01 1.146975008111704497e+00
-3.215016812864432527e+00 1.859727854290881766e+01
-1.449878965049696600e+00 4.742025053353052577e+00
3.292823768631254033e+00 5.574370998527293786e-01
-7.723839047031751948e-01 2.887984981121318739e+00
-2.465525040141461677e+00 1.090307949081338634e+01
9.501870942901942119e-01 1.053258455164454599e+00
-1.386520360942646635e+00 4.415052788429882469e+00
-3.464763652162143881e+00 2.102617781522273788e+01
4.981732959853359510e+00 3.243681899754167208e-01
7.001346041309202128e+00 1.613149258844916167e-01
-1.894440112925056763e+00 6.941873459334813923e+00
-1.559692808469769876e+00 5.103609470592004982e+00
4.520642476900459950e-01 1.321015634829325380e+00
-5.267539276269129545e+00 3.335045143546476254e+01
-2.811180424327900162e+00 1.443768796014616207e+01
3.761473459776235595e-01 1.367415600849582802e+00
-2.203164346400800777e-01 1.927788108290246827e+00
-6.457009645658268404e+00 3.897570325948391456e+01
-6.461151438248646350e+00 3.909651603729072633e+01
-2.599310722062121659e+00 1.194762115444879136e+01
-4.592766298619340937e+00 2.993800437970601180e+01
8.994771824997558340e-01 1.074167307070662769e+00
3.684436916180563237e+00 4.960890759620250057e-01
-3.546918905530476174e+00 2.175865990813325368e+01
-9.815386900377863766e-01 3.260500781741910714e+00
1.493121820639769393e+00 8.653636030676895574e-01
6.562783907178332043e+00 2.043953739115847990e-01
-4.022457229547980462e-01 2.169243095029114610e+00
-3.748502279135375592e-01 2.134511467640072713e+00
7.106994871355889920e+00 1.610807744307214961e-01
-2.733222172906115688e+00 1.375841606747655277e+01
-6.804662626554478511e-01 2.686946099559292200e+00
-1.462227242156792340e+00 4.742240182930720138e+00
1.643857766358563177e+00 8.207865682287590614e-01
-1.218058315986181528e+00 3.925194857839024998e+00
3.166956503356562536e+00 5.692696131851120445e-01
5.269389444182174032e+00 2.975678337736571977e-01
-4.243986439634601204e+00 2.799028462930133543e+01
3.743972170956515022e+00 4.819469998302166602e-01
1.049669392098735887e+00 1.016362675902933832e+00
6.071291997156246012e+00 2.270180764916539806e-01
-2.577872473003872233e+00 1.162237821309136443e+01
3.586916227777454946e-02 1.615696888457041291e+00
4.849193298508505556e+00 3.418340251960287901e-01
3.652683752406293394e+00 5.039391787011773260e-01
-3.809977499198347495e+00 2.376692315600194405e+01
-2.061887649802924827e+00 7.684233049852307929e+00
-3.220260065143574213e+00 1.868632610325747123e+01
1.294419164227679886e+00 9.153444259188052712e-01
1.259408599388694983e+00 9.167772247671172048e-01
1.368201156839188748e+00 9.057553766830854780e-01
-2.243878189366772080e+00 8.885955650542918249e+00
1.104264972862493144e+00 1.003913430884453506e+00
-4.850437366323489208e+00 3.180592072842310714e+01
5.325926043849713132e+00 2.972919571119036486e-01
-1.083108283374599079e+00 3.617394352243890054e+00
-1.696750360202706753e+00 5.774881727911668428e+00
-1.716277021574743822e+00 5.934654520259869948e+00
1.326999780167674947e+00 9.131657422970208549e-01
1.328120970829911984e+00 9.107357688179676947e-01
-5.914289737109251099e+00 3.472600804549466602e+01
5.183375730539677484e+00 3.067540642901414039e-01
-1.734189636503730370e+00 6.036769113140814547e+00
-1.263534409782370860e-01 1.783310133029399225e+00
3.747175719775196256e+00 4.819020247471179630e-01
5.394111894145090957e+00 2.932720617277403408e-01
-1.386520360942646635e+00 4.415052788429882469e+00
6.721367136454410307e+00 1.829726163607394984e-01
-4.337715882463009542e+00 2.857766424998286325e+01
-1.982499959265584089e+00 7.364516538813887792e+00
-4.161406004974395501e+00 2.723501865685242151e+01
-4.836632196633306791e+00 3.180141526572466759e+01
-1.621307518433697581e+00 5.374241929731051748e+00
3.002941538979132741e+00 5.931542009459104259e-01
2.545363913357101993e+00 6.666965932232531422e-01
3.666951572728637476e+00 4.962464271246652125e-01
-3.729796856757747303e+00 2.331300149391703513e+01
-1.080658060312734037e+00 3.555255404588265833e+00
-4.268531360530529284e+00 2.828150317164215721e+01
-2.525128403633500440e+00 1.131206325098902710e+01
-1.061082757812103594e+00 3.485140746368968312e+00
6.127716471028458178e-01 1.235025849543929910e+00
-2.048730218349720023e+00 7.682913476273537157e+00
-1.344922995761669959e+00 4.349570048002378009e+00
1.294419164227679886e+00 9.153444259188052712e-01
6.681858104960246791e+00 1.830545354736689001e-01
-6.427858256381384194e+00 3.864979289988868061e+01
4.565248350527662424e+00 3.856264052275605314e-01
-1.468201758858811212e+00 4.808680592447907465e+00
-1.897039173818716895e+00 6.948632073691211275e+00
1.107193001628242524e+00 1.003880654510285630e+00
-2.545087909430650885e+00 1.162195709564397994e+01
-3.574951137546697133e+00 2.192146312010237708e+01
-3.526000076741570233e+00 2.160572336232728574e+01
-1.573787294917512458e+00 5.159697730937019777e+00
2.224967633166739844e+00 7.048524556398784169e-01
6.044575946778133257e+00 2.480112939481964041e-01
-6.793090673573631832e-01 2.680325767303167073e+00
3.049197642231450178e+00 5.912068054093657654e-01
-5.848331562586776222e+00 3.427830322062740720e+01
-8.852929541103969624e-02 1.756838046969688261e+00
3.232462617885030198e+00 5.643246578457822293e-01
-5.932506055493607988e+00 3.499389461353022313e+01
-3.063144825984118302e+00 1.706516260064984891e+01
4.277150114480158805e-01 1.348415042902278316e+00
4.458317731859678945e-01 1.326268897040974171e+00
-4.362694282869631124e+00 2.858880101954644459e+01
-2.465525040141461677e+00 1.090307949081338634e+01
2.737256301085697618e+00 6.344244750194772964e-01
8.679020267496134755e-01 1.100533370829543722e+00
2.160274375461768592e+00 7.165993502871109699e-01
3.822849281101699859e+00 4.676396601618180715e-01
4.203422351949107072e-01 1.349858011977289385e+00
3.312742753628946435e+00 5.567047298386305076e-01
6.952452694621285012e+00 1.614887085755290219e-01
-8.948538916986824576e-01 3.200373215329679777e+00
3.700326298885616261e+00 4.821210298916445702e-01
-4.433079352940137774e+00 2.920690186144080158e+01
-4.022457229547980462e-01 2.169243095029114610e+00
9.336696187214713061e-02 1.585469316842580412e+00
-3.220260065143574213e+00 1.868632610325747123e+01
-4.418281851044535635e+00 2.909945784150820103e+01
