1.035390995069875508e+01 8.205049636168439825e-03
-5.585725692315020474e+00 6.747218413344066335e+01
6.328389885180706997e+00 1.754051294536922503e-02
9.890924354625880710e+00 8.401696348875574427e-03
5.350169476485032938e+00 1.760090510997146251e-02
4.707432509470002913e+00 1.986064203858940030e-02
4.017331655338412411e+00 2.690580520329260983e-02
-5.584917404767547389e+00 6.507947118651617302e+01
-5.585130863748307029e+00 6.720995156703423845e+01
-5.546330447526512053e+00 5.150004617835251963e+01
-5.543477620181941568e+00 4.960691198859308315e+01
1.035390995069875508e+01 8.205049636168439825e-03
9.932159761904422624e+00 8.371222026872401217e-03
-5.565079911597933915e+00 6.028657489004948644e+01
-5.561549979290790979e+00 5.868920195818513008e+01
-5.556080682085204003e+00 5.651039430313880985e+01
5.227736062783819193e+00 1.815881257722304354e-02
3.614361064906448373e+00 2.754294161741667468e-02
-5.570972659003125216e+00 6.242122721009721431e+01
-5.542082673060816589e+00 4.873872955762246306e+01
3.911425151538337364e+00 2.743585375445944594e-02
4.939841313433899650e+00 1.817223433956001444e-02
-5.569779854666328411e+00 6.130436263375393935e+01
-5.555308425597160316e+00 5.555307619871024372e+01
-5.550299022822430928e+00 5.267740535939853430e+01
2.537960879416194082e+00 3.862012833816915597e-02
2.300144551096007461e+00 4.614047724122655875e-02
-5.536534555046538131e+00 4.674816230503691372e+01
-5.550966296498421215e+00 5.357692201565735957e+01
-5.543477620181941568e+00 4.960691198859308315e+01
-5.578929387588966726e+00 6.423634814089938061e+01
-5.549336779070827674e+00 5.182079692684603600e+01
-5.551779886080828064e+00 5.427376785898309208e+01
-5.537112569928035022e+00 4.758958844327614202e+01
3.128927104662220682e+00 3.677899124565747052e-02
-5.452314454832754897e+00 4.328930298462829285e+01
-4.740648204988418435e+00 3.032817358907269778e+01
2.791229696327216736e+00 3.709383528722373646e-02
-5.552064968825282776e+00 5.443352726301763767e+01
-5.578511310074825147e+00 6.348498725375005591e+01
-4.726979775654681859e+00 2.972060734568145790e+01
-4.238188550493146245e+00 1.558022087800704014e+01
-5.413452912133958073e+00 4.191225259244718870e+01
-5.269675323756104923e+00 3.951039094418975139e+01
2.958607767595885729e+00 3.704645003780891732e-02
2.958607767595885729e+00 3.704645003780891732e-02
-5.424474379149697434e+00 4.243328966930956625e+01
-5.550966296498421215e+00 5.357692201565735957e+01
-5.550042115354387740e+00 5.251764531951336323e+01
-4.907962929785393058e+00 3.421199320123101018e+01
-4.239460069352310789e+00 1.610669377972267924e+01
-5.567499031928989872e+00 6.044776954318155049e+01
-5.577013353189325784e+00 6.300695466509499454e+01
1.302379489862167894e+00 6.591582155983032043e-02
-4.576588547979964616e+00 2.562217564997400387e+01
-4.019842337696294621e+00 1.094096545523416175e+01
-5.439518672145664091e+00 4.268892220658435122e+01
-5.552256240860222292e+00 5.502841774300749478e+01
-4.581814591473382769e+00 2.605243897644741224e+01
1.430506797358708893e+00 6.559850180625043103e-02
3.195008202927597518e-02 1.141885425678291349e-01
-5.557739010588772288e+00 5.709162072710417135e+01
-3.530067264734703336e+00 4.460883056173432060e+00
-5.531861232204385637e+00 4.588009807704808196e+01
-5.518416782716458968e+00 4.545758372708873196e+01
-4.767303002683470403e+00 3.076568820432810725e+01
-3.794981476260578912e+00 7.297824534979916677e+00
-5.108851454242096857e+00 3.695592258335908298e+01
-5.069135943156640955e+00 3.628084229367255631e+01
-4.004831692283413958e+00 1.061881634270140928e+01
-5.290666678069882778e+00 3.977266876064025780e+01
-5.539381267958980004e+00 4.780674109692299822e+01
-5.559372456312366317e+00 5.816578455033086215e+01
-5.553518466014982558e+00 5.544988923875139619e+01
-4.898030721992889802e+00 3.393062287352182693e+01
2.230086471300537276e+00 4.643426765276434387e-02
-6.315911124889883599e-02 1.230699158000997662e-01
3.218738527256384874e+00 3.636366528577971574e-02
-4.360616014185008993e+00 1.951749015204606508e+01
-4.798856526389415400e+00 3.206679868546362400e+01
-4.285125425100713592e+00 1.691908479403902987e+01
-3.961364417350990763e+00 9.859809779003045449e+00
-4.981610498388979735e+00 3.544878959072229918e+01
-5.540751336170959718e+00 4.833515212697237473e+01
-3.915170738813098961e+00 8.998127785888085484e+00
-4.148853647259693744e+00 1.339852443978112539e+01
-5.518025192240838983e+00 4.513276235828017491e+01
3.333595061439608376e+00 2.928318339514180552e-02
-5.578511310074825147e+00 6.348498725375005591e+01
-4.813443303603588852e+00 3.217417737554131207e+01
-5.568017305536956840e+00 6.092580625920925286e+01
-4.134230569874824290e+00 1.303929663424678331e+01
-5.503428665280317489e+00 4.478567421712023844e+01
-3.877585531692407717e+00 8.226645666750314945e+00
-4.847250668008752150e+00 3.284664770256165411e+01
1.956958300972182041e+00 5.553024195558520226e-02
1.847926247017343870e+00 5.555530177216942700e-02
-4.286218318810670169e+00 1.726307839388710264e+01
-4.795888186982733892e+00 3.173977134348045581e+01
-5.216565077979265830e+00 3.860249060867145943e+01
-4.152076160311792385e+00 1.373673156462914591e+01
-4.482182208624163167e+00 2.278250971012239745e+01
-4.359459976499865164e+00 1.908048878055276276e+01
-2.344034891831226375e+00 7.713120749765414175e-01
-5.412316432459436832e+00 4.175248529545188347e+01
-2.484905665181337930e+00 8.947007144891552244e-01
-5.499946443450456357e+00 4.450099259164516496e+01
-5.109542442478843149e+00 3.739215786445687684e+01
-5.576263099416656210e+00 6.284719878842475538e+01
1.457378414900633856e-01 1.134331022291673596e-01
-3.315092943242672341e+00 3.188363619048550035e+00
-5.571589596733627303e+00 6.258098374482267445e+01
-4.950192067936103335e+00 3.482485930173910305e+01
-5.539889949547104564e+00 4.812520107936772717e+01
-4.780824230890165616e+00 3.145119211399400072e+01
-3.914699684327271001e+00 8.721499094354344450e+00
-4.336227089652680888e+00 1.871518736392498283e+01
-3.717309765108762765e+00 6.285556783978320183e+00
-5.532717136499004873e+00 4.631516223886188044e+01
-3.966516274382169804e+00 1.021340751834156180e+01
-5.581672393734138815e+00 6.433973471382294917e+01
-5.559194359539368691e+00 5.773065389633595856e+01
-5.583238467925370152e+00 6.491951284345581996e+01
-5.012620256022692899e+00 3.610239459218912828e+01
-5.180328030659472560e+00 3.805353493814702404e+01
-3.857315395919825640e+00 8.015464806915137075e+00
-5.468761357605848694e+00 4.377785855296897211e+01
-5.560740229561741188e+00 5.836968616265871646e+01
-5.558921251961235654e+00 5.731042146962001027e+01
-5.553435391668137378e+00 5.502965245712169207e+01
5.430170382518120231e-01 9.417752729229851572e-02
-2.306238944903451493e+00 7.303631350995962723e-01
-2.804791281067648523e+00 1.357314726221126033e+00
-5.559194359539368691e+00 5.773065389633595856e+01
-4.138235783252331323e+00 1.329973539476593558e+01
-4.270069771330559760e+00 1.658333691914164376e+01
1.527959055285978529e+00 6.511892282165812618e-02
-3.372233111831369090e+00 3.448049786346405909e+00
-4.913897446478383557e+00 3.455204127467570174e+01
-3.736940608400978192e+00 6.603654303276472959e+00
-3.695504772474780264e+00 6.075366484675795320e+00
2.868919190923899798e-01 1.044056342572814711e-01
-4.082792055659377084e+00 1.208756812400066849e+01
-5.184068209443855046e+00 3.820830162595005675e+01
-4.453367071338366401e+00 2.205981274669282044e+01
3.515817286913577089e+00 2.796201096657167928e-02
-7.052161086089976383e-01 1.890770315937800872e-01
-4.747455253606704950e+00 3.044670572304899636e+01
-3.504663932646511437e+00 4.322346216597360957e+00
-3.728630266787170910e+00 6.373997200234088112e+00
-4.274515660299370801e+00 1.680573496133813194e+01
-4.876176049433881055e+00 3.346957658935729540e+01
2.594708920846975353e+00 3.819470806559319837e-02
-4.399955342328536467e+00 2.082966818450384849e+01
3.396768692864339467e+00 2.898684167937715106e-02
-2.441461701812327689e+00 8.802394297207714047e-01
-5.096693506556891684e+00 3.655926324484408951e+01
-4.640532118895417391e+00 2.752566835966588243e+01
-4.685396241866797595e+00 2.885895081938708984e+01
-5.568145293607984492e+00 6.124511758394730521e+01
-3.213477128663263294e+00 2.614084295503106059e+00
-6.440189375345556355e-01 1.866155075249863460e-01
-1.489743852531148605e+00 3.323895475004202682e-01
-5.248064361840760306e+00 3.901232235387602287e+01
-3.100563845606576496e+00 2.176396408149418704e+00
-1.647781036815064715e+00 3.806142786282553092e-01
-4.318186251373044904e+00 1.819127602481927397e+01
-5.251791876795743441e+00 3.920751715361547696e+01
-5.231229811359790816e+00 3.872897161844157665e+01
-4.948541160501539693e+00 3.463775699338025049e+01
-3.176182378479689206e+00 2.512382673566466273e+00
-4.572458720637546215e+00 2.547169551076225247e+01
-2.260612303304738724e+00 7.007764757870025285e-01
-4.221400115489203131e+00 1.510068858305479544e+01
-3.883156274526892826e+00 8.370704509072771415e+00
-2.331518236445388192e-01 1.340701096724186692e-01
2.314916394647885678e-01 1.047525151340406441e-01
2.089549147671000640e+00 4.711040624755804401e-02
2.010767854178828751e-01 1.131323079504295975e-01
-3.581078991874031114e+00 4.927371833938213541e+00
-4.524488398776156828e+00 2.393003349872837759e+01
-4.543411014428107464e+00 2.433485103482035328e+01
-5.453751641638415748e+00 4.344906713836093104e+01
7.064823831227344808e-01 8.483829438984025195e-02
3.555832635102198491e+00 2.777621290365070786e-02
-4.671257813354518618e+00 2.841808361110427938e+01
8.036776899475575053e-01 8.426393682436156274e-02
-3.065940567053191401e+00 2.063513808588513410e+00
3.471477498436931208e-01 1.040301252050409991e-01
-3.825006742307509366e+00 7.688871500287361549e+00
-2.710650052349454331e+00 1.195986567885075402e+00
-4.126478236736815575e+00 1.287150272420157293e+01
-5.403628541727265144e+00 4.106184664768603199e+01
4.133330157507977831e-01 1.036323965713465689e-01
-3.276583604562482321e+00 2.926605865306471266e+00
-4.534935758313467957e+00 2.420917809924143427e+01
-4.100757230319952207e+00 1.243903954772961740e+01
-3.630154654672612224e+00 5.453924836461121473e+00
-3.863007369661676238e-01 1.549447534157375461e-01
-5.378587805651000586e+00 4.050423088506160241e+01
5.849963424590580718e-01 9.392677982181911467e-02
-5.109875150734504601e+00 3.740078169986848167e+01
-2.825632729217940398e+00 1.439244011461049855e+00
-4.630761693493747444e+00 2.711390802035907654e+01
-4.791925029248821133e+00 3.163596476176688199e+01
-4.677779170695724353e+00 2.872324714329184658e+01
-5.402353936099753895e+00 4.087948630935226646e+01
-2.598877705575210584e+00 1.108546853143644428e+00
-4.165532311764701845e+00 1.397090086281246357e+01
-3.673504813866175223e+00 5.932673748174903672e+00
-2.761769364904667068e+00 1.287054642894915890e+00
2.676987059902205424e+00 3.755255102987887367e-02
-4.221907552952092857e+00 1.530709258709842402e+01
-4.448446587446880152e+00 2.181975096818331039e+01
-3.420821820271982006e-01 1.446876190449341848e-01
-5.161176566498146379e+00 3.787374029755922322e+01
4.742250597747833751e+00 1.898777197326607588e-02
-5.519664629038588011e+00 4.569558847531354218e+01
-3.662021670962127828e+00 5.760080439604292835e+00
-5.129063010821258040e+00 3.766407955212910252e+01
-4.398524508969352986e+00 2.049216312462612422e+01
-4.170580648035227433e+00 1.411395525158372877e+01
-4.229939058194339019e+00 1.541236083844975369e+01
3.460234535202668660e+00 2.820283146798012452e-02
-4.660774222392269905e+00 2.814129846245366551e+01
-6.174545342026241945e-01 1.764571702294228106e-01
-3.608254522865194325e+00 5.229112624003598775e+00
-1.089866530091885943e+00 2.394549984843803714e-01
-4.103918940755770350e+00 1.262191899380773918e+01
-3.009003560471778638e+00 1.822488982133033897e+00
1.146917924369842634e+00 7.446474259672868079e-02
-5.561549979290790979e+00 5.868920195818513008e+01
2.032593905472889428e+00 4.765460190428909976e-02
-5.547829422149604284e+00 5.165980188164414955e+01
-4.677054476742018352e+00 2.854192594352935686e+01
-3.553634287166671957e+00 4.692181235937569639e+00
-4.566394660719668153e+00 2.528789546571670854e+01
-4.178625999678957648e+00 1.425811041856937678e+01
-2.390598492988075474e+00 8.255724627416932693e-01
-5.104613668397236736e+00 3.677439203028625769e+01
-4.556418425446556064e+00 2.481601254090956132e+01
-4.549504453249628710e+00 2.451640879373423587e+01
5.330506672708816396e+00 1.764182963339883115e-02
-4.476203319523265556e+00 2.265961164489782931e+01
-4.602470379756038454e+00 2.628251272505396585e+01
-4.199542648480089291e+00 1.476016833081129320e+01
-4.565577147446073347e+00 2.516985288086379313e+01
4.934188590867513824e+00 1.817649653985579233e-02
-4.374307298410628597e+00 1.981902328327204188e+01
-3.155947750625380799e+00 2.341459482540065196e+00
-3.895534885308503892e+00 8.525015352428743753e+00
-2.766015488977105474e-01 1.442653703429347123e-01
-5.158693368027500448e+00 3.779864228461886455e+01
-4.664621089386334241e+00 2.822993039278979666e+01
-5.582330965071040652e+00 6.465801169848175789e+01
-4.507694616311343161e+00 2.352934288599806223e+01
-4.207104318092878437e+00 1.499514521548210411e+01
-4.078680010294560176e+00 1.196310373082058121e+01
-5.568017305536956840e+00 6.092580625920925286e+01
-5.437475667167436022e+00 4.251753927934159805e+01
-4.855851674768974391e+00 3.302070376975247257e+01
-4.032126811381656850e+00 1.116226982367331999e+01
-3.630934409928613604e+00 5.640951343977413934e+00
-3.619344946264752227e+00 5.333174391985913587e+00
-4.591243350935261702e+00 2.615946623409386262e+01
-4.313246567695087741e+00 1.795869540364423500e+01
1.599090648426213068e+00 6.484175236688512201e-02
1.800215653264352955e+00 5.578473676515247753e-02
-4.687684540574987402e+00 2.906881841677333256e+01
4.794345647038478653e+00 1.863555731621343789e-02
-7.376700788205665660e-01 1.932783403669460220e-01
-3.250979850163818075e+00 2.779054580291596910e+00
9.442085501094151789e-01 7.558852299386777107e-02
-5.389306080071208704e+00 4.065618752983800022e+01
-2.191427007898463231e+00 6.556337043152096200e-01
-4.295306002507840226e+00 1.733662265123915702e+01
1.606687502883496821e+00 5.679595200730985088e-02
-2.884631897761086083e+00 1.591122314001569116e+00
1.679517299851311041e+00 5.636741817295597146e-02
-2.749215282948543670e+00 1.244025364514665277e+00
-3.446045942996359468e+00 3.977584726999631837e+00
-4.482992745352697206e+00 2.308470175812933434e+01
9.666584415000237795e-01 7.554238791437936640e-02
-4.465343741462057814e+00 2.252655525176306384e+01
-1.739283673240074490e+00 4.140678455806239278e-01
-3.417291090980068002e+00 3.705150062611171968e+00
-5.536269290584894698e+00 4.659515951659840738e+01
-4.970540148400353964e+00 3.519306040637684418e+01
9.516216089062289052e-02 1.137597037047360232e-01
-1.253520707259950351e+00 2.764070360998491238e-01
4.863150400435960918e+00 1.844365000037864050e-02
-1.200845954225319812e+00 2.644772336117389711e-01
6.587835534094658163e-01 8.513039092522588225e-02
-3.463921575320013435e+00 4.057610542540253995e+00
-2.066719912876328280e+00 5.817906779184869315e-01
2.300144551096007461e+00 4.614047724122655875e-02
-4.827168474782076224e+00 3.242842974485990482e+01
-5.287390727612455432e-01 1.658536768580879950e-01
-4.380908021666511942e+00 1.988419151389631878e+01
-3.591715277609378365e+00 5.110065329054195082e+00
-5.532998352928660601e+00 4.646018342278771485e+01
-5.197609703954000793e+00 3.838787066615318366e+01
-3.492500119130613978e+00 4.218284963026111001e+00
1.279697609198630737e+00 6.603992065261454769e-02
-1.961080387317599483e+00 5.114875174541507752e-01
-4.325266848382381291e+00 1.837295801031095976e+01
4.863150400435960918e+00 1.844365000037864050e-02
-2.532459710276243836e+00 9.459077431059788044e-01
-4.162900247892265426e+00 1.379663637354476968e+01
-3.945813472585927961e+00 9.686990000735722361e+00
-5.008986519364746037e+00 3.594670046328869262e+01
-4.696075099634211547e+00 2.912993613718601082e+01
-1.982021754651177359e+00 5.165454598783532081e-01
-4.070592414094478251e+00 1.181903512878968243e+01
-5.410922526759360807e+00 4.147172239732634580e+01
-4.643132855072175325e+00 2.773056840113644128e+01
-4.506674082302456696e+00 2.344150646973522001e+01
-4.607294528903206121e+00 2.641800535665615968e+01
-1.519988776053414314e+00 3.451630122036195569e-01
-4.654412933028550192e+00 2.793214485883055787e+01
-4.364062545876307375e+00 1.963175895544750205e+01
-4.056326788318920684e+00 1.159855782942185165e+01
-2.586058425990171106e+00 1.032140801524544571e+00
-4.251765292087876347e+00 1.630210278907124888e+01
-4.772632803559307746e+00 3.090986778524106526e+01
-3.785431925070691150e+00 7.054993842569064810e+00
-2.647499636094022613e+00 1.122791399339313267e+00
-1.780206101398284169e+00 4.283713412282885713e-01
-4.772986332552007660e+00 3.102493134720330659e+01
2.779072104100405838e+00 3.713415634401156379e-02
-3.473527333829142805e+00 4.159711821855701430e+00
-5.358265229242559435e+00 4.018632103057623794e+01
-4.460843196501408592e+00 2.217283470957669422e+01
-4.059076535231271876e+00 1.175914734579087551e+01
-4.621090016964372715e+00 2.691922501363723796e+01
-4.633516490069399474e+00 2.732570020578746295e+01
-3.755474204937522931e+00 6.769719300285403918e+00
-4.843115488821672976e+00 3.261030214346254752e+01
-8.284701387257377148e-01 2.037783376986935513e-01
-3.809778678160982146e+00 7.514023545251292013e+00
-5.495376398777657379e+00 4.417427081985375281e+01
-5.401211371569131892e+00 4.072024561277272170e+01
-3.132607420121243269e+00 2.256003916540619159e+00
-3.905541257394354648e+00 8.597785885957584640e+00
-2.682399145246368466e+00 1.166675574861204989e+00
-1.185384500430466170e+00 2.643457622292071374e-01
1.111943672631301672e+00 7.464191720707613609e-02
-2.562505358762052321e+00 9.784927688900968423e-01
-4.043913854599055391e+00 1.138628056086006168e+01
-3.936175283007226966e+00 9.325741295363926042e+00
-5.472439872669402128e+00 4.400000308831921814e+01
-2.964100084513904498e+00 1.805943586166011805e+00
-4.424495968004607427e+00 2.097179756302030285e+01
-4.708173274740279801e+00 2.955305231866489635e+01
-3.383013633630854944e+00 3.580621564912881638e+00
-7.782783168630555970e-01 1.936203578985247475e-01
-3.391016414185346939e+00 3.638379143131767357e+00
-4.394017279059898584e+00 2.024636200046258239e+01
-5.409139712223542951e+00 4.127243120034685120e+01
-3.445310394182053315e+00 3.829565161715554389e+00
-2.020920744212734821e+00 5.453200886771207845e-01
7.447152274626617219e-02 1.138973744051209880e-01
3.342902531771034358e+00 2.915565262023790336e-02
-4.201815691674283926e+00 1.486305647368997285e+01
-4.095253058399930701e+00 1.230140042674392475e+01
-3.228947655344605927e+00 2.673792563942367195e+00
-1.780596815488151019e-01 1.337227014412391279e-01
1.750586870959598418e+00 5.597476062931805441e-02
-4.518737511370933824e+00 2.371112760127920893e+01
-5.582330965071040652e+00 6.465801169848175789e+01
-3.348802194126765386e+00 3.310829272813447410e+00
-4.398524508969352986e+00 2.049216312462612422e+01
-4.045294682907122130e+00 1.153315779499682137e+01
-5.585725692315020474e+00 6.747218413344066335e+01
4.297873971434814644e-01 9.538325948886701433e-02
-1.061617420473146778e+00 2.382328532012186750e-01
-5.585130863748307029e+00 6.720995156703423845e+01
-4.486523062668227091e+00 2.326528722959502105e+01
-4.491769190667975309e+00 2.331048199968225276e+01
-8.858147287492756927e-02 1.232354664154085150e-01
-5.353309908765884195e+00 4.012310055877404125e+01
-5.661188071073909311e-01 1.760699037028398140e-01
-5.134643550628415376e+00 3.766457487296917606e+01
-1.345298419719057614e+00 2.890495513462133514e-01
-3.995660534102637218e+00 1.049502036093277724e+01
-3.163062865391589540e+00 2.449774281211184679e+00
3.213201629126014147e+00 3.636786617321525333e-02
3.152774567692411711e+00 3.659416039301251200e-02
-4.353234143341350837e+00 1.889898394555194017e+01
3.279049784594672001e-01 1.040880308958846284e-01
-4.614006065739117091e+00 2.656929120026339319e+01
-5.093148656866695489e+00 3.643344851682618213e+01
5.272810345519548747e+00 1.779271055247481914e-02
-5.089816927972719007e+00 3.633372214291314606e+01
2.176605846907418318e+00 4.670320769069494921e-02
-4.308641438662696999e+00 1.791451539340003762e+01
-3.028277389355271243e+00 1.978951758030244035e+00
-3.646750761961560894e+00 5.701360019222915021e+00
-4.964899535059837277e+00 3.501304960525821741e+01
-4.837049560641064616e+00 3.260996848795539194e+01
-3.983206597709765706e+00 1.034297263996504412e+01
-4.697438688002073093e+00 2.931650135061626372e+01
-3.566109310525658493e+00 4.742347807820177508e+00
7.538744203978556824e-01 8.458288289375509583e-02
3.602141645035159989e+00 2.761196977153851720e-02
1.016218058105814448e+00 7.520903107064784432e-02
-4.774207690618945676e+00 3.118535817764026419e+01
-4.463600578288112963e+00 2.229785530169127483e+01
-4.248726405483967739e+00 1.621091784522625190e+01
-4.301884355752738642e+00 1.751812835011239500e+01
-1.822465321439126651e+00 4.475533932287262262e-01
-4.711787110647057908e+00 2.970678386313556629e+01
-4.981955432075166890e+00 3.564959141736122916e+01
4.847528446099913513e-01 9.459177845934607642e-02
1.476167272315767276e+00 6.538578869775940605e-02
-2.141218978675345941e+00 6.430315608630301494e-01
-5.366094337885064292e+00 4.035054618954693240e+01
1.705068279468695991e+00 5.622096339378734875e-02
-4.443019123598169529e+00 2.151935396942073453e+01
-3.737039539720846459e+00 6.749885327518622802e+00
-3.048531371492408493e+00 2.034350740457921525e+00
-9.615541537599830990e-01 2.147398645449590526e-01
-1.434037811013012531e+00 3.270104752868919773e-01
-3.431687676154401512e+00 3.769802388932688153e+00
-3.278591851405662005e+00 3.020579662834341761e+00
1.063662441713779216e+00 7.492403958913745887e-02
-5.504941747667357888e+00 4.495637976422526094e+01
-5.311278514533984918e+00 3.988173267050918014e+01
-4.827168474782076224e+00 3.242842974485990482e+01
-3.809778678160982146e+00 7.514023545251292013e+00
-3.955828928584652182e+00 9.753288261510295598e+00
-3.010628543857288619e+00 1.943785346452928886e+00
-5.472439872669402128e+00 4.400000308831921814e+01
-4.876892578428618563e+00 3.370347364146274316e+01
-1.002599833833092591e+00 2.258618062483159494e-01
-5.197609703954000793e+00 3.838787066615318366e+01
-4.307003816134632679e+00 1.773320439968797757e+01
-2.865850460808928801e+00 1.452519451833173658e+00
-4.444861511795913600e+00 2.174807511743478727e+01
3.917166048919884513e+00 2.738632645836703086e-02
-3.348802194126765386e+00 3.310829272813447410e+00
-5.526770097148022920e+00 4.576727587159427912e+01
-4.463765653033179071e+00 2.240817786004367562e+01
1.985068456840924478e+00 4.787148243700698608e-02
-3.680051399686464553e+00 6.033300528965835241e+00
-4.624980101978771962e+00 2.700867134490231436e+01
-1.306935541918892718e-01 1.235269135626321513e-01
-2.114672600053752571e+00 6.074125567329912156e-01
-4.836416239630253466e-01 1.654548685267179520e-01
-3.841627236649062471e+00 7.948438862729259924e+00
-5.406303096675628694e+00 4.122228242127007292e+01
-1.910559567558756389e-01 1.337775713290624280e-01
4.735142376946860909e-01 9.463918908043664202e-02
-4.924971400140524480e+00 3.455373323644809602e+01
-5.517925875756725773e+00 4.496511631558004751e+01
2.724661221182719473e+00 3.733198510315930557e-02
-2.036007534934326291e+00 5.560288553192251904e-01
-3.759084684883225336e+00 6.936522413991294655e+00
-3.785431925070691150e+00 7.054993842569064810e+00
-4.636067042284842010e+00 2.737174779875130781e+01
-3.830786642257917318e+00 7.786456671139465158e+00
-4.026556457846459658e+00 1.114172180261148526e+01
-2.095607459423797447e+00 6.016420100777212232e-01
-2.951354190192873705e+00 1.795703769209345158e+00
-3.589094041869003604e+00 5.014952854685052586e+00
-5.321690143351139213e+00 3.988210559269778344e+01
-5.537112569928035022e+00 4.758958844327614202e+01
-4.892633328720996211e+00 3.374989332400463127e+01
8.927783685225686439e-01 7.596462643308408980e-02
-4.702897708925169340e+00 2.947441804023618417e+01
-5.439518672145664091e+00 4.268892220658435122e+01
-2.162744597401269786e+00 6.503273436071267399e-01
-4.186621800150054362e+00 1.440285537820278705e+01
-1.695975966986917438e+00 3.965388949115529749e-01
6.267146364645628243e-01 9.379626937713742008e-02
-1.372212166036328673e+00 3.033021760363551200e-01
-5.557814719719320173e+00 5.730918675550582009e+01
-7.991864006084978822e-01 2.027076692119945955e-01
-1.559467547351126804e+00 3.537041898242581084e-01
-1.863316012643125630e+00 4.736187095503111566e-01
4.788687481518744349e+00 1.863979632969461897e-02
-3.936950467144109123e+00 9.542921925327618737e+00
-3.923009216059819337e+00 9.185215733480909250e+00
-1.690315872342617487e+00 3.965300263862163721e-01
1.501098455480103011e+00 6.529155430751429345e-02
-1.138712009507167666e+00 2.517682342347157265e-01
-2.867116108973249311e+00 1.500355086657017889e+00
-5.557739010588772288e+00 5.709162072710417135e+01
-1.601376800586528537e+00 3.679023635518960944e-01
-3.117481144917969349e+00 2.226443267953161609e+00
-4.860906766009156499e+00 3.318851194778987690e+01
-5.540118534746422796e+00 4.824793790279770889e+01
-4.193878856943333844e+00 1.457064902815011820e+01
-4.992123265619136774e+00 3.588549196591985435e+01
-4.561650759977561975e+00 2.498202894157751075e+01
4.012855872571964966e+00 2.701540192538888496e-02
3.967267872181172272e+00 2.730291123036704057e-02
-4.870337039510348021e+00 3.333216791897221754e+01
-4.321238436001581640e+00 1.830386645318375116e+01
-4.779109749488437586e+00 3.124682769169726626e+01
2.129651127624965667e+00 4.688242329116476537e-02
-5.251210566710992289e+00 3.902599333336242893e+01
-4.393233841024567710e+00 2.024537574919774130e+01
-4.387091702762467627e+00 2.006478368232984621e+01
-4.430460390101542245e+00 2.115719006516285106e+01
-1.027879611638456092e+00 2.382307255357676568e-01
-1.138712009507167666e+00 2.517682342347157265e-01
8.518312968915604522e-01 8.398617610521882937e-02
-4.441416009281579313e+00 2.151739125095216210e+01
-5.560069993222309215e+00 5.826773583183516791e+01
-4.236092790422928411e-01 1.551936897795579973e-01
-4.299368375115236063e+00 1.751812078927214600e+01
-1.607428850920660901e+00 3.679591289342645788e-01
-3.836420643904630445e+00 7.869922899816526041e+00
-4.357107518895250386e+00 1.907956941701763043e+01
-4.549504453249628710e+00 2.451640879373423587e+01
-5.410922526759360807e+00 4.147172239732634580e+01
-4.386310674965378631e+00 2.006379685089076048e+01
-5.377423573698694170e+00 4.035121165994682713e+01
-4.518737511370933824e+00 2.371112760127920893e+01
-4.436357666970351055e+00 2.133778153010023004e+01
-4.430460390101542245e+00 2.115719006516285106e+01
-4.330955026055539392e+00 1.855438474518037850e+01
-2.905641071827406385e+00 1.646253582695863082e+00
-4.619619216963836372e+00 2.675083061630502002e+01
2.583339035495487490e+00 3.820345355341488863e-02
-3.985871900698199966e+00 1.044174224924442029e+01
1.082029708267650214e+00 7.480646620268725788e-02
-4.970540148400353964e+00 3.519306040637684418e+01
-4.964899535059837277e+00 3.501304960525821741e+01
-4.357604731558610833e-01 1.552678974742843498e-01
2.676987059902205424e+00 3.755255102987887367e-02
-5.460341174079132998e+00 4.362334204323670406e+01
-4.117261387007861373e+00 1.275098874188313758e+01
2.724661221182719473e+00 3.733198510315930557e-02
2.010848722172339453e+00 4.778138879818673995e-02
1.025131096308300238e+00 7.511368923479111448e-02
-4.436357666970351055e+00 2.133778153010023004e+01
7.451626797355367371e-01 8.466049900034383624e-02
-3.971770718312583437e+00 1.025249605546597564e+01
-4.647892317645100135e+00 2.778086682619984416e+01
-5.105237000782871348e+00 3.685211006626717278e+01
-1.831309461411484873e+00 4.593431915238667118e-01
2.170127923511167456e+00 4.673995212936558202e-02
-1.918094190737849924e+00 4.946954498218715246e-01
-3.243990993153853974e+00 2.751249229957511311e+00
-4.193878856943333844e+00 1.457064902815011820e+01
-5.349515735514765780e+00 3.994736100036740112e+01
1.233147759505281771e+00 6.641148096733956452e-02
-4.353234143341350837e+00 1.889898394555194017e+01
-4.533515308076269790e+00 2.401835881655251015e+01
-4.412930531843669790e+00 2.096132928411920204e+01
-3.923009216059819337e+00 9.185215733480909250e+00
1.825257683644686102e+00 5.570662514463968484e-02
-4.482992745352697206e+00 2.308470175812933434e+01
-5.498571956705933239e+00 4.435576841817469784e+01
1.442815690600223411e+00 6.552579638084210512e-02
3.967267872181172272e+00 2.730291123036704057e-02
1.737512676591164595e+00 5.604378878343989345e-02
-2.408702743382295175e+00 8.266239929485976745e-01
-5.352985671039890647e+00 3.994748512446579980e+01
-2.940307091991318345e+00 1.678182071550188503e+00
-2.662032654194562031e+00 1.124478622223520130e+00
-4.887051422124644162e-01 1.655289107320252473e-01
5.270460617593975883e+00 1.782347977837890618e-02
-5.460341174079132998e+00 4.362334204323670406e+01
-4.857350916559775911e+00 3.312208125437561534e+01
-1.433599974905585883e+00 3.269626242168115482e-01
-5.225747326741180032e+00 3.872863214297395018e+01
-4.307003816134632679e+00 1.773320439968797757e+01
-1.879405128492959154e+00 4.778473076159727162e-01
-4.559742344972221417e+00 2.498202511152756244e+01
-5.495376398777657379e+00 4.417427081985375281e+01
-1.761007690677878434e+00 4.253608742332827819e-01
-1.392668768200096885e+00 3.129741690254427278e-01
1.233147759505281771e+00 6.641148096733956452e-02
1.189113662460122178e+00 6.662898373842858490e-02
-4.407916005523239811e+00 2.084570438012990223e+01
1.189113662460122178e+00 6.662898373842858490e-02
-4.112846244151019626e+00 1.272718759304926905e+01
-2.229952395380973229e+00 6.775473567754093374e-01
-5.251791876795743441e+00 3.920751715361547696e+01
-4.863992662245904874e+00 3.330909678404439944e+01
-3.301160983365829971e+00 3.063963049648687154e+00
-4.330955026055539392e+00 1.855438474518037850e+01
-3.759084684883225336e+00 6.936522413991294655e+00
-3.936950467144109123e+00 9.542921925327618737e+00
-8.705174104555182257e-01 2.041353746532344471e-01
-4.699882218292462888e+00 2.936254476980074202e+01
-1.905573103056578121e+00 4.830062729167450275e-01
-4.556418425446556064e+00 2.481601254090956132e+01
-9.419500450441604666e-01 2.146084896123397479e-01
-4.613161138914728454e+00 2.652324387170342490e+01
-4.260925722013394257e+00 1.644272260797888663e+01
-4.260925722013394257e+00 1.644272260797888663e+01
-4.653565462318836943e+00 2.788610120122770653e+01
-4.180459061848138091e+00 1.440258069154093690e+01
-1.248170458573378688e-01 1.234841669671473408e-01
-8.648049806079578516e-01 2.041283875176864993e-01
-1.552268954172824067e+00 3.536513069990986358e-01
